1383.1      507.45395      257.44855      54.838711      3.6667518       49.97732
1383.2      507.82106      257.51725      54.793579      3.6749172      50.010381
1383.3      508.18899      257.58978      54.714487       3.683064      49.981221
1383.4      508.55763       257.6746       54.65881      3.6911941       49.98236
1383.5      508.92721      257.73273      54.585599      3.6993064      50.014812
1383.6      509.29751      257.79925      54.522654      3.7074004      49.991312
1383.7      509.66869      257.85093      54.460892      3.7154771      50.006233
1383.8      510.04063        257.939      54.394824      3.7235361      49.996776
1383.9       510.4134        258.002      54.333067      3.7315775      50.005115
  1384      510.78697      258.07044      54.269938      3.7396013       49.98725
1384.1      511.16132      258.14259       54.20008      3.7476069      49.986684
1384.2      511.53647      258.19345      54.141233      3.7555951      50.002537
1384.3      511.91244       258.2757      54.075416      3.7635659      50.015351
1384.4      512.28918       258.3225      54.025746      3.7715189      49.968733
1384.5      512.66671       258.3951      53.958493      3.7794547      49.983237
1384.6      513.04507      258.47004      53.882146      3.7873726      49.996623
1384.7      513.42421      258.52546      53.817237       3.795273      49.989459
1384.8      513.80413      258.58301       53.74553      3.8031554      49.968513
1384.9      514.18485      258.66279      53.697474      3.8110212      49.982729
  1385      514.56634      258.72637      53.638778      3.8188686      49.996919
1385.1      514.94865      258.77688       53.56235       3.826699      50.003517
1385.2      515.33167      258.83762      53.500124      3.8345116      50.045391
1385.3      515.71545      258.90476      53.443427      3.8423069      49.987017
1385.4      516.10012      258.97074       53.37488      3.8500844      50.003522
1385.5      516.48552      259.04075      53.322848      3.8578454      50.012441
1385.6      516.87168      259.09211      53.253167      3.8655881      50.029749
1385.7      517.25864      259.15523      53.196474      3.8733137      49.991141
1385.8      517.64635      259.21831      53.112352      3.8810217       49.99179
1385.9      518.03484      259.27784      53.064227      3.8887126      50.008565
  1386      518.42412      259.34607      53.004392      3.8963863       49.99266
1386.1      518.81412      259.39168      52.932263      3.9040427      49.977538
1386.2       519.2049      259.45787      52.870872      3.9116809      50.007156
1386.3      519.59645      259.52007      52.811769      3.9193027      49.991686
1386.4      519.98877      259.58415      52.740545       3.926907       49.97064
1386.5      520.38183       259.6448      52.691048      3.9344942      50.017621
1386.6      520.77569      259.70622      52.623642      3.9420636      50.004368
1386.7      521.17023      259.75519      52.561077       3.949616      49.992035
1386.8      521.56557      259.80976      52.505016      3.9571514      50.010103
1386.9      521.96169      259.88151      52.430056      3.9646704      49.999471
  1387      522.35854      259.94216      52.367115      3.9721705      50.030508
1387.1       522.7561      259.99964      52.307601      3.9796547      49.983815
1387.2      523.15443      260.05086      52.250405      3.9871215      49.978295
1387.3      523.55354      260.11384      52.185207      3.9945711      49.987328
1387.4      523.95337      260.16877      52.129428      4.0020035      50.013912
1387.5      524.35391      260.22063      52.068482      4.0094188       49.98731
1387.6      524.75527      260.27512      51.995414      4.0168175      49.983427
1387.7      525.15731      260.33876      51.935638      4.0241991      50.010169
1387.8      525.56007      260.39371      51.869657      4.0315635      49.993162
1387.9      525.96364      260.46024      51.812246       4.038911        49.9919
  1388      526.36787      260.51162      51.750317      4.0462411      49.995781
1388.1      526.77289      260.56626      51.685426      4.0535546      50.003906
1388.2      527.17858      260.61244      51.619463      4.0608513      50.033933
1388.3      527.58504      260.67446      51.566483      4.0681309      50.012956
1388.4      527.99225      260.73164      51.502547      4.0753941      49.994968
1388.5      528.40011      260.77809      51.441836      4.0826396      50.041533
1388.6      528.80875      260.84293      51.385307      4.0898693      50.028738
1388.7       529.2181      260.89543       51.32228      4.0970815      49.998871
1388.8      529.62816      260.94262      51.252545      4.1042771      50.003542
1388.9       530.0389      260.99569       51.20795      4.1114559      50.022198
  1389      530.45043       261.0479      51.126221       4.118618      49.994089
1389.1      530.86266      261.11341      51.071599      4.1257634      50.022899
1389.2      531.27561      261.15735      51.018627       4.132892      49.979981
1389.3      531.68923      261.20852      50.948903      4.1400042      49.985311
1389.4       532.1036      261.25573      50.902478      4.1470996      49.998868
1389.5      532.51867      261.31913      50.825327      4.1541781      50.002033
1389.6      532.93438      261.36506      50.766696      4.1612404       49.99995
1389.7      533.35094      261.42003      50.707514      4.1682861      49.988943
1389.8      533.76809      261.47078      50.661524      4.1753149      50.024505
1389.9      534.18601      261.52761      50.598388      4.1823271      50.015155
  1390      534.60458      261.57675      50.524741      4.1893236      50.005375
1390.1      535.02384      261.63493      50.468021      4.1963026      50.028824
1390.2      535.44378      261.67834      50.405707       4.203266      49.991664
1390.3       535.8645      261.72465      50.346174      4.2102124      50.018488
1390.4      536.28588      261.78992      50.290051      4.2171428      49.998885
1390.5      536.70794      261.82579      50.233338      4.2240568      50.002229
1390.6      537.13069      261.87133      50.168824      4.2309544      49.991835
1390.7      537.55411       261.9333      50.107993      4.2378355      50.062308
1390.8      537.97824      261.97874      50.040508      4.2447002      50.020625
1390.9      538.40308      262.03073      49.982455      4.2515489      50.007077
  1391      538.82853      262.07112      49.926848      4.2583807      50.006802
1391.1      539.25473      262.11141      49.869708      4.2651973       50.00921
1391.2      539.68158      262.18099       49.80784      4.2719968      49.956697
1391.3      540.10918      262.22371      49.753354      4.2787802      49.975935
1391.4      540.53734      262.27673      49.690562      4.2855479        50.0349
1391.5      540.96624      262.32654      49.630353      4.2922997      49.999641
1391.6       541.3958      262.37145      49.573459      4.2990347      49.994541
1391.7      541.82607      262.41418      49.515826       4.305754      49.992463
1391.8      542.25696        262.464      49.453828      4.3124568      50.003404
1391.9      542.68855      262.51248      49.392571      4.3191439      50.002696
  1392      543.12073      262.56625      49.341133       4.325815      49.962789
1392.1      543.55371      262.60503      49.266618      4.3324702      49.995821
1392.2      543.98728      262.66883      49.220353      4.3391094      50.014479
1392.3      544.42152      262.70062      49.159324      4.3457323      49.998142
1392.4      544.85642      262.75256      49.096802      4.3523402      49.961067
1392.5      545.29198       262.7961      49.035521      4.3589314      50.000998
1392.6      545.72821      262.84284      48.982912      4.3655073      50.009578
1392.7      546.16509      262.88499      48.924074       4.372067      50.034608
1392.8      546.60264      262.93337      48.861992      4.3786112      50.028556
1392.9       547.0408      262.97481      48.800801      4.3851393      50.019211
  1393      547.47966      263.02068       48.74358      4.3916518      49.997788
1393.1      547.91916      263.08145      48.692525      4.3981489       49.99433
1393.2      548.35924      263.11235      48.632103      4.4046297      50.027069
1393.3      548.80009      263.16649      48.568831      4.4110955      49.987167
1393.4       549.2415      263.20542      48.512121      4.4175452      50.019035
1393.5      549.68358      263.25125      48.456672      4.4239795       49.99588
1393.6      550.12632      263.28812      48.400812      4.4303982      50.028248
1393.7      550.56967      263.34252      48.340239      4.4368016      50.015568
1393.8      551.01366      263.37925      48.288158       4.443189      50.003324
1393.9      551.45828      263.42319      48.222803      4.4495608       50.02825
  1394      551.90354      263.47184      48.165818      4.4559177      50.016044
1394.1      552.34948      263.51456      48.113397      4.4622588      49.993282
1394.2      552.79602       263.5609      48.043419       4.468585      50.010763
1394.3      553.24321      263.60792       47.99321      4.4748953      49.994873
1394.4      553.69099      263.64776      47.935751      4.4811908      49.998484
1394.5      554.13946      263.68859      47.875282      4.4874705      49.997166
1394.6      554.58849      263.74034      47.815608      4.4937348      49.967687
1394.7      555.03815      263.77492      47.777856      4.4999839      50.010195
1394.8      555.48848      263.81319      47.700727      4.5062181      50.036586
1394.9      555.93943        263.864      47.650755       4.512437       50.00577
  1395        556.391      263.90566      47.591275      4.5186405      49.968501
1395.1      556.84317      263.95054       47.54818       4.524829      50.033188
1395.2      557.29594      263.98347      47.483783      4.5310021      49.995425
1395.3      557.74935      264.01901      47.420987      4.5371604       49.98149
1395.4      558.20341      264.06891      47.369977      4.5433035      50.030382
1395.5      558.65801      264.11294      47.311476      4.5494315      50.006229
1395.6       559.1133      264.13574      47.250698      4.5555446       49.97669
1395.7      559.56915      264.17497       47.19378      4.5616428      50.013158
1395.8       560.0256      264.23504      47.146476      4.5677259      50.004353
1395.9      560.48263      264.27376      47.070198      4.5737944      49.983485
  1396      560.94036      264.30562      47.026183      4.5798475      50.027701
1396.1      561.39862      264.35657      46.978293       4.585886      49.984792
1396.2      561.85754      264.39738      46.924434      4.5919098      50.006957
1396.3      562.31703      264.43422      46.859882      4.5979186      50.043246
1396.4       562.7771      264.48437      46.803156      4.6039123      50.019016
1396.5       563.2378      264.51065      46.744092      4.6098922      49.963987
1396.6      563.69912      264.54485      46.693256      4.6158567      50.012511
1396.7      564.16098      264.58535       46.63454      4.6218066      50.004878
1396.8      564.62345      264.63962      46.589518      4.6277417      50.008208
1396.9      565.08653      264.66749      46.521154       4.633662       50.01603
  1397      565.55019      264.71046      46.470598       4.639568      50.026099
1397.1      566.01441      264.75815      46.410652      4.6454597      50.013205
1397.2      566.47931      264.78044      46.354796      4.6513367      50.025557
1397.3      566.94472      264.82967       46.29228      4.6571987      50.008799
1397.4      567.41072       264.8725      46.252557      4.6630466      50.005103
1397.5      567.87734      264.90331      46.191041        4.66888      50.020843
1397.6      568.34451      264.94947       46.13557      4.6746992      49.994153
1397.7      568.81227      264.98287      46.078771      4.6805037      50.004306
1397.8      569.28058      265.01788      46.019356       4.686294      49.976364
1397.9      569.74951      265.05301      45.969269      4.6920693      49.977357
  1398      570.21901      265.09318      45.919078       4.697831      49.998701
1398.1      570.68907      265.12299      45.866606      4.7035786      49.989911
1398.2       571.1597      265.16478       45.80881      4.7093113      50.037551
1398.3      571.63097      265.20731       45.74721      4.7150302      49.988926
1398.4      572.10271      265.23977      45.706764      4.7207347      49.987753
1398.5      572.57507      265.27695      45.643362      4.7264255      49.986567
1398.6        573.048      265.32019      45.588399      4.7321011      49.997664
1398.7      573.52149      265.36557      45.531839      4.7377635      49.996805
1398.8      573.99561      265.39149      45.480559      4.7434118      49.995035
1398.9      574.47019      265.41843      45.416415      4.7490459       49.97768
  1399      574.94536      265.46163      45.364828      4.7546661      49.979096
1399.1      575.42112      265.49084      45.323552      4.7602722      49.971268
1399.2      575.89744      265.53199      45.266221      4.7658645      49.995448
1399.3      576.37429      265.56596      45.206772      4.7714422      49.998161
1399.4      576.85171      265.60508      45.157312      4.7770068      49.986636
1399.5      577.32971      265.64124      45.097479      4.7825573      50.033426
1399.6      577.80824       265.6844      45.039483      4.7880936      49.976598
1399.7      578.28732      265.70992      44.992756      4.7936164      50.020233
1399.8      578.76695      265.75063      44.934838      4.7991254      50.033087
1399.9      579.24715      265.78281      44.883396      4.8046209      49.993312
  1400      579.72791       265.8232      44.838204      4.8101022      50.014694
1400.1      580.20918      265.85023      44.776464      4.8155699       49.98796
1400.2      580.69098       265.8871      44.733163       4.821024      50.001544
1400.3      581.17337      265.92393      44.672186      4.8264649      49.963208
1400.4      581.65629      265.96396      44.628425      4.8318918      50.025782
1400.5      582.13977      265.98455      44.562404      4.8373052      50.002589
1400.6      582.62373      266.04389       44.51041      4.8427053      50.010167
1400.7      583.10828      266.05779      44.459812      4.8480912      50.009915
1400.8      583.59338      266.09348      44.410174      4.8534642      49.990985
1400.9        584.079      266.12986      44.354922       4.858824       49.98706
  1401      584.56514       266.1636      44.303143      4.8641698      49.992285
1401.1      585.05183      266.19148      44.247232      4.8695023      49.985039
1401.2      585.53904       266.2268      44.199583      4.8748212      50.002354
1401.3      586.02677      266.27072       44.14085      4.8801272      49.982446
1401.4      586.51503      266.29558      44.093084      4.8854202      49.986511
1401.5      587.00386      266.32789      44.033069      4.8906996      49.953578
1401.6       587.4932      266.36325      43.994334      4.8959654      50.027415
1401.7      587.98306      266.40095      43.931848      4.9012185      49.949932
1401.8      588.47347      266.43067      43.880831      4.9064581       49.99941
1401.9      588.96431      266.46585      43.831777      4.9116848      49.999247
  1402      589.45577      266.48522      43.776881      4.9168979      49.957681
1402.1      589.94772      266.52675      43.729731      4.9220985      49.992171
1402.2      590.44018      266.55972      43.690064      4.9272857      49.976217
1402.3      590.93319      266.59099      43.624319        4.93246      50.013384
1402.4      591.42669      266.62544      43.573423      4.9376212      49.980118
1402.5      591.92071      266.65488      43.529106      4.9427696       50.01847
1402.6      592.41523      266.68369      43.476765      4.9479048      49.992468
1402.7      592.91029      266.73297      43.424877      4.9530272      49.985212
1402.8      593.40586      266.75501      43.366731      4.9581366      50.008932
1402.9       593.9019      266.78322      43.311358      4.9632336      49.984427
  1403      594.39847      266.82254      43.258902      4.9683174        49.9619
1403.1      594.89558      266.85155      43.212436      4.9733882      50.006474
1403.2      595.39317      266.87807      43.172274      4.9784468      49.969245
1403.3      595.89126      266.91381      43.109704      4.9834923      49.968348
1403.4      596.38986       266.9401       43.06529      4.9885252      49.973243
1403.5      596.88901      266.98137      43.009631      4.9935453      49.998167
1403.6      597.38857      266.99502      42.960471      4.9985527      49.989238
1403.7      597.88866      267.03555      42.915856      5.0035477      49.968266
1403.8      598.38929      267.05717      42.854506      5.0085299      49.989859
1403.9      598.89037      267.08778      42.810748      5.0134997      49.984374
  1404      599.39199      267.13577      42.765143      5.0184572       49.97242
1404.1      599.89408      267.16332      42.714255      5.0234018       50.00102
1404.2      600.39665      267.19142      42.655012      5.0283341      50.025158
1404.3      600.89978      267.22099       42.60598      5.0332537       49.99682
1404.4      601.40331      267.25073      42.556342      5.0381613      49.990572
1404.5      601.90738      267.27524      42.510087      5.0430563      50.018851
1404.6      602.41192      267.30075      42.452893      5.0479393      50.008557
1404.7      602.91697      267.34217      42.403779      5.0528094      50.006727
1404.8      603.42249      267.37065      42.353387      5.0576677      49.951011
1404.9      603.92848      267.39929      42.302699      5.0625127      49.975476
  1405      604.43499      267.42987      42.253305       5.067347      49.978979
1405.1      604.94201      267.45627      42.202391      5.0721679      50.032136
1405.2      605.44945      267.48671      42.168114      5.0769772      49.970756
1405.3      605.95737      267.52371      42.110256      5.0817739      50.012323
1405.4      606.46581      267.55274      42.057855      5.0865589      49.962418
1405.5      606.97468      267.57153       42.01707      5.0913321      50.011258
1405.6      607.48405      267.60933      41.950043      5.0960928      49.984307
1405.7      607.99391      267.64285      41.905507      5.1008418      50.020122
1405.8      608.50425      267.67008      41.860438      5.1055781      50.024062
1405.9      609.01502      267.68891      41.803833      5.1103029      50.001018
  1406      609.52628      267.71749      41.763978      5.1150156       49.99577
1406.1      610.03797      267.76238      41.713539      5.1197171      50.032024
1406.2      610.55021      267.77846       41.66703      5.1244056      49.988564
1406.3      611.06288      267.80984      41.619422      5.1290832      50.007653
1406.4      611.57605      267.83382      41.565933       5.133748      49.997296
1406.5      612.08967      267.86295      41.515287      5.1384018      49.990095
1406.6      612.60374      267.88889      41.467436      5.1430435      50.029568
1406.7      613.11824      267.92056      41.419899      5.1476734      50.002356
1406.8      613.63326      267.93529      41.367984      5.1522916      50.017593
1406.9      614.14874      267.97193      41.326875      5.1568987      49.995955
  1407      614.66465      268.00183      41.286391      5.1614938      50.009936
1407.1      615.18102      268.03934       41.22515      5.1660767      50.010807
1407.2      615.69782      268.05847       41.17561      5.1706485      49.983457
1407.3      616.21516      268.08206      41.129624      5.1752089      50.004441
1407.4      616.73289      268.11281      41.089305      5.1797568      50.007098
1407.5      617.25109      268.14415       41.04353      5.1842948      49.994609
1407.6      617.76977      268.17086        40.9871      5.1888204      49.998548
1407.7      618.28886       268.1949      40.931855      5.1933342      50.036039
1407.8      618.80842      268.21972      40.887965      5.1978373      49.998644
1407.9      619.32843      268.25596      40.847547      5.2023286      50.000829
  1408      619.84889      268.27703      40.786039      5.2068084      49.993274
1408.1       620.3698      268.29485      40.742911       5.211277      50.008335
1408.2      620.89114      268.32178      40.704379      5.2157345      49.969404
1408.3      621.41293      268.35412      40.657778      5.2201808      50.024729
1408.4      621.93519      268.39094      40.595648      5.2246155      49.986708
1408.5      622.45787      268.41489      40.558566      5.2290387      50.005267
1408.6      622.98097      268.43559      40.514877      5.2334518       50.01348
1408.7      623.50455      268.44874      40.457518      5.2378527       50.01274
1408.8      624.02856      268.49181      40.412729      5.2422427      49.954538
1408.9      624.55299      268.51143      40.363293      5.2466214      49.995696
  1409      625.07788      268.53767      40.328046      5.2509894      49.964149
1409.1      625.60318      268.56719      40.280157      5.2553458      50.007292
1409.2      626.12894      268.59103      40.232534       5.259692      50.012295
1409.3      626.65515      268.61283      40.180502      5.2640268      50.031204
1409.4      627.18173      268.64778      40.129693      5.2683501      50.005279
1409.5       627.7088      268.65904       40.08291      5.2726632      50.003954
1409.6      628.23629      268.69978      40.037898      5.2769652       50.02479
1409.7      628.76419      268.72541      39.995431       5.281256      49.978891
1409.8      629.29249      268.73519      39.938256      5.2855362      50.001539
1409.9      629.82131      268.77657      39.905318      5.2898058      50.001417
  1410      630.35047      268.78771      39.850409      5.2940635      49.977461
1410.1      630.88011      268.81611      39.807986      5.2983121      49.987323
1410.2      631.41012      268.85838      39.762635      5.3025489      49.981505
1410.3      631.94065       268.8747      39.717558      5.3067749      49.994136
1410.4      632.47149      268.89625      39.675651      5.3109906      50.002554
1410.5      633.00282      268.92851      39.627077      5.3151952      49.992295
1410.6      633.53453      268.94225       39.57731      5.3193895      49.976985
1410.7       634.0667      268.97718      39.530678      5.3235736       49.98762
1410.8      634.59927      268.99501      39.480741      5.3277463      50.000609
1410.9       635.1323      269.02488      39.433077      5.3319085      49.991906
  1411      635.66565      269.05052      39.395653      5.3360601       50.02132
1411.1      636.19946      269.08226      39.344688       5.340202       49.99961
1411.2      636.73371      269.09273      39.302857      5.3443329      49.987026
1411.3      637.26832      269.11866      39.243891      5.3484533      49.984582
1411.4      637.80339      269.14458      39.207179      5.3525635       50.01717
1411.5      638.33884      269.16757      39.161298       5.356663      49.975118
1411.6      638.87473      269.19689      39.116689      5.3607524      50.020245
1411.7      639.41099      269.21592      39.073924      5.3648311      50.009143
1411.8       639.9477      269.23927      39.031353      5.3688997       49.99373
1411.9      640.48477      269.26839      38.985449      5.3729578      49.963989
  1412      641.02226      269.28244      38.926325       5.377006      49.998436
1412.1      641.56015      269.31245      38.895489      5.3810434      49.993273
1412.2      642.09849      269.33108      38.840982      5.3850711      49.995059
1412.3      642.63717      269.35286      38.814417      5.3890885      50.005505
1412.4      643.17631      269.38654      38.752991      5.3930956      49.994565
1412.5      643.71583      269.39922         38.729      5.3970927      49.985519
1412.6      644.25569      269.43261      38.673304      5.4010799       50.03412
1412.7      644.79605      269.45068       38.63366      5.4050567       50.01624
1412.8      645.33669      269.47531      38.589109      5.4090239      50.024428
1412.9      645.87783       269.5053      38.531804      5.4129802      50.000577
  1413      646.41933      269.51957       38.49504       5.416927      49.994402
1413.1      646.96122      269.53961      38.439417      5.4208639      49.986441
1413.2      647.50351      269.56891      38.402988      5.4247908      50.002931
1413.3      648.04617      269.58801      38.362933      5.4287076      49.982007
1413.4      648.58925      269.60291      38.309316      5.4326145      49.997184
1413.5       649.1327      269.63219      38.271542      5.4365117      49.997171
1413.6      649.67654      269.66564      38.227383      5.4403991      49.979202
1413.7       650.2208      269.67973      38.186274      5.4442764      50.031459
1413.8      650.76541      269.71046      38.143039      5.4481441      49.986253
1413.9      651.31039      269.72795      38.089703       5.452002       50.01623
  1414      651.85576      269.75817      38.056147      5.4558504       49.94706
1414.1      652.40158      269.76697      38.018573      5.4596887      49.997094
1414.2      652.94769      269.79186      37.973681      5.4635176        50.0008
1414.3      653.49432       269.8081      37.912017      5.4673367      50.009105
1414.4      654.04121       269.8362      37.871938      5.4711461      50.001391
1414.5      654.58851      269.85691       37.84253      5.4749458      49.985919
1414.6      655.13619        269.886      37.800888      5.4787362      49.974352
1414.7      655.68427      269.90512      37.748337      5.4825166      49.985766
1414.8      656.23271      269.93134      37.703094      5.4862877      49.997772
1414.9      656.78149      269.94981      37.662749      5.4900496      50.016851
  1415      657.33069      269.98416      37.612636      5.4938015      49.989317
1415.1      657.88025      269.99029       37.57599      5.4975443      49.997987
1415.2      658.43021      270.01963      37.529087      5.5012777      49.967567
1415.3       658.9805      270.03424      37.491284      5.5050014      49.999769
1415.4      659.53119      270.06573      37.447968      5.5087157      50.038749
1415.5      660.08224      270.07477      37.405513      5.5124205      50.000468
1415.6       660.6337      270.10663       37.35627      5.5161162      50.011643
1415.7       661.1855      270.12317      37.308208      5.5198027      50.002132
1415.8      661.73768      270.14941      37.281158      5.5234801      49.968902
1415.9       662.2902      270.15937      37.221947      5.5271476       49.98045
  1416      662.84311      270.18515       37.18762      5.5308063      49.980182
1416.1      663.39634      270.19635      37.153602       5.534456       49.99992
1416.2      663.94997      270.22323      37.093505       5.538096      49.999417
1416.3      664.50397      270.25181      37.054789      5.5417268      49.999431
1416.4      665.05831      270.27489      37.022434      5.5453489      49.994847
1416.5      665.61304      270.29848      36.971498      5.5489615      49.961667
1416.6      666.16813      270.30519      36.927479      5.5525651      49.996664
1416.7      666.72357      270.32483      36.882194      5.5561596      50.005588
1416.8      667.27937      270.34142      36.848757       5.559745      50.041725
1416.9      667.83551      270.38337      36.810641      5.5633217      49.993639
  1417      668.39199      270.39879      36.770066      5.5668892      49.994998
1417.1      668.94887       270.4065      36.726742      5.5704479      49.976056
1417.2       669.5061      270.43107      36.688782      5.5739979      49.984863
1417.3      670.06366      270.47375      36.643644       5.577538      50.029882
1417.4       670.6216      270.47759      36.597069      5.5810697      49.993356
1417.5      671.17993      270.51057      36.554542      5.5845927      49.972668
1417.6      671.73857      270.51363      36.511179      5.5881069      50.032269
1417.7      672.29751      270.54085      36.472248      5.5916119      50.012712
1417.8      672.85687      270.55704      36.436855      5.5951085      50.016392
1417.9      673.41656      270.59259      36.389841      5.5985959      50.005251
  1418      673.97657      270.60291      36.345216      5.6020746      49.989958
1418.1      674.53697      270.61523      36.309536      5.6055451      50.024174
1418.2      675.09771      270.64627      36.273961      5.6090064      50.010168
1418.3      675.65876      270.65895      36.217486      5.6124589      49.953094
1418.4      676.22019       270.6861      36.178916       5.615903       50.00147
1418.5      676.78197      270.69099      36.144118      5.6193385      49.981118
1418.6      677.34403      270.71579      36.093182      5.6227655      50.000492
1418.7      677.90652      270.73536      36.057561      5.6261835      50.034516
1418.8      678.46932      270.76327      36.028354      5.6295931      49.974552
1418.9      679.03244      270.78138      35.981458      5.6329945      49.975967
  1419      679.59587      270.80349      35.940516      5.6363868      50.004948
1419.1      680.15971      270.82302      35.906965      5.6397709      50.014109
1419.2      680.72381      270.84017      35.853074      5.6431465      49.992405
1419.3      681.28832      270.86123       35.81778       5.646514      49.978788
1419.4      681.85317       270.8822      35.787329      5.6498726      49.992412
1419.5      682.41831       270.8989       35.73761      5.6532228      49.966444
1419.6      682.98377      270.91377      35.704957      5.6565644      49.990718
1419.7      683.54963      270.93604      35.660362      5.6598978      50.008677
1419.8      684.11575      270.95951      35.606863      5.6632233      50.013898
1419.9      684.68225      270.97645      35.575253      5.6665403      49.998446
  1420      685.24908      270.98774      35.538732      5.6698489      50.010408
1420.1      685.81624      270.99969      35.495661      5.6731492      49.990461
1420.2       686.3837      271.02917      35.454974       5.676441      49.977625
1420.3       686.9515      271.05206      35.416238      5.6797252       50.01225
1420.4      687.51962      271.06596      35.382563      5.6830008      50.009724
1420.5      688.08812      271.08724      35.325661       5.686268      49.997422
1420.6      688.65687      271.09623      35.300813      5.6895273      49.987717
1420.7      689.22598      271.11678      35.258818      5.6927785      50.036315
1420.8      689.79545      271.15112      35.223979      5.6960213      50.010076
1420.9      690.36521      271.15828      35.170916      5.6992562      50.010759
  1421      690.93528      271.17237      35.139783      5.7024831      49.958171
1421.1      691.50574      271.19952       35.11413      5.7057018      49.996774
1421.2      692.07643      271.22207      35.062378      5.7089125      50.002145
1421.3      692.64746      271.22815      35.016572      5.7121157      49.982527
1421.4      693.21887      271.25733      34.984925      5.7153103      50.001541
1421.5      693.79055      271.27666      34.937362      5.7184972      49.959691
1421.6      694.36258      271.29102      34.890926       5.721676      50.013954
1421.7      694.93489       271.3177      34.855408      5.7248469       49.98538
1421.8      695.50754      271.33424      34.818245      5.7280097      50.018368
1421.9       696.0805       271.3411      34.783191      5.7311651      49.985539
  1422      696.65375      271.36868       34.74119      5.7343125      50.031932
1422.1      697.22735      271.39306      34.704242      5.7374517      50.000917
1422.2      697.80123      271.39678      34.657714      5.7405838      49.990319
1422.3      698.37547      271.41861      34.620862      5.7437073      50.001828
1422.4      698.95001      271.43079      34.594868      5.7468233      50.021613
1422.5      699.52485      271.44418      34.542679      5.7499316      49.979151
1422.6          700.1      271.47011        34.5147      5.7530323      50.003958
1422.7      700.67543      271.48657       34.45869      5.7561255      49.992607
1422.8      701.25118      271.50756       34.43661      5.7592103      50.031992
1422.9      701.82726      271.52956      34.404279       5.762288      50.023959
  1423      702.40363      271.53933      34.357936      5.7653582      49.989379
1423.1      702.98034      271.56386      34.315967      5.7684201      50.014052
1423.2      703.55735       271.5763      34.277876      5.7714747      49.991101
1423.3      704.13465      271.59717       34.24421      5.7745221      50.029394
1423.4      704.71228      271.60527      34.199957      5.7775615      49.981662
1423.5      705.29016      271.62831      34.168395      5.7805933      49.991679
1423.6      705.86838        271.643      34.129979       5.783618      50.026176
1423.7      706.44693       271.6729      34.089693       5.786635      50.013645
1423.8      707.02571      271.67294      34.048897      5.7896442      50.006965
1423.9       707.6048      271.69204      34.011765      5.7926464      49.982917
  1424      708.18423      271.71352      33.977175       5.795641      49.976683
1424.1      708.76393      271.73317      33.938666      5.7986286      50.008177
1424.2      709.34395      271.74309      33.895065      5.8016082      50.015069
1424.3      709.92424        271.769      33.868377      5.8045805      49.996215
1424.4       710.5049      271.78289      33.825503      5.8075457      50.011203
1424.5      711.08578      271.79973      33.799409      5.8105037      50.015135
1424.6      711.66697       271.8079      33.765757       5.813454      49.999381
1424.7       712.2485      271.82535      33.717243      5.8163972      50.027675
1424.8      712.83024      271.84382      33.667003      5.8193327      50.023502
1424.9      713.41233      271.86554      33.637125      5.8222614      50.022161
  1425      713.99468      271.87958      33.591972      5.8251831      50.025709
1425.1      714.57735      271.90213      33.563756       5.828097      49.999733
1425.2      715.16029      271.92101       33.53437      5.8310036      49.971483
1425.3      715.74358      271.93206      33.478409      5.8339038      49.996163
1425.4      716.32709      271.94298      33.447491      5.8367962      50.018628
1425.5      716.91092      271.97735       33.40946      5.8396817      49.960692
1425.6      717.49505      271.99259      33.375034      5.8425601      49.978657
1425.7      718.07945      272.00493      33.337363      5.8454317      49.993896
1425.8      718.66416      272.00425      33.302592      5.8482952      49.994733
1425.9      719.24911      272.03194      33.276999      5.8511526      50.020393
  1426      719.83439      272.05225      33.233125      5.8540027      50.014775
1426.1       720.4199      272.06805      33.202682      5.8568457      50.019822
1426.2      721.00573      272.08082       33.15336      5.8596818       50.00411
1426.3      721.59184      272.09371      33.124823       5.862511      50.036714
1426.4      722.17821      272.12037      33.087186      5.8653327      49.999271
1426.5      722.76487      272.13193      33.044657      5.8681483      50.006221
1426.6      723.35188      272.14292      33.012883      5.8709563      50.024799
1426.7      723.93906      272.16661      32.978143       5.873758      50.004401
1426.8      724.52661      272.18043      32.941226      5.8765523      50.015693
1426.9      725.11442      272.20683      32.891928      5.8793399      49.986748
  1427       725.7025      272.21973      32.871282      5.8821211      50.009297
1427.1      726.29085      272.22309      32.832043       5.884895      49.987049
1427.2      726.87951      272.24908      32.790729      5.8876618       50.00664
1427.3      727.46835      272.26165      32.754049      5.8904222      50.001506
1427.4      728.05754      272.26699      32.717317      5.8931758      49.984042
1427.5        728.647      272.29067      32.684826      5.8959225      49.998851
1427.6      729.23674      272.30321      32.644855      5.8986628      49.995554
1427.7      729.82671      272.31818      32.610839      5.9013961      50.000063
1427.8      730.41702      272.34181      32.574955      5.9041226      49.920404
1427.9      731.00756      272.34715        32.5375      5.9068427      49.998081
  1428      731.59838      272.36337      32.505767       5.909556      50.028304
1428.1      732.18948      272.38206      32.480417      5.9122625      50.007908
1428.2      732.78081      272.39879       32.44036      5.9149626      49.972496
1428.3      733.37245      272.40891      32.398166       5.917656      49.999497
1428.4      733.96436      272.43504      32.358145      5.9203431      50.015459
1428.5      734.55651      272.43758      32.329366      5.9230233      50.022075
1428.6      735.14895      272.46125      32.286982       5.925697      49.968793
1428.7      735.74167      272.46534      32.253612      5.9283643      49.995317
1428.8      736.33464       272.4824      32.228323      5.9310245      50.008554
1428.9      736.92789      272.50202      32.180819      5.9336794      49.993625
  1429      737.52139      272.53497      32.151654      5.9363267      50.006562
1429.1      738.11515      272.52786      32.125482      5.9389685      50.025156
1429.2      738.70917      272.55188      32.079659      5.9416031      49.998906
1429.3      739.30344      272.58052      32.045122      5.9442315      49.999359
1429.4      739.89803      272.59447      32.000427      5.9468536      50.000414
1429.5      740.49284      272.59695        31.9796      5.9494688      49.990523
1429.6      741.08791      272.61878      31.926635      5.9520781      49.998225
1429.7      741.68326      272.62581      31.904417      5.9546807      50.015249
1429.8      742.27883      272.64209      31.873847      5.9572778      49.983766
1429.9      742.87471      272.65493      31.832947      5.9598678      50.018828
  1430      743.47081      272.67533      31.797924      5.9624518      50.017815
1430.1      744.06718      272.68557      31.760705      5.9650296      50.000092
1430.2      744.66382      272.70105      31.726506      5.9676007      49.987024
1430.3      745.26067      272.72549      31.703103       5.970166      50.035562
1430.4      745.85783      272.74337      31.663354      5.9727249      49.979948
1430.5      746.45529      272.74421      31.621057      5.9752774      49.986928
1430.6      747.05289       272.7663      31.591771      5.9778235      50.009776
1430.7      747.65081       272.7754      31.550807      5.9803641      49.999895
1430.8      748.24895      272.79834      31.530859      5.9828984      50.014739
1430.9      748.84742      272.79441      31.486857      5.9854262      49.982898
  1431      749.44608      272.81956      31.456313       5.987948      50.042333
1431.1      750.04498      272.83898      31.419996      5.9904639      50.008174
1431.2      750.64415      272.84603      31.379514      5.9929735      50.033555
1431.3      751.24358      272.86299      31.350091       5.995477      50.004493
1431.4      751.84329      272.87853      31.323704      5.9979747      49.998489
1431.5      752.44318      272.88227      31.275911      6.0004662      50.005334
1431.6      753.04335      272.89508      31.249128      6.0029515      50.015198
1431.7       753.6438      272.92295      31.220387      6.0054308       50.00938
1431.8      754.24442      272.92592      31.177102       6.007904       50.01179
1431.9      754.84533        272.947      31.144689      6.0103718      49.992303
  1432       755.4465      272.96227      31.110236      6.0128329      50.001637
1432.1      756.04793      272.98481      31.076183      6.0152883      50.002399
1432.2      756.64959      272.98835      31.048241      6.0177385      50.003139
1432.3      757.25143      273.01331      31.019463      6.0201818      49.988934
1432.4      757.85358       273.0232      30.983207      6.0226195        50.0274
1432.5      758.45598      273.02945      30.946723      6.0250513      50.020872
1432.6      759.05861      273.05559      30.905578      6.0274775        49.9914
1432.7      759.66153      273.06186      30.882847      6.0298974      50.010426
1432.8      760.26465      273.06893      30.848223       6.032312      49.970719
1432.9      760.86793      273.09155      30.810049      6.0347205      50.012218
  1433      761.47148      273.09905      30.773893      6.0371232       49.99827
1433.1      762.07539      273.11616      30.738529      6.0395201      49.986824
1433.2      762.67944      273.13134      30.707059      6.0419114       49.98956
1433.3      763.28373      273.13692       30.67219      6.0442969       49.99182
1433.4      763.88831      273.15316      30.642443      6.0466763      50.024583
1433.5      764.49312      273.17448      30.612124      6.0490505      50.012575
1433.6      765.09811      273.19361      30.564149       6.051419      49.989559
1433.7      765.70339       273.2061      30.551974      6.0537815      49.982752
1433.8      766.30883      273.20949      30.511144      6.0561383      50.031262
1433.9       766.9146      273.23537      30.469956      6.0584898       50.00313
  1434      767.52057      273.23244      30.442628      6.0608352      49.995839
1434.1      768.12674      273.25407      30.418401      6.0631748      49.979002
1434.2      768.73317      273.26742      30.382102      6.0655096      49.998838
1434.3      769.33986      273.27261      30.350423       6.067838      49.971452
1434.4      769.94677      273.28755      30.304117      6.0701616      49.970147
1434.5      770.55387      273.31215      30.282921      6.0724789      50.008372
1434.6      771.16128      273.31677      30.249335      6.0747908      49.982831
1434.7      771.76884      273.33218       30.20707      6.0770975      49.992203
1434.8       772.3767      273.34698      30.185492      6.0793987      50.015783
1434.9      772.98472      273.34888      30.140284      6.0816943       49.97439
  1435      773.59303      273.37463      30.113532      6.0839841      50.006394
1435.1      774.20152      273.37918      30.087235      6.0862686      50.036369
1435.2      774.81031      273.41128      30.050639      6.0885476      50.004735
1435.3      775.41927      273.40393      30.020885      6.0908209      49.959682
1435.4      776.02847       273.4253       29.98571      6.0930896      50.014579
1435.5      776.63784      273.44282      29.948755      6.0953522      49.998297
1435.6      777.24751      273.44843      29.924873        6.09761      50.020632
1435.7      777.85738      273.46994      29.878447      6.0998617      50.006242
1435.8      778.46751      273.48937      29.859837      6.1021086       49.97674
1435.9      779.07781      273.50236      29.830936      6.1043494      50.032638
  1436      779.68833      273.51197      29.797285      6.1065858      49.985359
1436.1      780.29911      273.51393      29.770015      6.1088164      49.987261
1436.2       780.9101      273.52937      29.732908      6.1110413      49.990701
1436.3      781.52134      273.54506      29.709322      6.1132618      49.997453
1436.4      782.13275       273.5559      29.664857      6.1154764      49.981556
1436.5      782.74441      273.57577      29.641307      6.1176859      49.973494
1436.6      783.35629      273.56813      29.600918      6.1198901      49.999962
1436.7       783.9684      273.59619      29.572732      6.1220891      50.002061
1436.8      784.58072       273.6093      29.545969      6.1242829      49.992318
1436.9      785.19327      273.62352       29.51206      6.1264714      50.005063
  1437      785.80604      273.63371      29.483877      6.1286553      49.999566
1437.1      786.41899      273.63801      29.447826      6.1308329      50.010933
