  4174      720.88546      260.41324      32.257446     -4.5172102      50.037085
4174.1      720.43399      260.45656       32.27311     -4.5124274        49.9939
4174.2      719.98297      260.50571      32.310822     -4.5076351      50.035358
4174.3      719.53245      260.55703      32.337377     -4.5028344      50.016857
4174.4      719.08242      260.59751      32.365762     -4.4980245      49.987972
4174.5      718.63285      260.65098      32.387353     -4.4932054      49.989076
4174.6      718.18376      260.70292      32.412012     -4.4883772      49.999288
4174.7      717.73518      260.74553      32.440728     -4.4835399      49.992899
4174.8      717.28708      260.78994      32.471328     -4.4786931      50.017649
4174.9      716.83942       260.8381      32.494817      -4.473837      50.026521
  4175      716.39227      260.90047      32.534381     -4.4689728      50.021495
4175.1      715.94562      260.94415      32.552458      -4.464099      50.000803
4175.2      715.49948       260.9951      32.582232     -4.4592156      49.995439
4175.3      715.05378      261.04001      32.613927      -4.454323      49.975813
4175.4      714.60857      261.10187      32.639686     -4.4494216      50.023284
4175.5      714.16389       261.1455      32.663936      -4.444511      49.990291
4175.6      713.71974      261.18582      32.705892     -4.4395912       50.02245
4175.7        713.276      261.25573      32.722452     -4.4346613      49.997978
4175.8      712.83279      261.28801      32.746437     -4.4297232      49.995349
4175.9      712.39005      261.34381      32.781905     -4.4247751      50.016051
  4176      711.94784      261.39222      32.796796     -4.4198183      49.996839
4176.1      711.50612      261.44095      32.830453     -4.4148517      49.966545
4176.2      711.06485      261.48554      32.859909     -4.4098761      50.006615
4176.3      710.62413      261.53235      32.889682      -4.404891      50.004698
4176.4      710.18385      261.58185      32.918084     -4.3998966       49.99448
4176.5      709.74414       261.6451      32.944744     -4.3948932      50.030461
4176.6      709.30487      261.69381      32.970602       -4.38988      50.040207
4176.7      708.86616      261.74025      32.997531     -4.3848574      49.989394
4176.8      708.42795      261.80702      33.030072     -4.3798255      49.977369
4176.9      707.99018      261.84149       33.04389     -4.3747847      49.977867
  4177      707.55298      261.88312      33.074083     -4.3697338      50.022548
4177.1      707.11626      261.94362      33.100413      -4.364674      49.970864
4177.2      706.68003      261.99146      33.125349     -4.3596046       50.00111
4177.3      706.24434      262.04879      33.157255     -4.3545257      50.016467
4177.4      705.80915      262.10395      33.192845     -4.3494374      50.013742
4177.5      705.37442      262.14737      33.210528     -4.3443397      50.006264
4177.6      704.94028      262.20496      33.245695     -4.3392319      49.998671
4177.7      704.50661      262.26658      33.271411     -4.3341152       49.98881
4177.8      704.07342      262.29826      33.302126     -4.3289885      50.023686
4177.9      703.64077      262.35068      33.327885     -4.3238532      50.031945
  4178      703.20867      262.41427      33.361686     -4.3187074       50.00583
4178.1      702.77706      262.45924      33.386404     -4.3135526      50.009723
4178.2      702.34593      262.51042      33.423689     -4.3083879      50.009549
4178.3      701.91535      262.56781      33.454978     -4.3032141      50.011718
4178.4      701.48533      262.63073      33.470252     -4.2980302      49.961905
4178.5      701.05576      262.67343      33.501471     -4.2928374      49.960255
4178.6      700.62672      262.72662      33.518343     -4.2876344      49.985348
4178.7      700.19826      262.77476      33.556423      -4.282422      50.023416
4178.8      699.77028      262.82675      33.586963     -4.2771999       50.03979
4178.9      699.34279      262.88261      33.608395     -4.2719679      49.989189
  4179      698.91583      262.93207      33.631919     -4.2667271      49.998161
4179.1      698.48944      262.98745      33.665433     -4.2614758      50.006707
4179.2      698.06356      263.03853       33.69785     -4.2562152       50.00347
4179.3      697.63822       263.0934      33.725534     -4.2509446      50.027559
4179.4       697.2134      263.14734       33.75231     -4.2456645      49.968636
4179.5      696.78904      263.20438      33.780713     -4.2403751      50.024507
4179.6       696.3653      263.24617      33.804439     -4.2350754      50.054413
4179.7      695.94203      263.30482      33.828962     -4.2297663      49.984709
4179.8      695.51932      263.35919      33.871462     -4.2244472      50.002111
4179.9      695.09716      263.41176      33.897208     -4.2191185      50.002669
  4180      694.67551       263.4642      33.919254     -4.2137797      49.998426
4180.1      694.25443       263.5198      33.939175     -4.2084316      49.970052
4180.2      693.83383      263.57581      33.973802     -4.2030738      49.987798
4180.3       693.4138      263.62557       34.00216     -4.1977057      50.000159
4180.4      692.99429      263.68258      34.029758     -4.1923282      49.985955
4180.5      692.57533      263.73262       34.06327     -4.1869407      49.999959
4180.6      692.15691      263.78854       34.08325     -4.1815433      50.003624
4180.7      691.73901      263.83791       34.10603     -4.1761359      50.004468
4180.8      691.32166      263.90114      34.142226     -4.1707191      50.026495
4180.9      690.90488       263.9551       34.17484     -4.1652921      50.005515
  4181      690.48863      264.01009      34.190006     -4.1598553      50.005256
4181.1      690.07289      264.06307      34.223496     -4.1544091      50.022485
4181.2      689.65776      264.11117       34.25073     -4.1489519      50.018756
4181.3      689.24313      264.17457      34.281542     -4.1434856      49.992108
4181.4      688.82903      264.23164      34.307049     -4.1380091      49.966897
4181.5      688.41549      264.28865      34.332409     -4.1325229      49.998597
4181.6      688.00252      264.33337      34.355538     -4.1270265      49.982667
4181.7      687.59012      264.38694      34.392861     -4.1215207      49.997496
4181.8      687.17825      264.45614      34.427021     -4.1160043      49.986811
4181.9      686.76689      264.51815      34.448117      -4.110478      50.010987
  4182      686.35614      264.57076      34.476061     -4.1049417      50.004728
4182.1      685.94591      264.63037      34.505046     -4.0993962      49.994226
4182.2      685.53627      264.67453      34.525028     -4.0938398      49.994824
4182.3      685.12712      264.73174      34.557042     -4.0882736      50.005049
4182.4      684.71868      264.79548       34.58612     -4.0826974      49.941666
4182.5      684.31061      264.84632      34.620469     -4.0771111      49.973115
4182.6      683.90319      264.90344      34.647963      -4.071515      50.020213
4182.7      683.49628       264.9579      34.678598     -4.0659089      49.986476
4182.8      683.09002      265.02125       34.70222     -4.0602924      50.009943
4182.9      682.68422      265.07008      34.736039     -4.0546657      49.991319
  4183      682.27908      265.13125      34.756579     -4.0490296      50.016515
4183.1      681.87446      265.18381      34.783249     -4.0433825      50.024155
4183.2      681.47039       265.2468      34.817339     -4.0377259      50.005062
4183.3       681.0669      265.28726      34.836265     -4.0320591      50.024212
4183.4      680.66398      265.35763      34.879071      -4.026382      49.994883
4183.5      680.26163      265.43384      34.894988     -4.0206947      49.989284
4183.6      679.85985      265.47426      34.923666     -4.0149978      50.003442
4183.7      679.45861      265.53475       34.96064     -4.0092903      50.015668
4183.8      679.05797      265.58092      34.980968     -4.0035727      50.002268
4183.9       678.6579       265.6395      35.005529      -3.997845      50.003905
  4184      678.25842      265.70258      35.039804     -3.9921068      49.983797
4184.1      677.85948      265.76117      35.070281     -3.9863589      50.043686
4184.2      677.46114      265.82071      35.093211     -3.9806005      50.002854
4184.3      677.06337      265.87421      35.123089     -3.9748322      50.022112
4184.4      676.66618      265.94165      35.145605     -3.9690532        50.0023
4184.5      676.26954      266.00415       35.18989     -3.9632646      49.989403
4184.6       675.8735      266.05597      35.192707     -3.9574654      50.023431
4184.7      675.47805      266.13033      35.230547     -3.9516557      50.002298
4184.8       675.0832      266.17493      35.261477     -3.9458361      49.991971
4184.9      674.68888      266.22995       35.28199     -3.9400058      49.979216
  4185      674.29522      266.28607      35.317019     -3.9341659      50.012328
4185.1      673.90204      266.35922      35.349216     -3.9283151        50.0293
4185.2      673.50952      266.41056       35.38189     -3.9224542      49.978721
4185.3      673.11757      266.47652      35.403109     -3.9165832      50.000823
4185.4       672.7262       266.5312      35.433796      -3.910702      50.004717
4185.5      672.33541      266.59768      35.471806     -3.9048103      50.012317
4185.6      671.94529      266.65295       35.48757     -3.8989078      49.997792
4185.7      671.55566      266.71367      35.515433     -3.8929956      50.008331
4185.8      671.16666      266.78094      35.536516     -3.8870733      50.003218
4185.9      670.77823      266.82374      35.561805     -3.8811399      50.000611
  4186       670.3904      266.88246      35.591489     -3.8751964      50.012372
4186.1       670.0032      266.95715        35.6238     -3.8692423      50.008542
4186.2      669.61653      267.01349      35.650294     -3.8632781      49.985866
4186.3      669.23055      267.06961       35.68819      -3.857304      49.998809
4186.4      668.84509      267.12701      35.725939     -3.8513192      49.979191
4186.5       668.4603      267.19918      35.741644     -3.8453237      49.981074
4186.6      668.07603      267.25096       35.76398     -3.8393177      49.939116
4186.7      667.69242       267.3274      35.783631     -3.8333017      50.033167
4186.8      667.30937       267.3834      35.817259     -3.8272752      50.047945
4186.9      666.92697       267.4411      35.849489     -3.8212383      49.992026
  4187      666.54512      267.49617      35.884551     -3.8151909      50.006356
4187.1      666.16392      267.56173      35.907125     -3.8091328      49.997762
4187.2      665.78334      267.61627      35.928776     -3.8030643      49.973015
4187.3      665.40329      267.68602      35.967284     -3.7969853      49.982259
4187.4       665.0239      267.75108      35.975881     -3.7908961      50.013073
4187.5      664.64513       267.8103      36.008788     -3.7847966      50.041472
4187.6      664.26698      267.87797      36.045711     -3.7786866      49.983195
4187.7      663.88939      267.92225      36.066875     -3.7725656      50.009134
4187.8      663.51245      267.99369      36.099301     -3.7664344      50.013192
4187.9       663.1361       268.0619      36.119925     -3.7602929      50.023189
  4188      662.76041      268.12606      36.151686     -3.7541407      50.027963
4188.1      662.38526      268.18362      36.181467     -3.7479779      49.993236
4188.2      662.01081      268.24215      36.208922     -3.7418048      49.993747
4188.3      661.63691       268.3176      36.251673     -3.7356208      49.984387
4188.4      661.26369       268.3759      36.268418     -3.7294265       50.04491
4188.5      660.89106      268.43393      36.293106     -3.7232221      50.008342
4188.6        660.519      268.49029       36.32705     -3.7170065      49.986696
4188.7      660.14766      268.56157      36.359123     -3.7107809      50.036918
4188.8      659.77685      268.61284      36.374677     -3.7045444      49.991095
4188.9      659.40673      268.68834      36.414706     -3.6982968      49.985687
  4189      659.03719       268.7553      36.429606     -3.6920394      50.018285
4189.1      658.66831      268.81178      36.472347     -3.6857713      49.992439
4189.2      658.30005       268.8647      36.484849     -3.6794927      50.028694
4189.3       657.9324       268.9443      36.513373     -3.6732034      50.013673
4189.4      657.56542      269.00572      36.546697     -3.6669034      49.992637
4189.5      657.19905      269.06131       36.56056      -3.660593      49.988548
4189.6      656.83332      269.12904      36.599345      -3.654272      50.008563
4189.7      656.46817       269.2054      36.629158     -3.6479404      50.013462
4189.8       656.1037      269.26401      36.659965     -3.6415981      49.997809
4189.9      655.73987      269.33125      36.681515     -3.6352449      50.019669
  4190      655.37667      269.38635       36.71104     -3.6288814      50.015084
4190.1      655.01408      269.46614      36.731981     -3.6225073      49.989267
4190.2      654.65217      269.51966      36.768793     -3.6161223      50.030082
4190.3      654.29086      269.58915      36.800995      -3.609727      49.992023
4190.4      653.93023      269.65457      36.816746     -3.6033209      50.009829
4190.5       653.5702      269.71819      36.852928     -3.5969044      50.000532
4190.6      653.21083       269.7805      36.871327     -3.5904767      49.975612
4190.7       652.8521      269.84718      36.909952     -3.5840387      49.987655
4190.8      652.49404      269.91127      36.930609       -3.57759       50.02328
4190.9      652.13657      269.98067      36.965273     -3.5711309       50.05439
  4191      651.77981      270.04299       36.98416      -3.564661      50.008461
4191.1      651.42366      270.11334      37.025402     -3.5581796      49.979026
4191.2      651.06817      270.18248      37.044904      -3.551689       49.99327
4191.3      650.71333      270.25205      37.069891     -3.5451869      49.975599
4191.4      650.35913       270.3137      37.085864     -3.5386737      49.990528
4191.5      650.00554      270.38386      37.128824     -3.5321505      50.000618
4191.6      649.65271      270.44592      37.158211     -3.5256165      50.024606
4191.7      649.30045      270.50482      37.187105     -3.5190718      50.002762
4191.8      648.94886      270.58396      37.216911     -3.5125162        50.0142
4191.9      648.59797      270.64873      37.229958     -3.5059501      49.970683
  4192      648.24771      270.73272      37.273577     -3.4993732      50.054142
4192.1      647.89805      270.78946      37.289564     -3.4927854      50.022017
4192.2      647.54915      270.85688      37.326088     -3.4861875      50.008017
4192.3      647.20085       270.9156      37.340222     -3.4795783      50.020726
4192.4      646.85318      270.97301      37.369167     -3.4729585      50.013285
4192.5      646.50627      271.04968      37.403372     -3.4663282      49.990192
4192.6      646.15994       271.1236      37.434608     -3.4596871      49.985638
4192.7      645.81433      271.18545      37.454194     -3.4530353      50.012388
4192.8      645.46934       271.2589      37.472019     -3.4463729      50.025249
4192.9      645.12504      271.31465       37.50909     -3.4396996       49.99743
  4193      644.78138      271.40091      37.542282     -3.4330156      50.030214
4193.1      644.43845      271.46464      37.563533     -3.4263203      49.997266
4193.2      644.09615      271.53185      37.598083      -3.419615      50.008852
4193.3      643.75449      271.59896       37.63071     -3.4128986      49.988458
4193.4      643.41356      271.66592       37.65218     -3.4061719      50.001434
4193.5      643.07329      271.74189      37.672017     -3.3994344      49.957524
4193.6      642.73369      271.81319      37.705512     -3.3926861      50.003578
4193.7      642.39472      271.87919      37.735568     -3.3859263      50.017018
4193.8      642.05649      271.95869      37.764093     -3.3791565      50.009828
4193.9       641.7189      272.01048      37.796135     -3.3723762      49.992146
  4194        641.382      272.08772      37.807759     -3.3655848      50.016175
4194.1      641.04576      272.15471       37.83311     -3.3587825        49.9519
4194.2      640.71025      272.22384      37.869306     -3.3519698      50.014781
4194.3      640.37538      272.29799      37.891005     -3.3451463      50.001124
4194.4      640.04126      272.37243      37.919082     -3.3383119      50.015925
4194.5      639.70772      272.43259      37.950756     -3.3314667      50.021389
4194.6      639.37495      272.50123      37.973581     -3.3246107      50.007943
4194.7       639.0428       272.5784      38.004907     -3.3177441      49.995196
4194.8      638.71137      272.66249      38.038637     -3.3108667      49.965783
4194.9      638.38064      272.71589      38.062078     -3.3039788      50.011718
  4195      638.05058      272.79318      38.084867     -3.2970799      50.022619
4195.1       637.7212      272.85743      38.109235     -3.2901704      49.980574
4195.2      637.39254      272.92594      38.138435     -3.2832498      50.024563
4195.3      637.06458      273.00254      38.158837      -3.276319      50.010452
4195.4      636.73726      273.07803      38.191516     -3.2693773      50.023885
4195.5      636.41069       273.1507      38.220442     -3.2624247      50.021498
4195.6      636.08481      273.22188      38.241402     -3.2554612      50.044798
4195.7      635.75962      273.27877      38.269457     -3.2484872       50.01047
4195.8       635.4351       273.3605      38.293069     -3.2415027      50.010362
4195.9      635.11129       273.4337      38.326156     -3.2345069       50.01275
  4196      634.78823      273.51721      38.350944     -3.2275006       49.97551
4196.1      634.46582      273.57557      38.375974     -3.2204837      49.988869
4196.2      634.14414      273.65323      38.407747     -3.2134564        50.0143
4196.3      633.82315      273.71977      38.438964     -3.2064176      50.018603
4196.4      633.50282      273.78691      38.462145     -3.1993685      50.021294
4196.5      633.18327      273.86637      38.475935     -3.1923086      50.036933
4196.6      632.86436      273.93668      38.514772     -3.1852379       49.98736
4196.7      632.54619      274.00885       38.52859     -3.1781567      49.989177
4196.8      632.22873      274.09117      38.570129     -3.1710644      49.985343
4196.9        631.912      274.16512      38.591346     -3.1639617      50.030007
  4197      631.59595      274.23502      38.622841     -3.1568482       49.97751
4197.1       631.2806      274.30404      38.652316     -3.1497241      50.004931
4197.2      630.96604      274.38147      38.663217     -3.1425889      49.970572
4197.3      630.65211      274.44602      38.689628     -3.1354429      50.017393
4197.4      630.33889      274.53483      38.714013     -3.1282871      49.987114
4197.5      630.02644      274.59721      38.755323     -3.1211197      50.037352
4197.6      629.71468      274.68031      38.772311      -3.113942      50.025856
4197.7      629.40367      274.75377      38.798263     -3.1067537      50.008397
4197.8       629.0933      274.83238      38.828531     -3.0995543      50.005711
4197.9      628.78372      274.90164       38.85205     -3.0923446      50.044068
  4198      628.47485      274.97838      38.884805     -3.0851243      50.004289
4198.1       628.1667      275.05846      38.902961      -3.077893      50.000649
4198.2      627.85926      275.12678      38.933522      -3.070651       50.00961
4198.3      627.55257      275.20438      38.951498     -3.0633985      49.954256
4198.4      627.24658      275.26839      38.992405     -3.0561352      49.993288
4198.5      626.94135      275.35828       39.01148     -3.0488614      49.980086
4198.6      626.63682      275.42252      39.041876     -3.0415771      49.990599
4198.7      626.33305      275.50039      39.070131     -3.0342814      49.993169
4198.8      626.02997      275.58468      39.080783     -3.0269758      49.982724
4198.9      625.72759        275.654      39.113583      -3.019659      50.019189
  4199      625.42602      275.72446       39.13401     -3.0123321      50.011615
4199.1      625.12518      275.79503      39.165001     -3.0049941      50.007362
4199.2      624.82507      275.88059      39.192328     -2.9976462      49.961803
4199.3      624.52565      275.95697      39.221299     -2.9902869      49.991611
4199.4      624.22703      276.02617      39.245899     -2.9829173      50.015795
4199.5      623.92907      276.10598      39.259298     -2.9755372      49.987627
4199.6      623.63188      276.19331      39.299706     -2.9681465      49.967512
4199.7      623.33545      276.25979      39.313545     -2.9607446      49.983047
4199.8      623.03975       276.3416      39.354116     -2.9533327      49.969415
4199.9      622.74475      276.41431      39.381329     -2.9459102       49.97861
  4200      622.45056      276.49354       39.38844     -2.9384768      50.035047
4200.1      622.15706      276.56862      39.425749     -2.9310332      50.021016
4200.2      621.86436      276.65539      39.447024     -2.9235788      49.995504
4200.3      621.57235      276.73032      39.466873      -2.916114      49.981835
4200.4      621.28111      276.81172      39.494789     -2.9086387       49.99737
4200.5      620.99066      276.89324      39.519957     -2.9011525      50.011577
4200.6      620.70089      276.95489      39.553583     -2.8936557      50.012305
4200.7      620.41192      277.04556      39.567644     -2.8861492      49.976456
4200.8       620.1237      277.11676      39.610953     -2.8786314      50.025611
4200.9      619.83617      277.20098      39.629907     -2.8711036      49.980887
  4201      619.54947      277.28624      39.656268     -2.8635651      50.005839
4201.1      619.26347      277.35531      39.675021     -2.8560155       50.02612
4201.2      618.97824      277.43745      39.706031     -2.8484563      50.028569
4201.3      618.69376      277.51298      39.731512     -2.8408861      49.983758
4201.4      618.41007      277.59879      39.755212     -2.8333053      49.991689
4201.5       618.1271      277.67912      39.795014     -2.8257144      49.989903
4201.6      617.84494      277.75884      39.808045     -2.8181134      50.017891
4201.7      617.56349      277.83924       39.81878     -2.8105011      49.971676
4201.8      617.28284      277.91366      39.852367      -2.802879      49.984901
4201.9      617.00293      277.99026      39.882413     -2.7952463      50.001448
  4202      616.72376      278.07755      39.898205     -2.7876029      50.014701
4202.1      616.44539      278.14843      39.929049     -2.7799496       50.02181
4202.2      616.16776      278.22945      39.959401     -2.7722851      50.002802
4202.3      615.89093      278.30318      39.988812     -2.7646111      49.997608
4202.4      615.61486      278.38725      40.001801     -2.7569261      49.969963
4202.5      615.33954      278.46927      40.028188     -2.7492307      50.008081
4202.6      615.06498      278.55403      40.059435     -2.7415256      50.019506
4202.7      614.79124      278.63483        40.0679     -2.7338098      49.988403
4202.8      614.51825      278.71261      40.097975      -2.726084      50.035976
4202.9      614.24602      278.79954      40.125271     -2.7183475        49.9927
  4203      613.97456      278.86901      40.151655      -2.710601      50.005058
4203.1      613.70387      278.96327      40.184504     -2.7028435      49.988148
4203.2      613.43403      279.03544      40.201452     -2.6950764      49.951504
4203.3      613.16491      279.12618      40.218784     -2.6872982       49.97397
4203.4      612.89657      279.21082      40.245331     -2.6795106      49.993702
4203.5      612.62897      279.29738      40.271412     -2.6717124      50.000427
4203.6       612.3622      279.36581      40.288521     -2.6639045      50.009557
4203.7      612.09622      279.45075      40.327823     -2.6560857      50.026508
4203.8      611.83096      279.52558      40.354764     -2.6482565       49.96301
4203.9      611.56655      279.61892      40.373719     -2.6404174        50.0128
  4204      611.30289      279.70212       40.40096     -2.6325681      49.994701
4204.1      611.04001       279.7764      40.421707     -2.6247087      49.981108
4204.2      610.77799      279.87362      40.445936     -2.6168394      50.000722
4204.3      610.51667       279.9544      40.465768     -2.6089594      50.005888
4204.4      610.25617      280.03931       40.49035     -2.6010696      49.959575
4204.5       609.9965      280.12093      40.503363     -2.5931696      50.010227
4204.6      609.73755       280.1986      40.547089     -2.5852596      49.998853
4204.7       609.4794      280.28682      40.567569     -2.5773391       50.01273
4204.8      609.22209      280.36321      40.589715      -2.569409      50.008392
4204.9      608.96553      280.45906      40.613106     -2.5614684      50.014044
  4205      608.70978      280.54379      40.640139     -2.5535181      49.978789
4205.1      608.45483      280.62167      40.659437     -2.5455571      49.966022
4205.2      608.20069      280.69009      40.679264     -2.5375868      50.004771
4205.3      607.94729      280.78484      40.709449     -2.5296067      50.023918
4205.4      607.69474      280.85892      40.733479      -2.521616      49.976716
4205.5      607.44301       280.9465      40.764539     -2.5136151      49.951626
4205.6      607.19203      281.04125      40.773969     -2.5056049      49.962494
4205.7      606.94186      281.11677      40.784687     -2.4975845      50.013183
4205.8      606.69253      281.20815      40.824395     -2.4895539      50.024528
4205.9      606.44396      281.29498      40.839679     -2.4815135      49.986415
  4206       606.1962      281.37214        40.8621     -2.4734634      49.986148
4206.1      605.94926      281.45257      40.889913     -2.4654035       49.99213
4206.2      605.70312        281.543      40.924058     -2.4573333      50.007372
4206.3      605.45778      281.63661      40.936669     -2.4492532      50.021402
4206.4      605.21327      281.72038      40.953181     -2.4411638      49.993336
4206.5      604.96958      281.81042      40.995319     -2.4330642      49.981558
4206.6      604.72665      281.88783      41.008966     -2.4249551      50.009461
4206.7      604.48457      281.98302      41.040421     -2.4168356       49.99818
4206.8       604.2433      282.07109      41.055524     -2.4087067      49.998577
4206.9      604.00282      282.15667      41.068647     -2.4005684      50.026466
  4207      603.76314      282.23884      41.102374     -2.3924199      50.019631
4207.1      603.52435      282.32945      41.129313     -2.3842615      50.001099
4207.2      603.28631      282.42083      41.136893     -2.3760937       49.99866
4207.3      603.04912      282.49728      41.164008     -2.3679164      49.986112
4207.4      602.81273      282.57362      41.184116     -2.3597289      49.961596
4207.5      602.57717      282.68436      41.215382     -2.3515325      50.014003
4207.6      602.34244      282.76433      41.229561     -2.3433258      49.994158
4207.7      602.10851      282.85508      41.262643     -2.3351097      49.995331
4207.8       601.8754      282.93314      41.281344     -2.3268842       50.01186
4207.9      601.64313       283.0238      41.298676     -2.3186487      50.040213
  4208      601.41169      283.10682      41.316302     -2.3104042      50.019894
4208.1      601.18102      283.19219      41.344912     -2.3021496      49.965299
4208.2      600.95124      283.27876      41.367715     -2.2938859      49.966412
4208.3      600.72226      283.36127      41.397414     -2.2856122      50.006278
4208.4      600.49417      283.45861      41.412026     -2.2773292      50.022309
4208.5      600.26681      283.54608       41.42962     -2.2690375      49.984965
4208.6      600.04034       283.6401      41.456819     -2.2607354      50.004354
4208.7      599.81465      283.73305      41.479836     -2.2524244      50.025162
4208.8      599.58983      283.80027      41.504994     -2.2441039      49.990601
4208.9      599.36587      283.91071      41.524587     -2.2357741      49.996585
  4209      599.14271      283.98789      41.539298     -2.2274349      50.001572
4209.1      598.92034       284.0857      41.566715     -2.2190859      50.012228
4209.2      598.69884      284.16339      41.581037     -2.2107283      49.995195
4209.3      598.47823      284.26892      41.615222      -2.202361      49.974666
4209.4      598.25839      284.34216      41.622752     -2.1939846      50.001176
4209.5      598.03942      284.42772      41.639365     -2.1855987      49.983138
4209.6      597.82124      284.53125      41.659166      -2.177204      49.970744
4209.7      597.60398      284.61893      41.692364        -2.1688      49.963819
4209.8      597.38753      284.71158      41.706833     -2.1603865      49.991685
4209.9      597.17192      284.79886      41.731876     -2.1519641       50.02607
  4210      596.95711      284.89532      41.758198      -2.143532      50.010916
4210.1      596.74316      284.97874      41.772242     -2.1350916      49.984566
4210.2      596.53013      285.07538      41.792224     -2.1266416       50.00699
4210.3      596.31787      285.16474      41.828355     -2.1181824      50.048792
4210.4      596.10645      285.25116      41.828714     -2.1097149      50.003169
4210.5      595.89588      285.33976      41.860538     -2.1012377       50.00408
4210.6      595.68622      285.43963       41.86827     -2.0927519      49.992547
4210.7      595.47738      285.53189       41.89914     -2.0842568      49.994898
4210.8      595.26937      285.61003      41.919799     -2.0757528       50.02504
