   7      540.8045      285.2483      49.64853     -3.300803      50.02172
 7.1      540.4748      285.1596      49.70152     -3.292658      50.02886
 7.2      540.1459      285.0842      49.74289     -3.284499       50.0034
 7.3      539.8179      284.9852      49.78992     -3.276324      49.99269
 7.4      539.4907      284.8883      49.83839     -3.268134      49.97206
 7.5      539.1643       284.803      49.88577     -3.259929      50.01122
 7.6      538.8387      284.7196      49.92488      -3.25171      50.02053
 7.7      538.5139      284.6332      49.96639     -3.243475      50.01411
 7.8        538.19      284.5365      50.01994     -3.235226      50.03941
 7.9      537.8669      284.4376      50.07057     -3.226961      49.99123
   8      537.5446      284.3551      50.10515     -3.218682      50.01139
 8.1      537.2231      284.2633      50.15707     -3.210388      49.95074
 8.2      536.9025      284.1716      50.20778     -3.202078      49.99752
 8.3      536.5827      284.0766      50.24481     -3.193754       49.9781
 8.4      536.2638      283.9837      50.29258     -3.185415      49.99951
 8.5      535.9457      283.8932      50.33551     -3.177061      49.98757
 8.6      535.6283      283.7967      50.37629     -3.168692      49.97747
 8.7      535.3119      283.7106      50.42239     -3.160308      49.98805
 8.8      534.9963      283.6138      50.46534      -3.15191      50.02009
 8.9      534.6815      283.5282      50.51672     -3.143496       49.9853
   9      534.3676      283.4312      50.57322     -3.135068      50.02619
 9.1      534.0545      283.3342      50.60961     -3.126625      50.00573
 9.2      533.7423      283.2462      50.66285     -3.118166      49.95523
 9.3      533.4309       283.149      50.69367     -3.109693      50.01848
 9.4      533.1203      283.0511      50.74113     -3.101206      50.01311
 9.5      532.8106      282.9488      50.79903     -3.092703      49.98842
 9.6      532.5018       282.866      50.82656     -3.084185      50.01042
 9.7      532.1938       282.762      50.87195     -3.075652      49.97756
 9.8      531.8867      282.6646      50.93583     -3.067105      50.00842
 9.9      531.5804      282.5704      50.97511     -3.058543      50.01846
  10       531.275      282.4797      51.01587     -3.049966      50.01153
10.1      530.9704      282.3773      51.05987     -3.041374      50.03425
10.2      530.6666      282.2729      51.11078     -3.032767      50.02876
10.3      530.3639      282.1802      51.15306     -3.024145      49.99684
10.4      530.0619      282.0794       51.1985     -3.015509      50.01522
10.5      529.7607      281.9842      51.24723     -3.006858      50.00814
10.6      529.4605      281.8802      51.29116     -2.998192      50.03024
10.7      529.1611      281.7905      51.32999     -2.989512      49.98393
10.8      528.8626      281.6875      51.36568     -2.980816      50.00614
10.9      528.5649       281.585      51.42587     -2.972106      49.96473
  11      528.2682      281.4871        51.457     -2.963381      50.02459
11.1      527.9723      281.3976       51.4931     -2.954642      50.00419
11.2      527.6772      281.2833      51.55401     -2.945887      50.01322
11.3      527.3831      281.1922      51.59722     -2.937118      49.99972
11.4      527.0898      281.0895      51.63751     -2.928334      50.01081
11.5      526.7974      280.9805      51.68614     -2.919536      50.02831
11.6      526.5059      280.8859      51.73757     -2.910723      50.00526
11.7      526.2153      280.7786        51.776     -2.901895      50.00932
11.8      525.9255      280.6865       51.8167     -2.893052      49.98645
11.9      525.6366      280.5823      51.86319     -2.884195      50.01371
  12      525.3487      280.4757      51.89737     -2.875323      49.99653
12.1      525.0616      280.3676       51.9425     -2.866437      49.99083
12.2      524.7754      280.2669        51.989     -2.857536      49.98102
12.3      524.4901      280.1633      52.03266      -2.84862      50.00323
12.4      524.2057       280.064      52.09575      -2.83969      50.00161
12.5      523.9221      279.9647      52.13041     -2.830746      50.00929
12.6      523.6395      279.8572       52.1767     -2.821786      50.01749
12.7      523.3578      279.7454       52.2133     -2.812813      49.97336
12.8       523.077      279.6319      52.25462     -2.803824       50.0214
12.9       522.797      279.5327      52.30709     -2.794822      49.97326
  13       522.518      279.4329      52.34858     -2.785804      50.01592
13.1      522.2399      279.3186       52.3875     -2.776773      50.01811
13.2      521.9626      279.2179       52.4233     -2.767727      49.98879
13.3      521.6863      279.1194      52.48899     -2.758666      49.97353
13.4      521.4109       279.013       52.5321     -2.749591       49.9673
13.5      521.1364      278.8971      52.55791     -2.740501      50.01396
13.6      520.8628      278.7982      52.61448     -2.731397      49.99452
13.7      520.5901      278.6831      52.64901     -2.722279      49.99775
13.8      520.3184      278.5753      52.69042     -2.713147      49.98469
13.9      520.0475      278.4655      52.73124        -2.704      49.99456
  14      519.7776      278.3503      52.77769     -2.694839      50.00898
14.1      519.5085      278.2447      52.82432     -2.685663      50.00909
14.2      519.2404      278.1366      52.85822     -2.676473      50.00285
14.3      518.9732      278.0301         52.91     -2.667269      49.98346
14.4      518.7069      277.8982      52.94349     -2.658052      50.00391
14.5      518.4416       277.797      52.99408     -2.648819      49.99049
14.6      518.1772      277.6985      53.03237     -2.639572      49.99938
14.7      517.9137      277.5828      53.08767     -2.630311      49.98874
14.8      517.6511      277.4684      53.11915     -2.621036      50.00588
14.9      517.3895      277.3579      53.16442     -2.611747      50.00432
  15      517.1288      277.2491      53.21063     -2.602444      49.98081
15.1       516.869       277.124      53.24944     -2.593126      50.01562
15.2      516.6101      277.0185      53.28969     -2.583795       49.9999
15.3      516.3522      276.8919      53.32524      -2.57445      50.03286
15.4      516.0953      276.7894      53.37523     -2.565091      50.01843
15.5      515.8392      276.6749      53.42609     -2.555717      50.01183
15.6      515.5841      276.5669      53.46406      -2.54633      49.99962
15.7        515.33      276.4406      53.49705     -2.536928      49.98059
15.8      515.0767      276.3326      53.55104     -2.527513      49.97985
15.9      514.8245      276.2193      53.58664     -2.518084      49.99531
  16      514.5731      276.0938      53.63339     -2.508641      50.02152
16.1      514.3228      275.9833      53.67174     -2.499184      50.00756
16.2      514.0733      275.8651      53.69934     -2.489713      50.03585
16.3      513.8248      275.7468      53.74795     -2.480228      49.98735
16.4      513.5772      275.6276      53.80457      -2.47073      49.99944
16.5      513.3307       275.509      53.83577     -2.461218      49.99646
16.6       513.085      275.3881      53.87465     -2.451692      49.98646
16.7      512.8403      275.2737       53.9209     -2.442152      50.01441
16.8      512.5966      275.1523      53.96375     -2.432599      49.99631
16.9      512.3538      275.0382      53.99734     -2.423032      49.92566
  17       512.112      274.9279      54.04421     -2.413452      50.04492
17.1      511.8711      274.7976      54.07613     -2.403858       49.9942
17.2      511.6312      274.6847      54.12025      -2.39425      50.00596
17.3      511.3922      274.5614      54.16127     -2.384629      49.98642
17.4      511.1542      274.4455      54.20652     -2.374995      49.99811
17.5      510.9172      274.3166      54.25691     -2.365346      49.97045
17.6      510.6812      274.1945       54.2898     -2.355685      49.99542
17.7      510.4461      274.0724      54.32156      -2.34601      50.01412
17.8       510.212       273.944      54.35741     -2.336322      49.97279
17.9      509.9788        273.84      54.40268      -2.32662      49.98586
  18      509.7467      273.6973      54.45571     -2.316905      50.00455
18.1      509.5154      273.5815      54.49016     -2.307177      49.98224
18.2      509.2852      273.4564      54.52089     -2.297435      50.02018
18.3       509.056      273.3349      54.57438     -2.287681      50.05284
18.4      508.8277       273.202      54.60171     -2.277913      49.98967
18.5      508.6004      273.0899       54.6459     -2.268132      49.98122
18.6      508.3741      272.9602       54.6816     -2.258337         49.98
18.7      508.1487      272.8337      54.72491      -2.24853      49.98182
18.8      507.9244      272.7173      54.76037      -2.23871      50.00225
18.9       507.701      272.5869      54.79924     -2.228876      50.00931
  19      507.4786      272.4664      54.83832      -2.21903      49.99687
19.1      507.2572      272.3373      54.89318     -2.209171       49.9491
19.2      507.0367      272.1995      54.90903     -2.199299      50.02753
19.3      506.8173      272.0736        54.965     -2.189414      50.00221
19.4      506.5988      271.9542      54.99521     -2.179516      49.99786
19.5      506.3814      271.8165      55.03955     -2.169605      49.98515
19.6       506.165      271.6898      55.08074     -2.159681      50.00999
19.7      505.9495      271.5587      55.10484     -2.149745      49.98557
19.8       505.735      271.4343      55.15567     -2.139796       49.9822
19.9      505.5215      271.3084      55.18812     -2.129834      49.98649
  20       505.309      271.1687      55.22173      -2.11986      50.01939
20.1      505.0976      271.0389       55.2653     -2.109873      49.98903
20.2      504.8871      270.9164      55.30275     -2.099874      50.02044
20.3      504.6776      270.7896      55.34271     -2.089862      49.99453
20.4      504.4691      270.6538      55.38081     -2.079838      49.99105
20.5      504.2616      270.5088      55.41422       -2.0698      50.01398
20.6      504.0551       270.384      55.45755     -2.059752      49.98875
20.7      503.8497      270.2536      55.49224      -2.04969       50.0266
20.8      503.6452      270.1193      55.53484     -2.039616      49.99923
20.9      503.4418      269.9826      55.57273      -2.02953      49.93306
  21      503.2393       269.842      55.59862     -2.019432      49.98675
21.1      503.0378      269.7249      55.63657     -2.009321      50.01569
21.2      502.8374      269.5897      55.68083     -1.999198      50.01691
21.3       502.638      269.4531      55.72282     -1.989064      49.97305
21.4      502.4396      269.3118      55.75495     -1.978916      50.03975
21.5      502.2422       269.171      55.78383     -1.968758        49.995
21.6      502.0458       269.046      55.82116     -1.958586      49.97342
21.7      501.8505      268.9017      55.86512     -1.948404      49.97801
21.8      501.6562      268.7687      55.88539     -1.938209      49.98864
21.9      501.4629      268.6403      55.92612     -1.928003      50.02951
  22      501.2706      268.5015      55.95859     -1.917784      49.97867
22.1      501.0793      268.3566      56.00654     -1.907554      49.98588
22.2      500.8891      268.2226       56.0268     -1.897313      50.01004
22.3      500.6998      268.0785      56.06615     -1.887058      50.01801
22.4      500.5117      267.9391      56.10452     -1.876794      49.98428
22.5      500.3245      267.8035      56.14099     -1.866517      50.01411
22.6      500.1384      267.6579      56.17164     -1.856229      49.97361
22.7      499.9532      267.5363      56.20277     -1.845929      49.98483
22.8      499.7691      267.3883      56.24121     -1.835618      49.99472
22.9      499.5861      267.2407      56.27563     -1.825295      50.01502
  23      499.4041      267.1042        56.305     -1.814961      50.02668
23.1      499.2231      266.9686      56.33821     -1.804616      50.00237
23.2      499.0432      266.8207      56.38095      -1.79426      50.00059
23.3      498.8643      266.6785      56.41757     -1.783892      49.98971
23.4      498.6864      266.5421      56.45032     -1.773514      50.02034
23.5      498.5096      266.4035      56.48083     -1.763123      49.99965
23.6      498.3338      266.2571      56.51065     -1.752722      49.99437
23.7       498.159      266.1097        56.538     -1.742311      49.97831
23.8      497.9853      265.9684      56.57481     -1.731887       50.0032
23.9      497.8127      265.8215      56.60996     -1.721454      49.97737
  24       497.641      265.6745      56.64461     -1.711009      50.00791
24.1      497.4704      265.5287      56.68034     -1.700553      49.97421
24.2      497.3009       265.383      56.71271     -1.690087       49.9787
24.3      497.1324      265.2373      56.74846     -1.679611      49.99707
24.4       496.965      265.0964      56.77794     -1.669123       49.9734
24.5      496.7986      264.9413      56.80005     -1.658625      49.99051
24.6      496.6333      264.8032      56.84434     -1.648116      49.99222
24.7       496.469      264.6486      56.86549     -1.637597      50.02449
24.8      496.3057      264.5086      56.90046     -1.627067      49.97352
24.9      496.1436      264.3575      56.93037     -1.616527      50.00552
  25      495.9824      264.2157      56.96941     -1.605977      49.99115
25.1      495.8224      264.0723      56.98685     -1.595416      49.99223
25.2      495.6634      263.9087      57.03121     -1.584846      49.97398
25.3      495.5054      263.7653      57.05436     -1.574265        50.016
25.4      495.3485      263.6161      57.08425     -1.563673      50.00056
25.5      495.1927      263.4683        57.112     -1.553072       50.0156
25.6      495.0379        263.32       57.1451     -1.542461      49.99164
25.7      494.8841      263.1656      57.17291      -1.53184      49.97608
25.8      494.7316       263.019      57.20472     -1.521209      49.99067
25.9      494.5799      262.8752      57.24636     -1.510568      49.99146
  26      494.4294      262.7192      57.26819     -1.499918      50.01816
26.1        494.28      262.5641      57.29267     -1.489257      49.98409
26.2      494.1315      262.4168      57.33473     -1.478588      49.99028
26.3      493.9842       262.266      57.36058     -1.467908      49.95328
26.4       493.838      262.1002      57.38823     -1.457219      49.96013
26.5      493.6928      261.9566      57.41171      -1.44652      50.00178
26.6      493.5487      261.8157      57.44722     -1.435812      50.02069
26.7      493.4056      261.6512      57.46816     -1.425095      50.03952
26.8      493.2636      261.4981      57.49559     -1.414368      50.00576
26.9      493.1227      261.3519      57.52468     -1.403632      50.00016
  27      492.9829      261.1816      57.55343     -1.392887      49.98982
27.1      492.8442      261.0386      57.58675     -1.382133      49.95829
27.2      492.7065      260.8768       57.6164     -1.371369      50.01791
27.3      492.5699      260.7245      57.62726     -1.360598      50.01032
27.4      492.4344      260.5708      57.66317     -1.349816      49.98873
27.5      492.2999      260.4101      57.68457     -1.339026      50.00969
