   10      1250.7515       270.0089      29.028976     -5.9233855      49.988663
 10.1      1250.1591      270.00903      29.048521     -5.9221723      50.003726
 10.2       1249.567      270.00487      29.055159     -5.9209569      50.008754
 10.3       1248.975      269.99187      29.093173     -5.9197404      49.976163
 10.4      1248.3831      270.00023      29.098735     -5.9185217      49.999188
 10.5      1247.7913      269.99214      29.140213     -5.9173016      49.990286
 10.6      1247.1996      270.00702      29.147928     -5.9160792      50.002604
 10.7       1246.608      270.00991      29.165548     -5.9148554      50.007263
 10.8      1246.0166      269.98862      29.177818     -5.9136294      50.009672
 10.9      1245.4253      270.00475      29.208332     -5.9124015      50.006878
   11      1244.8341      269.99805      29.240684     -5.9111719      49.991021
 11.1      1244.2431      269.99728       29.25087     -5.9099409      50.011289
 11.2      1243.6521      269.99494      29.271988     -5.9087078      50.003983
 11.3      1243.0613      270.00721      29.288419     -5.9074727      49.983552
 11.4      1242.4706      270.00217      29.310624     -5.9062361       50.03667
 11.5      1241.8801      269.99933      29.335386     -5.9049981      50.032865
 11.6      1241.2897      270.00237       29.36212     -5.9037575      50.011737
 11.7      1240.6993      270.00576      29.369767     -5.9025151      50.006503
 11.8      1240.1092      269.99504      29.406744      -5.901271      49.983472
 11.9      1239.5191      269.99548      29.421659     -5.9000252      50.001732
   12      1238.9291      270.00393       29.45047     -5.8987773      49.964972
 12.1      1238.3393      270.00904      29.467342     -5.8975277      49.990723
 12.2      1237.7496      270.00713      29.486356     -5.8962758      49.988775
 12.3      1237.1601      269.99934      29.513263     -5.8950228      50.019533
 12.4      1236.5706      269.99244      29.534822     -5.8937677       50.02452
 12.5      1235.9813      269.98668      29.565034     -5.8925105      50.008963
 12.6      1235.3921      269.99472      29.567685     -5.8912516      49.989287
 12.7      1234.8031      270.00644      29.592701     -5.8899906      49.991838
 12.8      1234.2142      269.99689      29.611379     -5.8887281       50.03122
 12.9      1233.6253      270.00162      29.636705     -5.8874637       49.99166
   13      1233.0366      270.00121      29.658733     -5.8861969      50.011905
 13.1      1232.4481      269.98748      29.680768     -5.8849288       50.01544
 13.2      1231.8597      270.00712      29.702296     -5.8836586      49.999454
 13.3      1231.2713      270.01152      29.723766     -5.8823866      50.000425
 13.4      1230.6832      269.99978      29.747047     -5.8811123      50.008466
 13.5      1230.0951      270.00565      29.772558     -5.8798366       50.05926
 13.6      1229.5072      269.99568      29.798252     -5.8785592      49.979283
 13.7      1228.9194       270.0034      29.811592     -5.8772788      49.974313
 13.8      1228.3317      270.01207      29.845863     -5.8759977      50.008062
 13.9      1227.7442      270.00746      29.862246     -5.8747141      50.011581
   14      1227.1568      269.99601      29.886062     -5.8734287      49.995129
 14.1      1226.5695      269.99423      29.895418     -5.8721417      50.049206
 14.2      1225.9824       270.0003      29.912434     -5.8708521      50.005516
 14.3      1225.3953      269.99865      29.946577     -5.8695611      50.012407
 14.4      1224.8085      269.99964      29.968585     -5.8682681      49.991116
 14.5      1224.2217      270.00726       29.97884     -5.8669729      49.976019
 14.6      1223.6351      270.00126      30.001985     -5.8656762      49.957607
 14.7      1223.0486      270.00949      30.034451     -5.8643777      49.979834
 14.8      1222.4622      269.99975      30.060337     -5.8630766      49.972491
 14.9      1221.8759      269.99924      30.084133     -5.8617737      50.000253
   15      1221.2899      270.00452      30.093197      -5.860469      49.997125
 15.1      1220.7039      270.00243      30.123897     -5.8591626      50.001421
 15.2       1220.118      269.99881      30.145991     -5.8578544       50.02603
 15.3      1219.5323      269.99096       30.16439     -5.8565433      50.000709
 15.4      1218.9467      269.99364      30.180669     -5.8552311      49.997109
 15.5      1218.3613      270.00351      30.202484     -5.8539166      50.011742
 15.6      1217.7759       270.0031      30.235106        -5.8526      49.987355
 15.7      1217.1907      269.99165      30.243457     -5.8512819      50.006279
 15.8      1216.6057      270.00068      30.273501     -5.8499623      49.981837
 15.9      1216.0208      270.00302      30.298161     -5.8486396      49.991294
   16       1215.436       269.9933      30.325787     -5.8473152      49.987424
 16.1      1214.8512      269.99432      30.339729     -5.8459891      50.008251
 16.2      1214.2667       270.0068      30.356075     -5.8446606      49.997442
 16.3      1213.6824      269.99001      30.388238     -5.8433304      49.991086
 16.4       1213.098      270.00253      30.404444     -5.8419983      50.034714
 16.5       1212.514      270.00557      30.440941     -5.8406638      49.990865
 16.6      1211.9299      269.98982      30.448188      -5.839328      50.016771
 16.7      1211.3461      269.99926      30.476419     -5.8379897      49.987678
 16.8      1210.7623      269.99332      30.509404     -5.8366496      50.007026
 16.9      1210.1787      270.00051      30.526183     -5.8353074      49.953571
   17      1209.5953       269.9976      30.542435      -5.833963      50.000627
 17.1       1209.012      269.99064      30.567647     -5.8326171      50.038157
 17.2      1208.4287      270.00351      30.600985     -5.8312687      50.026212
 17.3      1207.8457      270.00338      30.617739     -5.8299182      50.021996
 17.4      1207.2628      269.99648      30.624685     -5.8285659      50.003749
 17.5        1206.68        270.003      30.655768     -5.8272121      50.007308
 17.6      1206.0973      269.99235      30.683271     -5.8258554      50.002106
 17.7      1205.5148      269.99297      30.690983     -5.8244972      49.996554
 17.8      1204.9325      269.99342        30.7239     -5.8231366      49.983819
 17.9      1204.3502      269.99938      30.744416     -5.8217742      49.995563
   18       1203.768      269.99702      30.769014     -5.8204099      50.003194
 18.1      1203.1861       270.0109      30.785369     -5.8190433       49.98235
 18.2      1202.6043       269.9996      30.802178     -5.8176746      50.008309
 18.3      1202.0226      270.00317      30.829139     -5.8163039      50.071952
 18.4       1201.441      270.00328       30.86854     -5.8149315      49.974745
 18.5      1200.8596      270.00211      30.879763     -5.8135569      50.012969
 18.6      1200.2783      270.00109      30.897762     -5.8121799      49.992522
 18.7      1199.6971      270.00707      30.934229     -5.8108008      50.011061
 18.8      1199.1162      269.99339      30.953821       -5.80942      50.024631
 18.9      1198.5353      270.00934      30.966418     -5.8080369       49.97049
   19      1197.9545      270.00389      31.000195      -5.806652      50.038257
 19.1      1197.3739      269.99344      31.023216     -5.8052649      49.980416
 19.2      1196.7935      270.00633      31.035268     -5.8038751      49.987738
 19.3      1196.2131       270.0067      31.065552     -5.8024841       50.04271
 19.4       1195.633       270.0097      31.083223     -5.8010907      50.013837
 19.5       1195.053      269.99762      31.115269     -5.7996952       50.04274
 19.6       1194.473      270.00928       31.12391     -5.7982975      50.043669
 19.7      1193.8933       270.0015      31.151627     -5.7968978      50.005027
 19.8      1193.3136      269.99163      31.181555     -5.7954961      49.962955
 19.9      1192.7342      269.99558      31.199342     -5.7940919      50.001058
   20      1192.1548       270.0053      31.226032     -5.7926856      49.987185
 20.1      1191.5757      270.01022      31.255624     -5.7912777      49.984609
 20.2      1190.9966      269.99325      31.266273     -5.7898676      49.978351
 20.3      1190.4176      269.99937      31.285484      -5.788455      50.008501
 20.4      1189.8389      269.99628      31.323595     -5.7870402      50.040647
 20.5      1189.2602       270.0107      31.335302     -5.7856234      50.001077
 20.6      1188.6818      269.99489      31.362673     -5.7842052      49.991275
 20.7      1188.1034      270.00756      31.380643      -5.782784      50.023524
 20.8      1187.5252      269.99645      31.398145      -5.781361       50.02172
 20.9      1186.9472      270.00441      31.424802     -5.7799355      50.025276
   21      1186.3692      269.99247      31.460788     -5.7785082      50.006617
 21.1      1185.7914      270.00852      31.474131     -5.7770788      50.016837
 21.2      1185.2138      269.98745      31.498819     -5.7756473      49.993012
 21.3      1184.6363      270.00184      31.524593     -5.7742134        49.9691
 21.4       1184.059       270.0024      31.552803     -5.7727772      49.997972
 21.5      1183.4818      269.99534      31.570212      -5.771339      50.028356
 21.6      1182.9047       269.9945       31.59114     -5.7698983      50.008274
 21.7      1182.3278      270.00347      31.611044     -5.7684561       50.00539
 21.8       1181.751       269.9941      31.642516     -5.7670112      49.995675
 21.9      1181.1744      269.99984      31.650644     -5.7655642      50.008314
   22      1180.5979      269.98398      31.679188     -5.7641153      50.018275
 22.1      1180.0216      269.98816      31.713415      -5.762664      50.002746
 22.2      1179.4454      269.99975      31.735149     -5.7612107       50.00398
 22.3      1178.8693      270.00637      31.748735     -5.7597548       49.99238
 22.4      1178.2934       269.9906      31.782491     -5.7582968      49.992524
 22.5      1177.7176      270.00387      31.805549     -5.7568369       49.98916
 22.6       1177.142      270.00281      31.819606     -5.7553747      50.014998
 22.7      1176.5666      269.99666       31.84941     -5.7539102      50.036025
 22.8      1175.9913      269.99986      31.882438     -5.7524434      50.000208
 22.9      1175.4161      270.01246      31.894036     -5.7509747      50.012537
   23       1174.841      269.99202      31.912705     -5.7495036      49.991686
 23.1      1174.2662      270.00273      31.944848       -5.74803      50.005086
 23.2      1173.6915      270.00118      31.964332     -5.7465546      49.981498
 23.3      1173.1169      270.00183      31.989087     -5.7450765      49.995333
 23.4      1172.5424      269.99997      32.017091     -5.7435969      49.986351
 23.5      1171.9682       270.0016      32.038083     -5.7421141      50.008284
 23.6       1171.394      269.99857      32.059894     -5.7406299       50.02835
 23.7        1170.82      269.99037      32.079871     -5.7391429      50.004976
 23.8      1170.2462      269.99668      32.104787      -5.737654      50.021869
 23.9      1169.6725      270.00133      32.127361     -5.7361625      50.028922
   24       1169.099      270.00148      32.153455     -5.7346693      49.970176
 24.1      1168.5255      270.00343      32.190675     -5.7331734      50.019216
 24.2      1167.9524      270.01263        32.2053     -5.7316748      50.010915
 24.3      1167.3792       269.9906      32.225142     -5.7301749      50.011083
 24.4      1166.8063      270.00388      32.251361     -5.7286722      49.979485
 24.5      1166.2335      270.00077      32.277335     -5.7271671      49.982148
 24.6      1165.6609      269.99978      32.301371       -5.72566      50.013077
 24.7      1165.0884      269.99605      32.325504     -5.7241504      49.997549
 24.8       1164.516      269.99928       32.35379     -5.7226384      50.019078
 24.9      1163.9438      270.00388      32.369562     -5.7211245      49.979667
   25      1163.3718      270.00243      32.397498     -5.7196078      49.978463
 25.1         1162.8      269.99088      32.415926     -5.7180897      50.015554
 25.2      1162.2282      270.00514      32.432895     -5.7165685      50.038499
 25.3      1161.6566      270.00142      32.464194     -5.7150453      50.026832
 25.4      1161.0852      270.01084      32.499587     -5.7135194      49.951094
 25.5      1160.5139      269.99365      32.513496     -5.7119918      49.969246
 25.6      1159.9428      269.99588      32.545426     -5.7104616      49.976273
 25.7      1159.3718      269.99003      32.567111     -5.7089288      50.003419
 25.8       1158.801      270.00002      32.584401     -5.7073941      50.002698
 25.9      1158.2303      270.00565      32.622789     -5.7058567      50.028385
   26      1157.6599      269.99727      32.641068      -5.704317      49.986733
 26.1      1157.0894      269.99703       32.66542     -5.7027753      49.969266
 26.2      1156.5193      269.99832      32.679281     -5.7012306      49.996725
 26.3      1155.9492      269.99909       32.70501      -5.699684      50.035488
 26.4      1155.3793      270.00584      32.736603     -5.6981352      49.984718
 26.5      1154.8096      270.00009      32.764028      -5.696584      49.971676
 26.6        1154.24      269.99725      32.781306     -5.6950301      50.005102
 26.7      1153.6706      270.00362      32.815521      -5.693474      49.983331
 26.8      1153.1013      269.99223      32.829352      -5.691916       49.99426
 26.9      1152.5322       270.0034      32.858503     -5.6903545      50.016621
   27      1151.9633      269.99882      32.878807     -5.6887915      50.000928
 27.1      1151.3945      270.01224      32.909431     -5.6872263      49.956048
 27.2      1150.8258      269.99629       32.92571     -5.6856577      49.967911
 27.3      1150.2573      270.00241      32.951828     -5.6840877      49.994026
 27.4       1149.689      270.00067      32.967904     -5.6825152      50.034609
 27.5      1149.1208      269.99386      33.002642       -5.68094      50.018934
 27.6      1148.5528      270.00499      33.025928     -5.6793622      49.981485
 27.7      1147.9849      269.98735      33.052929     -5.6777826      50.016227
 27.8      1147.4172      269.98888      33.076395        -5.6762      49.966121
 27.9      1146.8497      269.99255      33.095211     -5.6746152      50.009294
   28      1146.2823      270.00741      33.127363     -5.6730281      50.022237
 28.1       1145.715      270.00558      33.162988     -5.6714383      50.034804
 28.2       1145.148      269.99289      33.169165     -5.6698465       50.01693
 28.3      1144.5811      269.99898      33.202748     -5.6682519      50.012681
 28.4      1144.0144      269.99576      33.218813     -5.6666549      49.976959
 28.5      1143.4478      270.00132      33.241634      -5.665056      50.018688
 28.6      1142.8814      270.01197      33.265104     -5.6634542      49.995215
 28.7      1142.3151        269.995      33.299505     -5.6618498      49.985501
 28.8       1141.749      270.01109      33.321161     -5.6602429      50.001482
 28.9      1141.1831      269.99736      33.350702     -5.6586337      50.021015
   29      1140.6173      269.99629      33.369449     -5.6570223      49.997491
 29.1      1140.0516      270.00347      33.388651     -5.6554079      49.997281
 29.2      1139.4862      270.00403       33.41905     -5.6537914      50.016136
 29.3      1138.9209      270.00159      33.444612     -5.6521726       49.98909
 29.4      1138.3557      269.99165      33.473393     -5.6505505       50.00479
 29.5      1137.7908      269.99608      33.487941     -5.6489272      50.028844
 29.6      1137.2259      269.99505      33.509225     -5.6473005      49.989739
 29.7      1136.6613      269.99708      33.547283     -5.6456718      49.995317
 29.8      1136.0968      269.99555      33.565213     -5.6440407      49.998695
 29.9      1135.5325      270.00243      33.591819     -5.6424061      49.978511
   30      1134.9684      270.00575      33.622758     -5.6407702      50.006225
 30.1      1134.4043      269.99857      33.644761     -5.6391311      49.996062
 30.2      1133.8405      270.00315      33.670646     -5.6374893      50.002461
 30.3      1133.2769      270.00431      33.701509     -5.6358456       50.01749
 30.4      1132.7134      270.00076      33.725923     -5.6341992      50.028647
 30.5        1132.15      269.99845      33.745013     -5.6325503      50.025615
 30.6      1131.5868      269.99691      33.767109     -5.6308987      50.009678
 30.7      1131.0238      269.99335      33.788465     -5.6292443      49.957537
 30.8       1130.461      269.99844      33.822275     -5.6275882      49.991833
 30.9      1129.8983      270.00091      33.858819      -5.625929      50.018699
   31      1129.3358      269.99894      33.876876     -5.6242674      49.989389
 31.1      1128.7735      270.00124      33.897442     -5.6226032      49.975576
 31.2      1128.2113      270.00026      33.915183     -5.6209364      50.005433
 31.3      1127.6493      270.00381      33.939749     -5.6192669      50.004894
 31.4      1127.0874      269.99642      33.969026     -5.6175951      50.013478
 31.5      1126.5257      269.99933      33.976094     -5.6159208      50.007615
 31.6      1125.9643      270.00138      34.025118     -5.6142434       49.97839
 31.7      1125.4029      269.99786      34.055205     -5.6125642      49.989365
 31.8      1124.8417       270.0016      34.074153      -5.610882      49.990023
 31.9      1124.2807      269.98989      34.097087     -5.6091971      49.991419
   32      1123.7199      270.00261      34.132096     -5.6075101      50.005102
 32.1      1123.1592      270.00261      34.147452     -5.6058201      50.052834
 32.2      1122.5988      269.99999       34.17206     -5.6041276      49.980477
 32.3      1122.0384      269.99799      34.206143     -5.6024327      50.015825
 32.4      1121.4782      269.99753      34.226453     -5.6007341      49.989794
 32.5      1120.9183      269.99031      34.248378     -5.5990343       50.01584
 32.6      1120.3584      270.00624      34.282459     -5.5973311      49.988893
 32.7      1119.7988      270.00362      34.300439     -5.5956256      50.006626
 32.8      1119.2393       269.9938      34.337299     -5.5939176      49.983075
 32.9        1118.68      269.99161       34.35088     -5.5922066      50.019307
   33      1118.1208       269.9978      34.376743     -5.5904931      49.987025
 33.1      1117.5619      270.00388      34.402245     -5.5887773      49.993788
 33.2      1117.0031      270.00472      34.433564     -5.5870582      50.039791
 33.3      1116.4445      270.00304      34.464716     -5.5853368      50.000087
 33.4       1115.886      270.00437      34.485136      -5.583613      49.994563
 33.5      1115.3278      270.00993      34.513209     -5.5818862      50.052355
 33.6      1114.7697      269.99028      34.541812     -5.5801572      49.981031
 33.7      1114.2118      270.00267      34.559755     -5.5784249       50.01113
 33.8       1113.654      269.99969       34.59175     -5.5766904      49.985386
 33.9      1113.0964      269.99574      34.611512     -5.5749527      50.006461
   34       1112.539      270.00408      34.650064     -5.5732132      50.008027
 34.1      1111.9818      269.99997      34.665526       -5.57147      50.012795
 34.2      1111.4247      270.00683      34.686892      -5.569725      50.006421
 34.3      1110.8678      269.99412      34.716537     -5.5679768      50.004222
 34.4      1110.3111      269.99519      34.737796     -5.5662259      50.017943
 34.5      1109.7546      270.00247      34.759279     -5.5644725      49.978529
 34.6      1109.1982      269.99494      34.796011     -5.5627168      49.981275
 34.7       1108.642      270.00069      34.821404     -5.5609579       50.00586
 34.8       1108.086      269.99771      34.849897     -5.5591963      49.979211
 34.9      1107.5302      270.00625      34.867457     -5.5574317      49.985408
   35      1106.9746      270.00249      34.893817     -5.5556649      49.986915
 35.1       1106.419      269.99768      34.921767     -5.5538952      49.993035
 35.2      1105.8638      269.99636      34.945015     -5.5521227      49.997678
 35.3      1105.3087      269.99769      34.992292     -5.5503473      49.983537
 35.4      1104.7537      270.01362      35.005282     -5.5485696      50.005737
 35.5      1104.1989      269.99972      35.025697     -5.5467888      49.994172
 35.6      1103.6444      269.99885      35.058105     -5.5450059      49.996347
 35.7      1103.0899      269.99888      35.088966     -5.5432194      50.020932
 35.8      1102.5357      270.00866      35.112171     -5.5414306      49.974277
 35.9      1101.9816      269.99017      35.139844     -5.5396388      50.030519
   36      1101.4278      270.00634      35.163749     -5.5378444      49.993515
 36.1      1100.8741      269.99591       35.17883     -5.5360471      50.009648
 36.2      1100.3206      269.99844      35.209479     -5.5342471      49.984511
 36.3      1099.7672      270.00386      35.246287     -5.5324441      49.990163
 36.4      1099.2141      269.99468      35.265583     -5.5306384      50.023522
 36.5      1098.6611      270.00242      35.294665     -5.5288305      50.004334
 36.6      1098.1083      269.99958      35.322856     -5.5270188      49.998095
 36.7      1097.5557      269.99204      35.340415     -5.5252049      50.002748
 36.8      1097.0033       270.0011      35.373867     -5.5233884      49.969743
 36.9       1096.451       270.0033      35.396886     -5.5215685      50.006436
   37      1095.8989      270.00365      35.417536     -5.5197464      49.965828
 37.1      1095.3471      269.99678      35.454825     -5.5179214      49.995947
 37.2      1094.7954      269.99991       35.47444      -5.516093      50.018428
 37.3      1094.2439      270.00354      35.503045     -5.5142619      49.998731
 37.4      1093.6926      270.00302      35.525021     -5.5124288      50.046087
 37.5      1093.1414      269.99779      35.555895     -5.5105923      50.007286
 37.6      1092.5904      269.99274      35.588579     -5.5087526      49.969721
 37.7      1092.0396      270.00155      35.621751     -5.5069106      50.029781
 37.8       1091.489       270.0018      35.633201     -5.5050658      50.017797
 37.9      1090.9386      270.00854      35.668414     -5.5032174      49.985519
   38      1090.3884      269.99116      35.696262     -5.5013669      50.004772
 38.1      1089.8384      269.99799      35.726071     -5.4995133      50.029407
 38.2      1089.2885      270.00246      35.754184     -5.4976568      50.029629
 38.3      1088.7388      269.99942      35.767667     -5.4957974      50.016501
 38.4      1088.1893      270.01157      35.801236     -5.4939348       49.98608
 38.5        1087.64      269.99791       35.83485     -5.4920701      50.001618
 38.6      1087.0909      269.98653      35.857937     -5.4902017      49.990078
 38.7       1086.542      270.00416      35.889826     -5.4883307      49.980946
 38.8      1085.9932      269.99205      35.915789     -5.4864572      50.009958
 38.9      1085.4447      270.00749      35.949285     -5.4845802      49.991285
   39      1084.8963      270.00229      35.948123      -5.482701      50.014436
 39.1      1084.3481      269.99804      35.988224      -5.480818      49.978714
 39.2      1083.8002      269.99442       36.01532     -5.4789328      49.996875
 39.3      1083.2523      270.01057      36.036298     -5.4770441      49.998691
 39.4      1082.7047      270.00176      36.068617     -5.4751528      50.005171
 39.5      1082.1573      269.99722       36.10686     -5.4732587      50.022785
 39.6      1081.6101      269.99605       36.12635     -5.4713617      50.016529
 39.7       1081.063      269.99898      36.158714      -5.469461      50.030809
 39.8      1080.5162      270.00717      36.189874     -5.4675581       49.97585
 39.9      1079.9695       270.0109      36.206188     -5.4656518      49.981667
   40      1079.4231      270.00015       36.23284     -5.4637431      50.006033
 40.1      1078.8768      270.00244      36.254992     -5.4618315      49.964032
 40.2      1078.3307      270.00184      36.288322     -5.4599159      50.024628
 40.3      1077.7848      269.99065      36.313241     -5.4579983      50.029419
 40.4      1077.2391       270.0008       36.34347     -5.4560772      49.985645
 40.5      1076.6936      269.99717      36.370888     -5.4541537      50.015861
 40.6      1076.1483      269.99757      36.395498     -5.4522266      50.001215
 40.7      1075.6031      269.99914      36.420638     -5.4502967      50.015487
 40.8      1075.0582      269.98354      36.452515     -5.4483638       49.99671
 40.9      1074.5135      269.99583      36.482297      -5.446428      50.018086
   41      1073.9689       270.0043      36.504695     -5.4444893      50.010031
 41.1      1073.4245      270.00069      36.539387     -5.4425474      50.014768
 41.2      1072.8804      269.99707      36.564189     -5.4406025      50.012134
 41.3      1072.3364      269.99806      36.591172     -5.4386547      49.995066
 41.4      1071.7927      269.99386      36.625511     -5.4367036      50.014327
 41.5      1071.2491      269.99603       36.66117     -5.4347499      49.989695
 41.6      1070.7057      269.99668      36.680578     -5.4327931      49.995346
 41.7      1070.1625      269.99894      36.707156     -5.4308326      50.001098
 41.8      1069.6195      270.00334      36.731299     -5.4288695      50.005562
 41.9      1069.0768      269.99988      36.759804     -5.4269034      50.051616
   42      1068.5342      269.99955      36.790204     -5.4249339       49.99654
 42.1      1067.9918      269.99525      36.811597     -5.4229617      50.006164
 42.2      1067.4496      270.00555      36.834145     -5.4209862      50.025411
 42.3      1066.9076      270.00133      36.872943     -5.4190081      50.051417
 42.4      1066.3658      270.00322      36.894446     -5.4170265      50.003647
 42.5      1065.8242      270.00125      36.928637     -5.4150422      49.971757
 42.6      1065.2828       270.0046      36.949634     -5.4130545      49.995677
 42.7      1064.7416      270.00863      36.975216      -5.411064      49.983253
 42.8      1064.2005      269.99754      37.002402     -5.4090698      50.000599
 42.9      1063.6598      270.00309      37.040041     -5.4070727      49.996268
   43      1063.1191      270.00385      37.077596      -5.405073      50.036034
 43.1      1062.5788      269.99995      37.095757     -5.4030697      50.026437
 43.2      1062.0385      270.01088      37.125539     -5.4010635      49.999042
 43.3      1061.4985      269.99443      37.151719     -5.3990541      49.993488
 43.4      1060.9587      269.99723      37.180389     -5.3970412      49.989401
 43.5      1060.4191      270.00044      37.220724     -5.3950257      50.014739
 43.6      1059.8797      270.00015       37.23108     -5.3930067      50.030382
 43.7      1059.3405      269.99873      37.262863     -5.3909848      49.998535
 43.8      1058.8016      269.99727      37.288209     -5.3889596      49.989574
 43.9      1058.2627       270.0047      37.324426     -5.3869319      49.985429
   44      1057.7242      269.99966      37.350137     -5.3849003      50.021541
 44.1      1057.1857      269.99542      37.375188     -5.3828655      50.023088
 44.2      1056.6476       270.0097      37.409634     -5.3808276      50.041439
 44.3      1056.1096      270.00519      37.428119     -5.3787865      50.006208
 44.4      1055.5718      270.00847      37.462955     -5.3767427      50.003274
 44.5      1055.0343      269.99985       37.49188     -5.3746954      49.981219
 44.6      1054.4969      270.01086       37.52815     -5.3726448      50.032149
 44.7      1053.9597      270.00524      37.550809      -5.370591      49.986227
 44.8      1053.4228      269.98969      37.576466     -5.3685341       49.98315
 44.9       1052.886       269.9928      37.597211     -5.3664738      50.006286
   45      1052.3494      270.00331      37.625081     -5.3644109      50.020019
 45.1      1051.8131      269.99934      37.665405     -5.3623441      50.022894
 45.2       1051.277      269.99918      37.686693     -5.3602743      49.963468
 45.3      1050.7411      270.00611      37.717993     -5.3582017      50.005757
 45.4      1050.2054      270.00968      37.743118     -5.3561251      50.010878
 45.5      1049.6699      270.00223       37.77782     -5.3540454      49.975965
 45.6      1049.1345      270.00072      37.806829     -5.3519632      49.998316
 45.7      1048.5995      270.01282      37.844245     -5.3498771       49.99283
 45.8      1048.0646      269.99994      37.873451      -5.347788      50.003056
 45.9      1047.5299      269.99743      37.897991     -5.3456951      49.978862
   46      1046.9954      269.99662      37.926942     -5.3435996      50.021551
 46.1      1046.4612      269.99583      37.943038     -5.3415004      50.038046
 46.2      1045.9271      270.00046      37.985832     -5.3393985      50.003291
 46.3      1045.3933       269.9951      38.002144      -5.337293      49.996979
 46.4      1044.8597      269.98944      38.027374     -5.3351836      50.013052
 46.5      1044.3262       269.9927      38.083441     -5.3330715      50.015468
 46.6      1043.7931      270.00248      38.096274     -5.3309561      50.010323
 46.7      1043.2601      270.00619      38.119739     -5.3288372      50.026797
 46.8      1042.7273      270.00685      38.152611     -5.3267153      49.990158
 46.9      1042.1947      270.01319      38.182051     -5.3245899      49.984668
   47      1041.6624      269.99385      38.199037     -5.3224613      50.032178
 47.1      1041.1302      270.00774      38.235862     -5.3203291      50.028604
 47.2      1040.5983      270.00046      38.272102      -5.318194       50.01246
 47.3      1040.0666      269.99733      38.298494     -5.3160552      49.972166
 47.4      1039.5351      269.99758      38.318062     -5.3139131      50.010036
 47.5      1039.0038      270.00506      38.353971     -5.3117676       49.99932
 47.6      1038.4728       270.0037      38.385193     -5.3096186      49.996109
 47.7      1037.9419      269.98972      38.415816     -5.3074667      49.997274
 47.8      1037.4113      270.00584      38.435122     -5.3053112      49.992982
 47.9      1036.8808      270.00471      38.475502     -5.3031524      49.979783
   48      1036.3506      269.99865      38.512148       -5.30099      49.986233
 48.1      1035.8206       269.9944       38.52376     -5.2988245      49.982186
 48.2      1035.2909      269.99562      38.564782     -5.2966557      50.002177
 48.3      1034.7613      269.99297      38.599389     -5.2944834       50.01316
 48.4      1034.2319      269.99971      38.623409     -5.2923074      50.010582
 48.5      1033.7028      269.99779      38.654122     -5.2901287      49.998244
 48.6      1033.1739      269.99822      38.677611     -5.2879458      49.996106
 48.7      1032.6452      270.00126       38.70884     -5.2857596      50.011833
 48.8      1032.1168      269.99831      38.733003     -5.2835704      50.032026
 48.9      1031.5885      269.99035      38.768435     -5.2813774      50.011996
   49      1031.0605       269.9966      38.795645     -5.2791812      50.021262
 49.1      1030.5327      269.99702       38.82472     -5.2769815      49.995214
 49.2      1030.0051       269.9902      38.866447     -5.2747785      49.968402
 49.3      1029.4777      270.00506      38.887249     -5.2725715      49.962759
 49.4      1028.9506      269.98761      38.921287     -5.2703617      49.959999
 49.5      1028.4237      270.00241      38.949623     -5.2681483      49.966502
 49.6       1027.897      269.99832      38.971516     -5.2659316      49.989018
 49.7      1027.3705      269.99793      38.996388     -5.2637109      49.996585
 49.8      1026.8442      270.00369      39.028847     -5.2614873      49.981175
 49.9      1026.3182      269.99827        39.0685     -5.2592597      49.999084
   50      1025.7924      269.99871      39.095142      -5.257029      49.980589
 50.1      1025.2668      269.99503      39.131149     -5.2547944      49.986936
 50.2      1024.7414      270.00641      39.154644     -5.2525565      50.002509
 50.3      1024.2163      270.00563      39.179309     -5.2503152      50.017738
 50.4      1023.6913       270.0039      39.217409       -5.24807      50.023444
 50.5      1023.1666      270.00303      39.253203     -5.2458216      49.994239
 50.6      1022.6422      270.00413       39.27854     -5.2435697       50.00208
 50.7      1022.1179      270.00396      39.306095     -5.2413144      49.989583
 50.8      1021.5939      270.00224       39.33491     -5.2390554      49.993812
 50.9      1021.0702      270.00359      39.374698     -5.2367932      50.010109
   51      1020.5465      269.99595      39.402924      -5.234527      49.961872
 51.1      1020.0232      270.00017      39.425488     -5.2322576      50.003701
 51.2      1019.5001      270.00313      39.450552     -5.2299842      50.021429
 51.3      1018.9772      269.99588      39.483296     -5.2277073      50.011256
 51.4      1018.4545            270      39.520707     -5.2254275      50.000625
 51.5      1017.9321      269.99893      39.542947     -5.2231434      50.011303
 51.6      1017.4099      270.00705      39.577336     -5.2208563      50.016433
 51.7      1016.8879      270.00269      39.609243     -5.2185649      50.010548
 51.8      1016.3662      270.00626      39.636597     -5.2162701      49.956808
 51.9      1015.8447      270.00355      39.667275      -5.213972      49.995024
   52      1015.3234      270.00574      39.700033     -5.2116706      50.007669
 52.1      1014.8024      269.99946      39.728705     -5.2093651      50.008041
 52.2      1014.2816      270.00066      39.754747      -5.207056      50.004956
 52.3      1013.7609      269.99643      39.797145     -5.2047434      50.008144
 52.4      1013.2406       270.0022      39.818338     -5.2024272      50.023775
 52.5      1012.7205       270.0175      39.860079     -5.2001077      50.000383
 52.6      1012.2006      270.00056      39.882887     -5.1977836      49.982284
 52.7      1011.6809      269.99974      39.913779     -5.1954566      49.993596
 52.8      1011.1615      270.00488      39.953621     -5.1931256      50.001229
 52.9      1010.6423       269.9911      39.978478     -5.1907912      49.999238
   53      1010.1233      270.00643      40.005471     -5.1884537      49.989201
 53.1      1009.6046      269.99518      40.033861     -5.1861114      50.007078
 53.2      1009.0861      270.00323      40.066448     -5.1837658      49.997264
 53.3      1008.5678      270.00157      40.102527     -5.1814166      50.000404
 53.4      1008.0498      269.99962      40.135958     -5.1790641      50.001545
 53.5      1007.5321      269.99592      40.162325     -5.1767074       50.01214
 53.6      1007.0145      270.00238      40.190183     -5.1743473      49.978968
 53.7      1006.4972      270.00641       40.22588     -5.1719833      49.986713
 53.8      1005.9801      270.00389      40.258791     -5.1696155      49.994936
 53.9      1005.4632      270.00795      40.283598     -5.1672447      49.998534
   54      1004.9466      269.99212      40.325242     -5.1648691      50.030998
 54.1      1004.4303      270.00011      40.346072     -5.1624907      50.006582
 54.2      1003.9141      269.99232      40.384368     -5.1601084      50.008502
 54.3      1003.3982      270.00065      40.415918     -5.1577222      49.998494
 54.4      1002.8826      270.00308      40.441901     -5.1553321      49.995779
 54.5      1002.3672      269.99563        40.4723     -5.1529384      50.007068
 54.6       1001.852      270.00728      40.508965     -5.1505409      50.020573
 54.7      1001.3371       269.9973      40.525001     -5.1481396      49.994578
 54.8      1000.8224      270.00355      40.566756     -5.1457348       50.00446
 54.9      1000.3079      269.99803      40.598276     -5.1433263      50.018985
   55      999.79371       269.9957      40.631305     -5.1409137       50.02659
 55.1      999.27976      269.99581      40.655581     -5.1384974      50.016012
 55.2      998.76602      269.99174      40.683984     -5.1360773       49.99666
 55.3      998.25255      270.00867      40.708407     -5.1336532      49.985821
 55.4      997.73929       269.9861      40.758011     -5.1312255      50.017119
 55.5      997.22627      269.99265      40.792553     -5.1287942      49.987695
 55.6      996.71354      269.98866      40.815392      -5.126359      49.963145
 55.7      996.20099      269.99235      40.863039     -5.1239197      49.992384
 55.8      995.68876      269.98412       40.87742     -5.1214766      50.005795
 55.9      995.17673      270.00343      40.905201       -5.11903      49.985757
   56      994.66496      270.00023      40.943492     -5.1165791      50.041134
 56.1      994.15337      269.99411      40.976592     -5.1141251       49.96574
 56.2      993.64211       269.9926      41.011569     -5.1116665      50.004737
 56.3      993.13107       269.9925      41.040105     -5.1092042       50.00618
 56.4      992.62027      269.99841       41.06682     -5.1067386       49.98371
 56.5      992.10973       269.9885      41.094298     -5.1042685      50.004342
 56.6      991.59943      270.00232      41.131434      -5.101795      49.981383
 56.7      991.08937      269.99949      41.158867     -5.0993173      50.001745
 56.8      990.57956      269.99805      41.202624     -5.0968359      49.998542
 56.9      990.07002      270.00371      41.229822     -5.0943504      50.007125
   57      989.56068      270.00198      41.251743     -5.0918608      49.952456
 57.1      989.05162      269.99804      41.296398     -5.0893677       49.98673
 57.2       988.5428      270.00017      41.321072     -5.0868705      50.020212
 57.3      988.03425      269.99924      41.366016     -5.0843693      50.007314
 57.4      987.52595      269.99644      41.390689     -5.0818645      49.998762
 57.5      987.01785      270.00631      41.423779     -5.0793555      50.017819
 57.6      986.51007      270.00687      41.450091     -5.0768427      49.962608
 57.7      986.00249      270.00041      41.489707     -5.0743257      50.022316
 57.8      985.49521      269.99414      41.519284     -5.0718053      49.969518
 57.9      984.98811      269.99333      41.552348      -5.069281       50.00684
   58      984.48131      270.00143      41.581531     -5.0667521      50.002499
 58.1      983.97482      269.99849      41.619284     -5.0642194       49.99388
 58.2       983.4685      269.99536      41.633987     -5.0616828      49.973277
 58.3      982.96242      270.00075      41.681181     -5.0591423      50.019901
 58.4      982.45664      269.99327      41.718552      -5.056598      50.015049
 58.5      981.95114      270.00193        41.7439     -5.0540494      50.031222
 58.6      981.44587      269.99097      41.780677     -5.0514969      50.031429
 58.7      980.94084      269.98603      41.806455     -5.0489404      49.999952
 58.8      980.43609      269.99881      41.843307     -5.0463796      49.977809
 58.9      979.93157      269.99439      41.871492     -5.0438157      49.969227
   59      979.42731      270.00872      41.913884     -5.0412467      49.998582
 59.1      978.92333       270.0078      41.942604     -5.0386741      50.013879
 59.2      978.41961      269.99652      41.980351     -5.0360979      50.013821
 59.3      977.91609      269.99448      42.004922      -5.033517      49.977019
 59.4      977.41287      269.99877      42.037482     -5.0309325      50.010329
 59.5      976.90993       269.9982       42.07229     -5.0283439      50.010619
 59.6      976.40719       270.0079      42.111488     -5.0257509      49.983968
 59.7      975.90473      269.99802      42.122376     -5.0231538      50.000673
 59.8      975.40257      270.00685      42.159229     -5.0205532       50.00985
 59.9      974.90065      270.00704      42.208785      -5.017948      49.997399
   60      974.39898       270.0143      42.245161     -5.0153393      50.026577
 60.1      973.89756      269.99784      42.266123     -5.0127261      50.002777
 60.2      973.39642      269.99729      42.307919     -5.0101089      49.976637
 60.3      972.89554      270.00953      42.345472     -5.0074875      50.005979
 60.4      972.39496       269.9958      42.367173      -5.004862      49.999683
 60.5      971.89458      269.98967      42.396498     -5.0022324      50.004085
 60.6       971.3945      270.00049      42.429395     -4.9995986      49.982369
 60.7      970.89467      270.00285      42.463718      -4.996961      50.006125
 60.8       970.3951      269.99793      42.502815     -4.9943188      49.990639
 60.9      969.89576        269.998      42.530411     -4.9916728      49.987505
   61      969.39677      269.99228      42.576075     -4.9890225      50.041851
 61.1      968.89801      270.00982       42.59578      -4.986368      49.988358
 61.2      968.39948      270.00115      42.626848     -4.9837092      49.986209
 61.3      967.90125      269.99688      42.667273     -4.9810467      49.999336
 61.4      967.40327      270.00229       42.69879     -4.9783797      49.983331
 61.5      966.90561      270.00478      42.733403     -4.9757085      49.949848
 61.6      966.40814      269.99404      42.752189     -4.9730334      50.011269
 61.7      965.91097      270.00128      42.796607      -4.970354      49.996789
 61.8      965.41405      269.99725      42.820409     -4.9676702      49.987251
 61.9      964.91742       270.0094      42.865348     -4.9649822      49.991916
   62      964.42105      270.00091      42.902123     -4.9622907      49.971067
 62.1      963.92499      269.99359      42.937969     -4.9595941      49.990623
 62.2      963.42917      269.99937      42.969071      -4.956894      49.975395
 62.3      962.93358      270.00256      43.001091     -4.9541893      49.979426
 62.4      962.43837      270.01197      43.036335     -4.9514803      49.992527
 62.5      961.94332      270.00023      43.065214      -4.948767      49.996602
 62.6      961.44857      270.00325      43.098969     -4.9460499      50.016054
 62.7      960.95413      270.00686      43.138697     -4.9433282      49.972507
 62.8      960.45985       270.0029      43.172775      -4.940602      49.996328
 62.9      959.96597      269.99505      43.197651     -4.9378716      50.007388
   63      959.47232      269.99908      43.223868     -4.9351371      49.993981
 63.1      958.97895      269.99627      43.254884     -4.9323984      50.023027
 63.2      958.48582      270.00404      43.292491     -4.9296555      49.973386
 63.3      957.99302      270.00878      43.329928      -4.926908      49.991114
 63.4      957.50042      269.99987      43.372078      -4.924156      49.990877
 63.5      957.00819        270.006      43.399056     -4.9214002      50.011932
 63.6      956.51619      269.99603      43.436947     -4.9186403      49.982859
 63.7      956.02446      270.00091      43.473537     -4.9158755      49.992281
 63.8      955.53301      269.99899      43.497556      -4.913107      49.981835
 63.9      955.04182       270.0093      43.534678     -4.9103336       49.98486
   64      954.55095      270.00168      43.569335     -4.9075561      49.958997
 64.1      954.06032      270.00436       43.60319     -4.9047741      50.011536
 64.2      953.56995      269.99807      43.639418     -4.9019882      50.040634
 64.3      953.07992      269.99641      43.680554     -4.8991973      50.046238
 64.4      952.59013      270.00225      43.707428     -4.8964024      49.990961
 64.5      952.10063      269.99535      43.748519      -4.893603      50.017693
 64.6      951.61143      269.99225      43.780799     -4.8907996      49.999942
 64.7      951.12249      269.99828      43.814274     -4.8879914      49.985609
 64.8      950.63382      270.00914      43.853104     -4.8851791      49.964221
 64.9      950.14544      269.99776      43.894155     -4.8823621      49.958702
   65      949.65739      270.00126      43.924708     -4.8795409      49.973421
 65.1      949.16956      269.99661      43.941736     -4.8767151      49.975333
 65.2      948.68201      269.98828      43.988286     -4.8738849       49.96718
 65.3      948.19477            270      44.012705     -4.8710503      50.038252
 65.4      947.70783      270.00964      44.042868     -4.8682117      49.998286
 65.5      947.22116      269.99811      44.082008      -4.865368      50.007589
 65.6      946.73475      269.99347      44.111107     -4.8625201      50.016786
 65.7      946.24861      269.99435      44.151688     -4.8596679      49.976536
 65.8      945.76278      270.00207      44.200523     -4.8568116      50.005755
 65.9      945.27727      269.99761      44.224815       -4.85395      50.004386
   66      944.79199       270.0056      44.277523     -4.8510846      50.001245
 66.1      944.30702      269.99843      44.299261     -4.8482142      50.004438
 66.2      943.82235      269.98811      44.337566     -4.8453397      49.987327
 66.3      943.33799       269.9975      44.365851     -4.8424608      50.017881
 66.4      942.85387      270.00406      44.399957     -4.8395772      49.991196
 66.5      942.37006      270.00585      44.431986     -4.8366891      49.984122
 66.6      941.88655      270.00731      44.472303      -4.833797      50.009112
 66.7       941.4033      270.00568      44.497945     -4.8308996      50.029916
 66.8      940.92033      270.00612      44.536513      -4.827998       49.98986
 66.9      940.43771       270.0108      44.570295      -4.825092      49.986034
   67      939.95534      270.00873      44.612416     -4.8221816      50.003432
 67.1      939.47326        270.001      44.655172     -4.8192658      50.014168
 67.2      938.99147       269.9973      44.693941     -4.8163463      50.020959
 67.3      938.50998      269.99841      44.706866     -4.8134217      50.003745
 67.4      938.02879      270.00401      44.754031     -4.8104933       49.98506
 67.5      937.54788      270.00686      44.783569     -4.8075595      50.016781
 67.6      937.06727      269.99859      44.816391     -4.8046216       49.99736
 67.7      936.58694      270.00858      44.858433     -4.8016791      50.028938
 67.8      936.10694      269.99586      44.890485     -4.7987322      49.980874
 67.9      935.62721      269.99735      44.928832     -4.7957803      50.001403
   68       935.1478       269.9978      44.968301     -4.7928241      50.020915
 68.1      934.66868      269.99622       44.99403     -4.7898632      49.980046
 68.2      934.18984      270.00496      45.033959     -4.7868976      49.979897
 68.3       933.7113      269.99893      45.060625     -4.7839277      49.979195
 68.4      933.23305      270.01054      45.103675     -4.7809526      50.001647
 68.5       932.7551      269.99997      45.147051     -4.7779732      49.994883
 68.6      932.27745      270.01061      45.167096     -4.7749893      50.014374
 68.7      931.80008      269.98616      45.214872     -4.7720004      49.993364
 68.8      931.32305      270.00205      45.240637     -4.7690074      50.026772
 68.9      930.84627      270.00161      45.285252     -4.7660092      49.994523
   69      930.36985      270.01104      45.317166     -4.7630064      49.981702
 69.1      929.89367      270.00149       45.35391     -4.7599992      49.983201
 69.2      929.41782      270.01013      45.382162     -4.7569877      49.996496
 69.3      928.94228      270.01069      45.421981     -4.7539707      50.069177
 69.4      928.46702       269.9965      45.461901     -4.7509493       50.07878
 69.5       927.9921      269.99324      45.499295     -4.7479232      50.019144
 69.6      927.51748      270.00488      45.533731     -4.7448926      50.009388
 69.7      927.04312      269.99535      45.567126     -4.7418569      49.982256
 69.8       926.5691       269.9991      45.614357     -4.7388167      49.986168
 69.9      926.09536      269.99674      45.641707     -4.7357716      49.988033
   70      925.62195      270.00057      45.674476     -4.7327222      50.022569
 70.1      925.14881      270.00339      45.710668     -4.7296677       50.01112
 70.2        924.676      270.00405      45.750685     -4.7266087      50.005922
 70.3      924.20354      270.00077      45.792575     -4.7235452       49.99247
 70.4      923.73131       269.9946      45.821063     -4.7204765      49.983409
 70.5      923.25938      269.99518      45.864681      -4.717403      49.998614
 70.6      922.78783      270.00167      45.897282     -4.7143248      49.972359
 70.7      922.31651      269.98758       45.92909     -4.7112417      50.010937
 70.8      921.84556      269.99332      45.963979     -4.7081543      50.003547
 70.9      921.37491      269.99108      46.006011     -4.7050617      49.989122
   71      920.90456      269.99813      46.040817     -4.7019643      49.992339
 71.1       920.4345      270.00276       46.07269     -4.6988624      49.992915
 71.2      919.96479      270.01348       46.10979     -4.6957556      49.985597
 71.3      919.49539      269.99998      46.153903     -4.6926438      49.977619
 71.4      919.02621      269.99391      46.190344     -4.6895273      49.983594
 71.5      918.55743      269.99741      46.222167     -4.6864057       49.97195
 71.6      918.08899      270.00261      46.265254     -4.6832796      50.006125
 71.7      917.62079      270.00582      46.295206     -4.6801485      49.990321
 71.8      917.15294      269.99738       46.33322     -4.6770128      49.989774
 71.9      916.68541      269.99997      46.377615     -4.6738716      50.006889
   72       916.2182      270.00675      46.404264     -4.6707264      49.994309
 72.1      915.75122      270.00128      46.432453     -4.6675761      49.970117
 72.2      915.28463      270.00046      46.473604     -4.6644209      50.002677
 72.3      914.81836      269.99811      46.519447     -4.6612604      49.982706
 72.4      914.35239      269.99782      46.553449     -4.6580954       50.02174
 72.5      913.88675        270.006      46.607196     -4.6549256      50.032724
 72.6       913.4214      269.99697      46.620484     -4.6517505      49.989683
 72.7      912.95642      269.99973      46.664152      -4.648571      50.022703
 72.8      912.49168      269.99413      46.702789     -4.6453858      50.028028
 72.9      912.02732      270.00346      46.731752      -4.642196      49.948252
   73      911.56327      270.00141      46.782837     -4.6390016      50.023912
 73.1      911.09952      270.00251      46.818074     -4.6358023      49.997505
 73.2      910.63608      269.99985      46.859756     -4.6325976      50.026519
 73.3        910.173      269.99579      46.892098     -4.6293884      50.027487
 73.4      909.71021      269.99952      46.905251     -4.6261745       50.01265
 73.5      909.24775       269.9927      46.957199     -4.6229549      50.013484
 73.6      908.78565      269.99808      47.001762     -4.6197306      50.047196
 73.7      908.32381      270.01313      47.032696     -4.6165013       50.00458
 73.8      907.86232      270.00954      47.076321     -4.6132672      49.978076
 73.9      907.40115      270.00495      47.111731     -4.6100278      49.979122
   74      906.94032      270.00248      47.146445      -4.606784      50.032736
 74.1      906.47978       270.0047      47.187413     -4.6035341      50.002141
 74.2      906.01958      270.00222      47.227455     -4.6002802      50.005789
 74.3      905.55975      270.00529      47.268575     -4.5970213      50.019029
 74.4      905.10019      270.00687      47.294567     -4.5937569      49.986218
 74.5      904.64099      269.99417      47.334017     -4.5904879      49.981315
 74.6      904.18213      269.99891      47.370835     -4.5872136      50.014826
 74.7      903.72357      269.99985      47.417437     -4.5839341      50.010035
 74.8      903.26535      269.99684      47.459292     -4.5806496        49.9971
 74.9      902.80741      269.99433      47.494118     -4.5773602      49.978069
   75      902.34987      270.00727      47.533549     -4.5740655      49.966028
 75.1      901.89262       270.0038      47.565132     -4.5707664       49.99585
 75.2      901.43572      269.99481      47.597009     -4.5674618      49.995545
 75.3      900.97912      269.99401      47.643342     -4.5641525      49.999129
 75.4      900.52289      270.00243      47.687242     -4.5608373      49.990627
 75.5      900.06697      269.99607      47.718257     -4.5575174      49.990696
 75.6      899.61136      269.99317      47.758675     -4.5541924      49.985686
 75.7      899.15611      269.99859      47.782607     -4.5508625      49.977579
 75.8      898.70117       269.9952      47.832737     -4.5475274      50.010811
 75.9      898.24661      270.00483      47.866725     -4.5441869       50.01264
   76      897.79236      270.01316      47.908902      -4.540841      49.980855
 76.1      897.33843      269.99031      47.951198      -4.537491      49.995387
 76.2      896.88486      270.00476      47.978506     -4.5341352      50.007445
 76.3      896.43161       270.0024      48.028957     -4.5307745      50.010355
 76.4       895.9787       269.9952      48.053309     -4.5274081      49.994404
 76.5      895.52615      270.00547      48.097238      -4.524037      50.013057
 76.6      895.07391      269.99495      48.137109     -4.5206608      50.013576
 76.7      894.62202       269.9893      48.179827     -4.5172794      50.007274
 76.8      894.17042      269.99362      48.210355     -4.5138925      50.023093
 76.9      893.71922      270.00329      48.245331     -4.5105008      50.003505
   77      893.26835      270.00234      48.297247     -4.5071039      49.973067
 77.1      892.81778      270.00572      48.329765     -4.5037016       49.97983
 77.2      892.36764      270.00279       48.35539     -4.5002939      50.010982
 77.3      891.91775      270.00719      48.406705     -4.4968814      49.975186
 77.4      891.46821      269.98863      48.433878     -4.4934636       50.03078
 77.5      891.01907      269.99827      48.486704     -4.4900405      50.005723
 77.6      890.57022      269.99793      48.528828     -4.4866123      49.988945
 77.7      890.12173      269.99967      48.558634     -4.4831789      49.989623
 77.8      889.67357      270.00609      48.593278     -4.4797399      49.974057
 77.9      889.22575      269.99614      48.644292     -4.4762962      49.976667
   78       888.7783      270.00144      48.673243     -4.4728467      49.997726
 78.1       888.3312      269.98918      48.710413     -4.4693918      50.045621
 78.2      887.88445      269.99478      48.746785     -4.4659323      49.982666
 78.3      887.43803      270.00535      48.784592     -4.4624671      49.995431
 78.4      886.99193      269.99007      48.833526     -4.4589968      49.996792
 78.5      886.54624      270.00807      48.869106      -4.455521      49.985939
 78.6      886.10086      269.99725      48.914554       -4.45204      50.019383
 78.7      885.65581      270.00301      48.948867     -4.4485539      49.993099
 78.8      885.21112      269.99333      48.987152     -4.4450626      50.035746
 78.9      884.76682      270.00431      49.017692     -4.4415652      49.967339
   79      884.32282      269.99999      49.062331     -4.4380632      49.990782
 79.1      883.87917      270.00714      49.106604     -4.4345556      50.001267
 79.2      883.43591      269.99688      49.142858     -4.4310426      49.965167
 79.3      882.99299      269.99582      49.191886     -4.4275247      50.011411
 79.4      882.55038       269.9957      49.213596     -4.4240007        50.0127
 79.5      882.10822      270.01123       49.26238     -4.4204719      50.006538
 79.6      881.66627      269.99813      49.303503     -4.4169378      50.022831
 79.7      881.22476      269.99089      49.338239     -4.4133982       50.04376
 79.8      880.78365      270.00539      49.382481     -4.4098529      50.016165
 79.9      880.34283      270.00014      49.430852     -4.4063027      49.999709
   80      879.90236      269.99798      49.455017     -4.4027469      50.019372
 80.1      879.46227      270.00294      49.498608     -4.3991853      49.991273
 80.2      879.02255      270.00507      49.532165     -4.3956192      49.972493
 80.3      878.58313      269.99637      49.584109     -4.3920471      49.998868
 80.4      878.14414      270.00063      49.612828       -4.38847      49.992199
 80.5      877.70547      269.99823      49.654586     -4.3848868      50.001341
 80.6      877.26715      269.99672      49.707347      -4.381299      50.032844
 80.7       876.8292       270.0027      49.743802     -4.3777055      50.012974
 80.8      876.39159      270.00411      49.774695     -4.3741062      49.990206
 80.9      875.95436      269.99219      49.824715      -4.370502      49.986974
   81       875.5175      270.00631      49.855126     -4.3668915       50.00745
 81.1      875.08102      270.00084      49.899467     -4.3632765      50.036145
 81.2      874.64484      269.99866      49.949334     -4.3596554      50.001718
 81.3      874.20906      269.99094      49.991829     -4.3560289       49.98557
 81.4      873.77363      269.99853      50.016534     -4.3523971      49.981692
 81.5      873.33856       269.9996       50.05903     -4.3487599      50.019155
 81.6      872.90389      270.00059      50.105282     -4.3451173      50.013925
 81.7      872.46958      269.99752      50.143042     -4.3414689      50.014472
 81.8      872.03562      270.00528      50.178511     -4.3378149      49.986778
 81.9      871.60201      270.00892      50.218935     -4.3341559      50.007124
   82      871.16876      270.00708      50.255984     -4.3304912      49.992601
 82.1      870.73589      269.99869      50.287914     -4.3268208      50.023376
 82.2      870.30341      270.00191      50.340318     -4.3231446      49.991235
 82.3      869.87129      270.00231       50.37483     -4.3194635      50.003138
 82.4      869.43953      269.99646       50.42082     -4.3157765      49.995985
 82.5      869.00808      269.99993      50.476635     -4.3120844      50.026493
 82.6      868.57709      269.99665      50.503367     -4.3083862      50.014359
 82.7      868.14642      270.00039      50.552349     -4.3046826      50.001854
 82.8      867.71615      270.00917      50.578054     -4.3009736      49.995304
 82.9      867.28628      269.99893      50.632319     -4.2972584      49.977127
   83      866.85669      269.99584      50.656213     -4.2935382      50.004246
 83.1      866.42751      270.00783      50.704877     -4.2898128      50.010149
 83.2      865.99875        270.005      50.748903     -4.2860811      49.949887
 83.3      865.57032        269.997      50.791591     -4.2823442       49.96419
 83.4      865.14227       269.9958      50.828184     -4.2786015      49.997382
 83.5      864.71462      270.00802      50.863624     -4.2748532      50.013828
 83.6      864.28731      270.00018       50.90375     -4.2710991      49.983265
 83.7      863.86039      270.00106       50.94753     -4.2673398      49.974373
 83.8      863.43383      270.00199      50.986828     -4.2635749         49.972
 83.9      863.00767      269.99642      51.030389      -4.259804      50.012626
   84      862.58187       270.0062      51.069337     -4.2560276      49.994303
 84.1      862.15646      270.01341      51.122936     -4.2522457       49.99086
 84.2      861.73144      269.98589      51.158534     -4.2484577      50.032366
 84.3      861.30677      270.00113      51.199803     -4.2446649      49.984934
 84.4      860.88248      270.00538      51.234631      -4.240866      50.000297
 84.5      860.45859      269.99547      51.282239     -4.2370612       50.00789
 84.6      860.03506      270.00051      51.323797     -4.2332512      50.011431
 84.7      859.61196      270.00097       51.35796     -4.2294351      49.990185
 84.8      859.18919      269.99659      51.397902     -4.2256134      50.007406
 84.9      858.76681        270.004      51.435127     -4.2217857        50.0528
   85      858.34485      270.00694       51.49251     -4.2179528      49.963276
 85.1      857.92322      270.00127       51.52325     -4.2141141      50.008709
 85.2      857.50202       270.0021      51.570793     -4.2102696      50.010221
 85.3      857.08121      269.99688      51.612562     -4.2064194      49.976057
 85.4      856.66075      270.00637      51.654205     -4.2025637      49.991004
 85.5      856.24066      269.99949      51.691693     -4.1987023      50.012739
 85.6      855.82099       270.0025      51.735711      -4.194835      50.034133
 85.7      855.40173       270.0067      51.776955     -4.1909616      49.982811
 85.8      854.98279      269.99831      51.828129     -4.1870825      50.008508
 85.9      854.56429      269.99889      51.855663     -4.1831981      50.002331
   86      854.14616      270.00051      51.902899     -4.1793077       50.03004
 86.1      853.72844      269.99873      51.951993     -4.1754115      50.010254
 86.2      853.31108      269.99277      51.990229       -4.17151       49.99734
 86.3      852.89413      270.00275      52.023572     -4.1676024       49.99411
 86.4      852.47756      269.99177      52.076275     -4.1636887      49.974807
 86.5      852.06143      269.99827      52.098444     -4.1597698      50.034088
 86.6      851.64562      269.99198      52.153011     -4.1558443      49.997038
 86.7       851.2302      270.00744      52.206864     -4.1519137       49.96822
 86.8      850.81519      270.00049      52.242871     -4.1479774      50.011458
 86.9      850.40059      270.00272      52.286699     -4.1440349      50.021752
   87      849.98644       269.9985       52.32388     -4.1400865      49.981322
 87.1      849.57258      270.00904      52.364489     -4.1361325      49.995453
 87.2       849.1592      269.99771      52.412889     -4.1321725      50.018699
 87.3      848.74617      270.00658      52.464497      -4.128207       49.96647
 87.4      848.33351      270.00656      52.492089     -4.1242357      50.010325
 87.5      847.92135      269.99702      52.544162     -4.1202581      50.031668
 87.6       847.5095      270.00244      52.575381     -4.1162752       50.00903
 87.7       847.0981      270.00072      52.618468     -4.1122857      49.983575
 87.8      846.68704      270.01204      52.667138     -4.1082908      49.996819
 87.9      846.27641      269.99434      52.700848       -4.10429      50.000191
   88      845.86616      269.99101      52.753916     -4.1002836      50.030136
 88.1      845.45635      270.00177      52.781625     -4.0962706      50.008027
 88.2      845.04692      269.99447      52.820064     -4.0922522      49.987786
 88.3      844.63787      269.99666      52.875665     -4.0882282      50.031632
 88.4      844.22928      270.00189       52.92118     -4.0841981      49.998005
 88.5      843.82106       269.9926      52.969356     -4.0801615      49.990226
 88.6      843.41323       270.0061      53.005588     -4.0761196      50.003675
 88.7      843.00584      270.00239       53.05318     -4.0720718      50.026518
 88.8      842.59881      270.00809      53.092028     -4.0680179      50.005093
 88.9      842.19222      269.99823      53.137453      -4.063958      50.018675
   89      841.78604      270.00518      53.171065     -4.0598925      50.020484
 89.1      841.38024      269.99365      53.219144     -4.0558205      50.032259
 89.2      840.97488      270.00137      53.259215     -4.0517432      49.974394
 89.3       840.5699      270.00642      53.304362     -4.0476599      49.970741
 89.4      840.16532      269.99631      53.361899     -4.0435703      50.010757
 89.5      839.76121       270.0005      53.384017     -4.0394746      50.001752
 89.6      839.35746      270.00928      53.435407     -4.0353736      50.027742
 89.7      838.95412      269.99554      53.476629     -4.0312663      50.001355
 89.8      838.55121      269.99368      53.523896     -4.0271526      50.000995
 89.9       838.1487      270.00532      53.575265     -4.0230334        49.9967
   90       837.7466      269.99987      53.613612     -4.0189078      49.994743
 90.1       837.3449      269.99372      53.648067      -4.014777      49.983775
 90.2      836.94362      269.99491      53.687085     -4.0106396      49.996794
 90.3      836.54277      270.00198      53.743569     -4.0064965      49.969199
 90.4      836.14235      270.00139      53.776588     -4.0023471      49.994782
 90.5      835.74228      269.99799      53.821711     -3.9981923      49.983211
 90.6      835.34268      270.00131      53.872033     -3.9940306      49.991871
 90.7      834.94352      270.00321      53.904346     -3.9898633      49.999911
 90.8      834.54474      269.99583      53.965565     -3.9856901      49.974731
 90.9      834.14635      269.99818      54.000975     -3.9815108      49.987224
   91      833.74841      269.99587      54.042801     -3.9773254       49.99275
 91.1      833.35089      270.00767      54.092542     -3.9731343      49.955775
 91.2      832.95379      269.99271      54.136338     -3.9689363      49.991736
 91.3      832.55706       270.0092      54.174188     -3.9647329      49.989804
 91.4      832.16084      269.99675      54.225797     -3.9605233      49.983226
 91.5      831.76501      269.99999      54.265542     -3.9563077      49.996494
 91.6      831.36963      270.00546      54.313706     -3.9520861      49.980208
 91.7      830.97456      270.00418      54.352943     -3.9478581      50.033972
 91.8         830.58      269.99806       54.39442     -3.9436247      50.004489
 91.9      830.18585      270.00504      54.449529     -3.9393846      50.024849
   92      829.79212       269.9933      54.479289     -3.9351384       50.01551
 92.1      829.39882      270.00786      54.531515     -3.9308865      50.005915
 92.2      829.00592      270.00659      54.583609     -3.9266282      50.022838
 92.3      828.61351      270.00011      54.614033     -3.9223644      50.019706
 92.4      828.22147       270.0023      54.664286     -3.9180936      49.997867
 92.5       827.8299      270.00556      54.706818      -3.913817      50.019737
 92.6      827.43872      269.99814      54.747397      -3.909535      50.028291
 92.7        827.048       270.0031      54.793762     -3.9052459      50.002234
 92.8       826.6577      270.00392       54.84175     -3.9009513      49.990282
 92.9      826.26779      270.00211      54.895953     -3.8966502      50.011732
   93      825.87832      269.99192      54.932284     -3.8923428       50.00896
 93.1      825.48933      269.99809      54.970422     -3.8880295      50.015783
 93.2      825.10076      269.98875      55.005183     -3.8837103      50.000606
 93.3      824.71258      269.99782      55.062472     -3.8793849      50.013854
 93.4      824.32487      269.99551      55.107222     -3.8750527      50.019348
 93.5      823.93755      269.99945      55.145958     -3.8707153      50.003311
 93.6      823.55074      270.00215       55.20096     -3.8663712      50.011711
 93.7       823.1643      270.00474      55.242254     -3.8620211      49.975545
 93.8       822.7783      269.99918      55.288219     -3.8576646      49.958827
 93.9      822.39273      270.00023      55.326964     -3.8533024      49.970736
   94      822.00764      270.00578      55.370756     -3.8489335      49.976382
 94.1      821.62296      270.00737      55.416959     -3.8445588      50.011042
 94.2      821.23873      270.00124      55.458275     -3.8401776      49.977706
 94.3      820.85495      270.00489      55.506683     -3.8357901      50.025592
 94.4       820.4716      269.99586      55.558851     -3.8313964      50.020303
 94.5      820.08866      270.00906      55.586949     -3.8269972      49.965433
 94.6      819.70618      269.99622      55.634882     -3.8225912      49.980167
 94.7      819.32415      269.99563      55.690335     -3.8181792      49.998819
 94.8       818.9426      270.00307      55.737292     -3.8137608      49.969526
 94.9       818.5614      269.99963      55.775283     -3.8093358      49.994582
   95      818.18068      269.99099      55.829044     -3.8049056      50.021541
 95.1      817.80044      270.00614      55.878525     -3.8004687      49.987615
 95.2      817.42059      270.00396      55.920632     -3.7960252      49.994955
 95.3      817.04119      270.00939      55.953253     -3.7915758      49.986186
 95.4      816.66229      270.00168      56.003471     -3.7871206      49.989404
 95.5      816.28377      270.00402      56.048276     -3.7826585      49.989752
 95.6      815.90574      269.99344      56.096759     -3.7781902      49.992617
 95.7      815.52816       270.0106      56.140448     -3.7737158       49.98744
 95.8      815.15101      270.01346      56.185122      -3.769235      50.022094
 95.9      814.77427      269.99784      56.246406     -3.7647482      50.025035
   96        814.398      269.99605      56.279375     -3.7602548       50.00394
 96.1      814.02223      270.00569      56.326146     -3.7557553      50.001056
 96.2      813.64693      269.99354      56.374427     -3.7512497      50.002608
 96.3        813.272      270.00087      56.408755     -3.7467375      49.995406
 96.4      812.89754      269.99923      56.457984     -3.7422194      50.000852
 96.5      812.52355      270.00469       56.51305     -3.7376944      50.027466
 96.6      812.15003       269.9888      56.558324     -3.7331637       50.00424
 96.7      811.77692       270.0007      56.595696     -3.7286263      50.000252
 96.8      811.40429      270.00149      56.654724     -3.7240832      50.011323
 96.9      811.03206      269.98994      56.694005      -3.719533      50.014216
   97      810.66037      269.99909      56.741292     -3.7149771      49.972726
 97.1      810.28911      270.00358      56.787243     -3.7104147      50.003845
 97.2      809.91828      269.99276      56.829677      -3.705846      50.021952
 97.3      809.54794      269.99829      56.868593     -3.7012707      49.999925
 97.4      809.17803      270.00112       56.92453     -3.6966892      50.010779
 97.5      808.80862      269.99702      56.962656     -3.6921016      49.993762
 97.6      808.43961      270.00897      57.016967     -3.6875078      49.982745
 97.7      808.07112      270.00437      57.065458     -3.6829075      50.028094
 97.8      807.70304      269.99671      57.111821     -3.6783007      50.010421
 97.9      807.33545      270.00189      57.149256     -3.6736879      49.996008
   98      806.96834      270.00641      57.205727     -3.6690683      50.017541
 98.1      806.60163      270.00142      57.243264     -3.6644424      49.970674
 98.2      806.23544      270.00318      57.298187     -3.6598105      49.979075
 98.3      805.86964      270.00369      57.346821     -3.6551719      49.939156
 98.4      805.50441       270.0042      57.399107     -3.6505274      50.005899
 98.5      805.13953      269.99246      57.425022     -3.6458761      49.991474
 98.6       804.7752      269.99615      57.488159     -3.6412186      49.998435
 98.7      804.41131        269.998      57.529288      -3.636555      50.019386
 98.8      804.04787      269.99093      57.576592     -3.6318846      50.026388
 98.9      803.68491      269.99201      57.620665     -3.6272077      49.993772
   99      803.32246      270.00204      57.672093     -3.6225251      49.988976
 99.1      802.96041      270.00205      57.716214     -3.6178356      49.990388
 99.2      802.59886      270.00525      57.761139     -3.6131399      50.013383
 99.3      802.23782      270.00209      57.808587     -3.6084378      49.968448
 99.4      801.87719      269.99563      57.862226     -3.6037292      49.983982
 99.5      801.51706      269.99991       57.90859      -3.599014      50.023499
 99.6      801.15737      269.99591      57.959205     -3.5942928      49.980201
 99.7      800.79819      270.00493      58.002156      -3.589565      50.007164
 99.8      800.43948      269.99141      58.046469     -3.5848311      50.011805
 99.9      800.08124       270.0049      58.088056     -3.5800904      49.988989
  100      799.72349      270.00284      58.143623     -3.5753433      49.987516
100.1      799.36615       270.0044      58.187409     -3.5705904       50.00272
100.2      799.00934      269.99671      58.237777     -3.5658305      50.009245
100.3      798.65301      270.00112      58.288901      -3.561064      49.997138
100.4      798.29715      269.99977      58.328564     -3.5562913       50.01466
100.5       797.9417      269.99136       58.37609     -3.5515127      49.961001
100.6      797.58682      270.00275      58.424898      -3.546727      50.015762
100.7      797.23238      270.00253      58.475146     -3.5419354      49.977473
100.8      796.87844      269.99576      58.533153     -3.5371368       49.98155
100.9      796.52498      270.00706      58.564204     -3.5323321      49.995763
  101      796.17198      269.98998      58.624459     -3.5275211      50.027612
101.1      795.81948      269.99766       58.66335     -3.5227032      49.997248
101.2      795.46744      269.99778      58.717436      -3.517879      50.019104
101.3      795.11589      269.99596      58.760474     -3.5130488      50.047397
101.4      794.76484      269.99621      58.804927      -3.508212      49.977726
101.5      794.41425      270.00274      58.854383     -3.5033686      50.023202
101.6      794.06413      269.99503      58.909224     -3.4985188      50.009892
101.7      793.71454      270.00039      58.958927     -3.4936622      50.017291
101.8      793.36539      269.99758      59.005188     -3.4887994      50.015088
101.9       793.0168      269.99927      59.044569     -3.4839304      50.034982
  102      792.66859      270.01101        59.0885     -3.4790544      49.994663
102.1      792.32096      269.99691      59.146241     -3.4741726       49.99364
102.2       791.9738      270.00504      59.195116     -3.4692835       50.00715
102.3      791.62711      270.00021      59.226084     -3.4643891      50.047683
102.4      791.28095      270.00018       59.28868     -3.4594872      50.022887
102.5      790.93522      269.98924      59.348673      -3.454579      50.052508
102.6      790.58999       270.0058      59.384059     -3.4496646      50.012293
102.7      790.24529      270.00088      59.429814     -3.4447436      49.993063
102.8      789.90103      269.99753      59.476149     -3.4398163      50.013625
102.9      789.55733      270.00021      59.519983     -3.4348819      49.985029
  103      789.21408      269.99938      59.576004     -3.4299419      50.028838
103.1      788.87132      270.01043      59.629008     -3.4249948      49.996157
103.2      788.52907      269.99368      59.670223     -3.4200413      49.970724
103.3       788.1873      269.99681      59.725872     -3.4150818      50.020726
103.4      787.84603       270.0015      59.777566     -3.4101151      49.966063
103.5      787.50529      270.01058      59.818347     -3.4051424      49.979677
103.6      787.16505      270.00146      59.873238     -3.4001634      50.013547
103.7      786.82525      270.00633       59.92241     -3.3951774      49.994282
103.8      786.48603      270.00429      59.967732      -3.390185      49.978516
103.9      786.14721      270.00409      60.027946      -3.385186      49.995445
  104        785.809      270.00734      60.058418     -3.3801806      49.986796
104.1      785.47118      270.01305      60.116143     -3.3751688      49.995308
104.2      785.13393      270.00084      60.158252     -3.3701508      50.008743
104.3      784.79719      269.99834      60.208387      -3.365126      49.976134
104.4      784.46093      270.00107      60.264044     -3.3600941      49.991363
104.5      784.12513      269.99827      60.316839     -3.3550564      49.967201
104.6       783.7899      269.98683      60.360667     -3.3500121      49.990657
104.7      783.45512      269.99934      60.416256      -3.344961      50.013357
104.8      783.12087      270.00095      60.452731     -3.3399035      50.004783
104.9      782.78717      269.99792      60.509165     -3.3348401      50.012954
  105       782.4539      269.99877      60.553486     -3.3297695      50.012466
105.1      782.12117      270.00703        60.6015     -3.3246925      50.014348
105.2      781.78899      270.00047      60.640169     -3.3196091      50.002666
105.3      781.45731      269.99983      60.708854     -3.3145191      49.990518
105.4      781.12611      269.99623      60.764634     -3.3094227      49.981431
105.5      780.79537      269.99683      60.806241     -3.3043195      49.999944
105.6      780.46523      269.99943      60.860721     -3.2992107      50.007194
105.7      780.13557      270.00072      60.902764     -3.2940941      50.038578
105.8      779.80642       270.0022      60.945024     -3.2889716      50.028076
