  1461      1145.7937      258.99735      33.404511     -1.9044841      49.995157
1461.1      1145.6034       259.0434      33.421358     -1.9004072      50.041935
1461.2      1145.4136      259.09064      33.429528     -1.8963294      50.027288
1461.3      1145.2242      259.13431      33.439513     -1.8922492      49.999622
1461.4      1145.0352      259.15737       33.44604     -1.8881678       49.98455
1461.5      1144.8465      259.21298      33.451243     -1.8840832      50.042255
1461.6      1144.6584      259.24701      33.460223     -1.8799969      49.983262
1461.7      1144.4706      259.29751      33.479472     -1.8759084      50.000332
1461.8      1144.2832      259.32989      33.482951     -1.8718184      49.990141
1461.9      1144.0962      259.38388      33.499633      -1.867726      50.023628
  1462      1143.9096      259.42962      33.498256     -1.8636321      49.994806
1462.1      1143.7235      259.47176      33.517504     -1.8595352      50.008331
1462.2      1143.5377      259.50875      33.517726      -1.855437      50.042684
1462.3      1143.3524       259.5486      33.522942     -1.8513364      50.034621
1462.4      1143.1675      259.58492      33.529382     -1.8472342      50.006296
1462.5      1142.9829      259.63257      33.540494     -1.8431299      49.998533
1462.6      1142.7988      259.67632      33.543699     -1.8390233      49.965757
1462.7      1142.6151      259.71889      33.554444     -1.8349149      49.975992
1462.8      1142.4318      259.77227       33.56373     -1.8308043      49.981898
1462.9      1142.2489      259.78747       33.57361     -1.8266921      50.039595
  1463      1142.0665      259.83854      33.582229     -1.8225776      50.032928
1463.1      1141.8844      259.89502      33.585082      -1.818461       50.02604
1463.2      1141.7028      259.93825      33.595767     -1.8143429       50.01277
1463.3      1141.5216      259.98084      33.608662     -1.8102221      50.030086
1463.4      1141.3408      260.02784      33.609909     -1.8060999      49.974666
1463.5      1141.1604      260.06745      33.621523     -1.8019752       50.00031
1463.6      1140.9804      260.10917      33.631578     -1.7978494      49.994839
1463.7      1140.8008      260.16816      33.636545     -1.7937212      49.974153
1463.8      1140.6216      260.18939      33.649622     -1.7895904       50.05268
1463.9      1140.4428      260.23487      33.648229     -1.7854582        49.9813
  1464      1140.2645      260.27032      33.655644     -1.7813241      50.027126
1464.1      1140.0866      260.32068      33.656779     -1.7771881      50.008581
1464.2      1139.9091      260.37177      33.676242     -1.7730496      50.018464
1464.3       1139.732      260.40531      33.683687     -1.7689097      50.008738
1464.4      1139.5553       260.4532      33.692177     -1.7647676       49.99552
1464.5      1139.3791      260.50006      33.693611     -1.7606241      49.969865
1464.6      1139.2032      260.53371       33.70832      -1.756478      50.017965
1464.7      1139.0278      260.57079      33.700511     -1.7523299      49.958317
1464.8      1138.8527      260.61831      33.716215     -1.7481802       49.98173
1464.9      1138.6781      260.66762       33.73506     -1.7440288       50.01978
  1465      1138.5039      260.70419      33.740815     -1.7398751      49.975649
1465.1      1138.3302       260.7558      33.752963     -1.7357194      49.960791
1465.2      1138.1568      260.78954      33.756505     -1.7315622      50.000729
1465.3      1137.9838      260.84459      33.756452     -1.7274024      50.029236
1465.4      1137.8113      260.88713      33.762126     -1.7232412      49.988548
1465.5      1137.6392      260.92415      33.764367     -1.7190776      50.011956
1465.6      1137.4675      260.98437      33.778488     -1.7149132      50.012982
1465.7      1137.2962      261.00961      33.787172     -1.7107462      50.018394
1465.8      1137.1253      261.04889      33.802918     -1.7065775       50.02311
1465.9      1136.9549      261.09483      33.795764     -1.7024064      49.989577
  1466      1136.7848      261.14049      33.809899     -1.6982337      50.003004
1466.1      1136.6153      261.18489        33.8146     -1.6940588      50.007321
1466.2       1136.446      261.23482      33.822528     -1.6898828      50.015505
1466.3      1136.2772      261.26906       33.84141     -1.6857041       50.00872
1466.4      1136.1089      261.31777      33.849188     -1.6815241      50.000505
1466.5       1135.941      261.36139      33.847885     -1.6773418      50.013131
1466.6      1135.7734      261.40357      33.861352     -1.6731578      50.017189
1466.7      1135.6063      261.45476      33.862827     -1.6689722      50.004834
1466.8      1135.4396      261.48905      33.877127      -1.664784      49.996403
1466.9      1135.2734      261.52945      33.884567     -1.6605944      49.992748
  1467      1135.1075      261.57819      33.885423     -1.6564032      49.990472
1467.1      1134.9421       261.6063      33.899586     -1.6522099      49.969249
1467.2      1134.7771      261.67039      33.908461     -1.6480144      49.970215
1467.3      1134.6125      261.70966      33.901421     -1.6438177      50.017866
1467.4      1134.4483      261.74638      33.915971     -1.6396188      50.012287
1467.5      1134.2845       261.7934      33.922395     -1.6354179      49.951465
1467.6      1134.1212      261.83306      33.926504     -1.6312155       50.01705
1467.7      1133.9583      261.87714      33.937315     -1.6270113      50.006695
1467.8      1133.7958      261.92363      33.944852     -1.6228048      49.993769
1467.9      1133.6337      261.97323      33.954027     -1.6185972      49.984079
  1468      1133.4721      262.02257      33.970205     -1.6143873      50.005192
1468.1      1133.3109      262.06145      33.964095     -1.6101756      50.001981
1468.2      1133.1501      262.09823      33.979164      -1.605962      50.031412
1468.3      1132.9897      262.13821      33.983269     -1.6017468       49.98694
1468.4      1132.8297      262.19052      33.988697     -1.5975296      49.960143
1468.5      1132.6702      262.22637      33.994121     -1.5933109      50.011467
1468.6       1132.511      262.28677      33.999851     -1.5890904      49.963348
1468.7      1132.3523      262.31438      34.010865     -1.5848677      50.012635
1468.8      1132.1941      262.36275      34.019681     -1.5806437       50.04961
1468.9      1132.0362      262.40915      34.018688     -1.5764173       49.96083
  1469      1131.8788      262.45633      34.042198     -1.5721897      50.010268
1469.1      1131.7218      262.50504      34.039432       -1.56796       50.02973
1469.2      1131.5652      262.53153      34.060566     -1.5637283      50.006979
1469.3       1131.409      262.57971      34.056032     -1.5594954      50.027932
1469.4      1131.2533      262.62152      34.063833     -1.5552605      50.022663
1469.5       1131.098      262.67662       34.07718      -1.551024      50.034677
1469.6      1130.9431      262.72005      34.067239     -1.5467856      50.001844
1469.7      1130.7887      262.76065       34.07829     -1.5425449      49.991118
1469.8      1130.6346      262.80434      34.094938     -1.5383031      50.015763
1469.9       1130.481      262.85068      34.094006     -1.5340596      49.997478
  1470      1130.3278      262.88598      34.115039     -1.5298141      49.987828
1470.1       1130.175      262.94066      34.107293      -1.525567      49.984046
1470.2      1130.0227      262.98067      34.105806     -1.5213181      49.961742
1470.3      1129.8708      263.02858      34.123653     -1.5170674      49.987219
1470.4      1129.7192      263.07819      34.128223     -1.5128148      49.985526
1470.5      1129.5682       263.1124      34.136076     -1.5085603      49.982748
1470.6      1129.4175      263.16224      34.153231     -1.5043048      50.012296
1470.7      1129.2673      263.20634      34.154194     -1.5000474      50.034571
1470.8      1129.1175      263.24575      34.155404     -1.4957882      50.015938
1470.9      1128.9682        263.294      34.155391     -1.4915273      49.958172
  1471      1128.8193      263.33589      34.158928     -1.4872643      49.983221
1471.1      1128.6707      263.39119      34.181893     -1.4830002      49.989754
1471.2      1128.5226      263.42191      34.187067     -1.4787339      50.008167
1471.3       1128.375      263.46867      34.191443     -1.4744663      49.975237
1471.4      1128.2277       263.5158       34.19781     -1.4701968      50.029126
1471.5       1128.081      263.55783      34.211356     -1.4659258      49.990343
1471.6      1127.9345      263.61333      34.211794     -1.4616528       50.00862
1471.7      1127.7886      263.63168      34.215044     -1.4573778      49.997837
1471.8      1127.6431      263.69336      34.219738     -1.4531019      49.999343
1471.9       1127.498      263.73449       34.24164     -1.4488241      50.006476
  1472      1127.3533      263.79137       34.23041     -1.4445445      49.983536
1472.1      1127.2091      263.82643      34.239624     -1.4402633      50.003605
1472.2      1127.0653      263.87272      34.251168     -1.4359803      50.003722
1472.3      1126.9219       263.9286      34.249134      -1.431696      50.005503
1472.4      1126.7789      263.96133      34.269592     -1.4274099      49.992615
1472.5      1126.6364       264.0188      34.271803      -1.423122      50.010792
1472.6      1126.4943      264.05153      34.272219     -1.4188324      50.001874
1472.7      1126.3526      264.09719      34.280069     -1.4145413      50.007965
1472.8      1126.2114      264.14444      34.285429     -1.4102488      49.991169
1472.9      1126.0706      264.19333      34.282375     -1.4059545      49.961499
  1473      1125.9302      264.23603      34.290773     -1.4016588      50.015749
1473.1      1125.7903      264.26973      34.318378     -1.3973611      49.962685
1473.2      1125.6507      264.32654      34.310949     -1.3930617      50.000236
1473.3      1125.5116      264.36338      34.316601     -1.3887611      50.019463
1473.4       1125.373      264.40443      34.319908     -1.3844584      50.011469
1473.5      1125.2347       264.4494      34.337651     -1.3801546      50.000525
1473.6      1125.0969      264.50082      34.342894     -1.3758488      49.966211
1473.7      1124.9596      264.54269      34.348609     -1.3715418      49.986491
1473.8      1124.8226      264.59091      34.347485     -1.3672327      50.014695
1473.9      1124.6861      264.63102      34.362655     -1.3629223      50.020384
  1474      1124.5501      264.67246      34.361539     -1.3586108      50.022959
1474.1      1124.4144      264.72867      34.368837     -1.3542969      50.000138
1474.2      1124.2791      264.77352      34.383043      -1.349982      49.980008
1474.3      1124.1444      264.82043      34.374453     -1.3456654      49.985724
1474.4        1124.01      264.86409      34.390935     -1.3413467      50.023862
1474.5      1123.8761      264.89573      34.379731     -1.3370269      50.019689
1474.6      1123.7426      264.93725      34.410565     -1.3327057      50.019233
1474.7      1123.6096      264.98988      34.419412     -1.3283826      50.015213
1474.8       1123.477      265.04076      34.412437     -1.3240582      49.982794
1474.9      1123.3448      265.08902      34.410944      -1.319732      49.968014
  1475       1123.213       265.1238      34.421873     -1.3154044      50.014291
1475.1      1123.0817      265.16108      34.431009     -1.3110754       49.97626
1475.2      1122.9508      265.21534      34.435872     -1.3067447       49.97335
1475.3      1122.8204      265.25547      34.441908     -1.3024127      49.949146
1475.4      1122.6903      265.31228      34.445986     -1.2980789      49.998685
1475.5      1122.5607      265.35394      34.448217     -1.2937437      49.989827
1475.6      1122.4316      265.39956      34.457631     -1.2894072       50.00024
1475.7      1122.3028       265.4412       34.45832     -1.2850692      50.007038
1475.8      1122.1746      265.48297        34.4709     -1.2807295      50.020132
1475.9      1122.0467      265.52287      34.484015     -1.2763879      50.022525
  1476      1121.9193      265.58488      34.487041      -1.272045      49.999993
1476.1      1121.7923      265.62252      34.490893     -1.2677009      50.031238
1476.2      1121.6657      265.66716        34.4976     -1.2633549       49.99019
1476.3      1121.5396      265.71182      34.497262     -1.2590081      50.021791
1476.4      1121.4139      265.75617       34.51614     -1.2546594      50.024171
1476.5      1121.2887      265.80444      34.520391     -1.2503091       50.01647
1476.6      1121.1639      265.85542      34.517154     -1.2459575      50.003008
1476.7      1121.0395      265.90039      34.533552     -1.2416045      49.983054
1476.8      1120.9156      265.94581      34.531985     -1.2372497      49.991651
1476.9       1120.792      265.98013      34.546742      -1.232894      50.011766
  1477       1120.669      266.03668      34.537094     -1.2285364      50.001344
1477.1      1120.5464      266.08316      34.554144     -1.2241776      49.982723
1477.2      1120.4242      266.12224      34.555969     -1.2198172      50.027204
1477.3      1120.3024      266.16501      34.558532     -1.2154556      50.019895
1477.4       1120.181      266.21231      34.572375     -1.2110919      50.028502
1477.5      1120.0602      266.25645      34.569309     -1.2067278      49.988844
1477.6      1119.9397      266.30785      34.581725     -1.2023619      49.999608
1477.7      1119.8197      266.35274      34.588482     -1.1979943      49.981045
1477.8      1119.7001      266.40079      34.586162     -1.1936252      50.014259
1477.9       1119.581      266.44181      34.595422     -1.1892552      49.956036
  1478      1119.4622      266.48576      34.598836     -1.1848833      49.976219
1478.1       1119.344      266.52522      34.590349       -1.18051      50.003031
1478.2      1119.2262      266.57516      34.613505     -1.1761356      49.955778
1478.3      1119.1088      266.61919      34.620385     -1.1717599      50.011165
1478.4      1118.9918      266.66675      34.625873     -1.1673824      50.004577
1478.5      1118.8753      266.71379      34.620729     -1.1630038       50.01663
1478.6      1118.7592      266.76703      34.638411     -1.1586234      49.998483
1478.7      1118.6436      266.80857      34.633722     -1.1542426      50.029184
1478.8      1118.5284      266.85821      34.635025     -1.1498592      50.037718
1478.9      1118.4136      266.89681      34.648108     -1.1454748      50.004091
  1479      1118.2993      266.95018      34.658298     -1.1410898      49.959227
1479.1      1118.1854      266.99024       34.65357     -1.1367031       50.01486
1479.2      1118.0719      267.04042      34.669796     -1.1323152        49.9869
1479.3      1117.9589      267.08408       34.66334      -1.127925      49.953314
1479.4      1117.8463      267.12382      34.672929     -1.1235343       49.97817
1479.5      1117.7342      267.17123      34.688231     -1.1191422      50.005942
1479.6      1117.6225      267.21764      34.692622     -1.1147481      50.023373
1479.7      1117.5112       267.2718      34.682701     -1.1103533       50.01625
1479.8      1117.4004      267.31671      34.702569     -1.1059569      49.981701
1479.9      1117.2901      267.35497      34.709862     -1.1015595      50.015981
  1480      1117.1801       267.3976      34.698993     -1.0971609      49.981278
1480.1      1117.0706      267.44772      34.707947     -1.0927606      49.997159
1480.2      1116.9616      267.50438       34.71451     -1.0883592      50.032933
1480.3      1116.8529      267.53804      34.732723     -1.0839562       49.97608
1480.4      1116.7448      267.58949      34.728414     -1.0795523      50.003801
1480.5       1116.637      267.63289      34.727996     -1.0751469      50.033469
1480.6      1116.5297      267.68211      34.733965     -1.0707403      50.016012
1480.7      1116.4229      267.72088      34.738495     -1.0663323      50.016765
1480.8      1116.3165      267.77665       34.75495     -1.0619228      49.977069
1480.9      1116.2105      267.82044      34.746521     -1.0575124      49.989172
  1481       1116.105      267.86356      34.750502     -1.0531009      49.972976
1481.1      1115.9999      267.89823      34.757806     -1.0486879      49.977859
1481.2      1115.8953      267.95994      34.774295     -1.0442737       49.97271
1481.3      1115.7911      268.00309      34.762084     -1.0398578      49.980974
1481.4      1115.6872      268.05919      34.779563      -1.035442      49.997944
1481.5      1115.5839      268.08757      34.783738     -1.0310236       49.98514
1481.6       1115.481      268.14747      34.796009      -1.026604      49.998217
1481.7      1115.3786      268.18893      34.786895     -1.0221841      49.992475
1481.8      1115.2766        268.239      34.792152     -1.0177619      50.003704
1481.9      1115.1751      268.27705      34.798202     -1.0133394      50.000862
  1482       1115.074      268.31809      34.802805      -1.008915      49.983743
1482.1      1114.9733      268.37005      34.803659     -1.0044897      49.995127
1482.2      1114.8731      268.41907      34.810888     -1.0000633      50.002422
1482.3      1114.7733      268.46846      34.808333    -0.99563521      50.012605
1482.4      1114.6739      268.50882      34.826405    -0.99120664      50.006697
1482.5       1114.575       268.5585      34.817027    -0.98677614      49.993115
1482.6      1114.4766      268.60274      34.823402    -0.98234491      50.014879
1482.7      1114.3786       268.6452       34.84015     -0.9779125      49.972438
1482.8       1114.281      268.68713       34.83859    -0.97347863      49.976474
1482.9      1114.1839      268.73776      34.829914    -0.96904375      49.997483
  1483      1114.0872      268.79076      34.854653    -0.96460781      49.957487
1483.1       1113.991       268.8319      34.854274    -0.96017054      50.023262
1483.2      1113.8952      268.87413      34.859391    -0.95573229       50.01966
1483.3      1113.7998      268.92575      34.849673    -0.95129278       49.97996
1483.4      1113.7049       268.9649      34.860991    -0.94685224      50.021249
1483.5      1113.6104      269.01823      34.860044    -0.94240999      50.023156
1483.6      1113.5164      269.06678      34.871493    -0.93796729      49.982505
1483.7      1113.4228      269.11581      34.883552    -0.93352347      50.036707
1483.8      1113.3297      269.14661      34.884111    -0.92907809      49.975552
1483.9       1113.237      269.19948      34.889727    -0.92463198      49.991034
  1484      1113.1448      269.25176       34.89475    -0.92018452      49.967533
1484.1       1113.053      269.30285      34.896483    -0.91573587      49.964347
1484.2      1112.9617      269.34119      34.899145    -0.91128601      50.041286
1484.3      1112.8708      269.40308      34.908038    -0.90683582      49.980984
1484.4      1112.7803      269.43695      34.920167     -0.9023835      50.018144
1484.5      1112.6903      269.48412        34.9153    -0.89793041      50.002181
1484.6      1112.6007      269.52843      34.922709    -0.89347623      50.000773
1484.7      1112.5115       269.5758      34.935225    -0.88902121      50.018995
1484.8      1112.4229      269.62136      34.917443    -0.88456512      50.007211
1484.9      1112.3346      269.66589      34.928697    -0.88010763      50.012264
  1485      1112.2469      269.71545      34.947128    -0.87564923      50.007723
1485.1      1112.1595      269.76185      34.935278    -0.87119008      49.988413
1485.2      1112.0726      269.80717      34.938812    -0.86672969      49.995916
1485.3      1111.9862      269.85381      34.944769    -0.86226773      50.001666
1485.4      1111.9002      269.89108       34.95643    -0.85780546      49.987821
1485.5      1111.8146      269.94001      34.957778    -0.85334147      49.989226
1485.6      1111.7295      269.99147      34.952842    -0.84887748      49.995718
1485.7      1111.6448      270.04428      34.963468    -0.84441142      50.001343
1485.8      1111.5606      270.08821      34.964115    -0.83994515      49.998197
1485.9      1111.4768      270.13254      34.973778    -0.83547699      50.010203
  1486      1111.3935       270.1847      34.968173    -0.83100826         49.971
1486.1      1111.3106       270.2349       34.97782    -0.82653862      50.000979
1486.2      1111.2282      270.27059      34.985786    -0.82206781      50.007913
1486.3      1111.1462      270.32823      34.981291    -0.81759623      49.990947
1486.4      1111.0647      270.35659      34.992179    -0.81312379       49.99386
1486.5      1110.9836      270.41693      34.990831    -0.80864911      50.054934
1486.6      1110.9029      270.46775        34.9949     -0.8041748      50.004091
1486.7      1110.8227       270.5092      35.002086    -0.79969905      49.994872
1486.8       1110.743      270.55022      35.019429    -0.79522247      50.038295
1486.9      1110.6637      270.59702      35.000277    -0.79074478      50.024203
  1487      1110.5849      270.65055      35.014028    -0.78626606      49.978422
1487.1      1110.5065      270.69095      35.019903    -0.78178641      49.967823
1487.2      1110.4285      270.75188      35.021031    -0.77730603      50.011038
1487.3       1110.351      270.78592      35.023718    -0.77282425      50.009655
1487.4       1110.274      270.82754      35.022114    -0.76834182      50.026556
1487.5      1110.1973      270.87109      35.030921    -0.76385848      49.990892
1487.6      1110.1212      270.93254      35.039562    -0.75937436      49.989702
1487.7      1110.0455      270.98151       35.03238    -0.75488877      49.984697
1487.8      1109.9702      271.01585      35.041322    -0.75040295      49.995282
1487.9      1109.8953      271.06709      35.043052    -0.74591561      49.987617
  1488       1109.821      271.11582      35.056786    -0.74142783      50.000527
1488.1      1109.7471      271.16241      35.058124    -0.73693871       49.98583
1488.2      1109.6736      271.20653      35.056098     -0.7324491      50.000843
1488.3      1109.6006      271.26158      35.065389    -0.72795844       50.00622
1488.4       1109.528      271.30293      35.062176    -0.72346673      49.991911
1488.5      1109.4559      271.34782      35.069487    -0.71897397      50.027029
1488.6      1109.3842      271.39987       35.07512    -0.71448074      50.000533
1488.7       1109.313      271.44626      35.069807     -0.7099865      49.997103
1488.8      1109.2422      271.49085      35.082562    -0.70549117       49.96398
1488.9      1109.1719      271.53822      35.075342    -0.70099528      49.965673
  1489       1109.102      271.58607      35.086541    -0.69649858      49.997387
1489.1      1109.0326      271.63332      35.090158    -0.69200105      50.005303
1489.2      1108.9637      271.67055      35.094482     -0.6875024      50.007998
1489.3      1108.8951      271.72708      35.087127      -0.683003      50.000403
1489.4       1108.827      271.78079      35.100841    -0.67850291      50.031994
1489.5      1108.7594      271.81934      35.088612    -0.67400195      50.009306
1489.6      1108.6922      271.86421      35.093707    -0.66949999      50.029751
1489.7      1108.6255      271.91655      35.100857    -0.66499715      50.000535
1489.8      1108.5592      271.95706      35.108598    -0.66049376      50.034435
1489.9      1108.4934       272.0119      35.109689    -0.65598909      49.966338
  1490       1108.428      272.05967      35.120197     -0.6514842      50.000288
1490.1      1108.3631      272.11557      35.121942    -0.64697761      50.027179
1490.2      1108.2986      272.14984      35.126585     -0.6424712      50.006354
1490.3      1108.2346      272.19567      35.123712    -0.63796348      49.996191
1490.4      1108.1711      272.25237      35.129295    -0.63345538      49.943359
1490.5      1108.1079      272.29604      35.135204    -0.62894633      49.975615
1490.6      1108.0453       272.3375      35.129077    -0.62443648      50.025922
1490.7      1107.9831      272.38427      35.137417    -0.61992565      49.961785
1490.8      1107.9213      272.42116      35.142378    -0.61541458      50.016513
1490.9        1107.86      272.46739      35.142329    -0.61090212      50.023618
  1491      1107.7991      272.53292       35.15306    -0.60638894      49.989307
1491.1      1107.7387      272.57207      35.158414    -0.60187561      50.006183
1491.2      1107.6787      272.62396        35.1595    -0.59736117      49.971689
1491.3      1107.6192      272.67935       35.15018    -0.59284598      50.017402
1491.4      1107.5602       272.7245      35.163778    -0.58833004      49.980919
1491.5      1107.5015      272.76833      35.158258    -0.58381323       50.00627
1491.6      1107.4434      272.81161      35.159858    -0.57929629      50.000333
1491.7      1107.3857      272.84832      35.169499    -0.57477781      49.967025
1491.8      1107.3285      272.89636      35.171304     -0.5702591      49.966283
1491.9      1107.2717       272.9498      35.179879     -0.5657393      49.995063
  1492      1107.2153      272.99707      35.180085    -0.56121955      50.029361
1492.1      1107.1594      273.05037      35.183361    -0.55669907      50.021664
1492.2       1107.104       273.0927      35.174638    -0.55217731      49.983935
1492.3       1107.049       273.1522      35.174447    -0.54765486      50.009351
1492.4      1106.9944      273.18592      35.176441    -0.54313197      49.978981
1492.5      1106.9404      273.23617      35.187224     -0.5386082       50.00406
1492.6      1106.8867      273.28226      35.185815    -0.53408402      50.030548
1492.7      1106.8335      273.32761      35.186695    -0.52955955      50.015534
1492.8      1106.7808      273.37187      35.190048    -0.52503365      49.992672
1492.9      1106.7285      273.42198      35.191195    -0.52050773      50.026036
  1493      1106.6767      273.48121      35.202009    -0.51598072      49.976716
1493.1      1106.6253      273.52065      35.200812    -0.51145329      50.006385
1493.2      1106.5744      273.56846      35.209058     -0.5069251      50.000525
1493.3      1106.5239      273.60854      35.197125    -0.50239607      50.002913
1493.4      1106.4739      273.66298      35.199844    -0.49786671      49.983124
1493.5      1106.4244      273.70579      35.202959     -0.4933371      49.996186
1493.6      1106.3753      273.75119      35.218038    -0.48880657      50.011608
1493.7      1106.3266      273.79854      35.214589    -0.48427485      50.001518
1493.8      1106.2784      273.85513      35.220663    -0.47974345      50.006405
1493.9      1106.2306      273.91513      35.215613    -0.47521084      49.973393
  1494      1106.1834      273.95738      35.222057    -0.47067814      50.027988
1494.1      1106.1365      273.99042      35.220007    -0.46614403       49.98066
1494.2      1106.0901      274.04415      35.230674    -0.46160995      49.963227
1494.3      1106.0442      274.09163      35.230834    -0.45707531      49.993821
1494.4      1105.9987      274.13462      35.228364     -0.4525401      50.006269
1494.5      1105.9537      274.19346       35.23656    -0.44800382      50.012899
1494.6      1105.9091      274.22392      35.221273     -0.4434676      49.971261
1494.7       1105.865      274.29091      35.236338    -0.43893068      50.001452
1494.8      1105.8213      274.33144      35.228452    -0.43439328       49.99805
1494.9      1105.7781      274.36764      35.247551    -0.42985536       49.99276
  1495      1105.7354      274.42693      35.246723    -0.42531701      50.014182
1495.1       1105.693      274.47011      35.239034     -0.4207775       50.02696
1495.2      1105.6512      274.50843      35.245477    -0.41623766      50.008508
1495.3      1105.6098      274.56065      35.240044    -0.41169759      50.003203
1495.4      1105.5689      274.60683      35.257692    -0.40715719      50.011761
1495.5      1105.5283      274.66811      35.260733    -0.40261578      49.976227
1495.6      1105.4883       274.7059      35.260083    -0.39807416      50.010558
1495.7      1105.4487      274.75851       35.25295     -0.3935319      50.040499
1495.8      1105.4096      274.80362      35.252348    -0.38898949      49.998101
1495.9       1105.371      274.84789      35.256809    -0.38444594      50.010857
  1496      1105.3327      274.90121      35.250499    -0.37990239      49.980906
1496.1       1105.295       274.9425      35.259023    -0.37535847      49.993187
1496.2      1105.2577      274.99546      35.276823    -0.37081394      49.984481
1496.3      1105.2208      275.04198      35.262249     -0.3662686      50.037888
1496.4      1105.1844      275.07794      35.274972    -0.36172334      50.036035
1496.5      1105.1485      275.14258      35.274386    -0.35717728      50.023215
1496.6       1105.113      275.17755      35.273534    -0.35263122      49.981663
1496.7      1105.0779      275.23048      35.270703    -0.34808438      49.993937
1496.8      1105.0433      275.27618      35.278537    -0.34353673      50.005282
1496.9      1105.0092      275.32452      35.289433    -0.33898914      49.988693
  1497      1104.9756      275.36225      35.284309    -0.33444131      49.985713
1497.1      1104.9423      275.41165      35.280437    -0.32989274      50.004009
1497.2      1104.9096      275.47278      35.282116    -0.32534394      50.013082
1497.3      1104.8773      275.52626      35.286253    -0.32079427      50.005957
1497.4      1104.8454      275.56231       35.29099    -0.31624492      50.001688
1497.5      1104.8141      275.61188      35.289226    -0.31169442      49.991523
1497.6      1104.7831      275.64937      35.284634    -0.30714421      50.002505
1497.7      1104.7526      275.71137      35.288913    -0.30259296      50.012819
1497.8      1104.7226      275.76152      35.288884    -0.29804174      50.024293
1497.9       1104.693      275.80027      35.294931    -0.29349005      50.003871
  1498      1104.6639      275.84584      35.294139     -0.2889381      49.981806
1498.1      1104.6352      275.88966      35.296577     -0.2843858      49.995824
1498.2       1104.607      275.94637      35.301101    -0.27983317      50.030953
1498.3      1104.5792      275.99458      35.301397    -0.27527955      50.025632
1498.4      1104.5519      276.03486      35.301683     -0.2707264      49.995485
1498.5      1104.5251      276.08366      35.314923    -0.26617249      49.983188
1498.6      1104.4987      276.12947      35.316005    -0.26161878      50.000425
1498.7      1104.4728      276.18627      35.306197    -0.25706414      50.006014
1498.8      1104.4473      276.23011      35.315073    -0.25250916      50.016203
1498.9      1104.4223      276.27471      35.304594    -0.24795429      50.009919
  1499      1104.3977       276.3289      35.302595    -0.24339904      49.971446
1499.1      1104.3736      276.36821       35.30124    -0.23884325      50.017508
1499.2      1104.3499       276.4283       35.30328    -0.23428741      50.009048
1499.3      1104.3267      276.47054      35.317816     -0.2297314      50.013726
1499.4       1104.304      276.53106      35.311344    -0.22517452      50.025725
1499.5      1104.2817      276.56905      35.308874    -0.22061746      50.032582
1499.6      1104.2599      276.59777      35.302849    -0.21606059      49.981358
1499.7      1104.2385      276.65961      35.304327    -0.21150328      49.975663
1499.8      1104.2175      276.70496      35.310937    -0.20694535       50.02379
1499.9      1104.1971      276.75836      35.320646    -0.20238773      50.000615
  1500      1104.1771      276.79836      35.316173    -0.19782937      50.018724
1500.1      1104.1575      276.84835      35.311689    -0.19327103      49.984764
1500.2      1104.1384      276.89864      35.315085    -0.18871269      49.975449
1500.3      1104.1198      276.95525      35.328489    -0.18415379      49.975621
1500.4      1104.1016      276.98588      35.309638    -0.17959431      50.014873
1500.5      1104.0839      277.03112      35.330258    -0.17503501      49.989616
1500.6      1104.0666      277.08773      35.319015    -0.17047528       49.99816
1500.7      1104.0498      277.14191      35.313231    -0.16591614      50.026607
1500.8      1104.0334      277.18574      35.318894     -0.1613557      50.050665
1500.9      1104.0175      277.22984       35.32114    -0.15679574       49.99409
  1501       1104.002      277.28201      35.320974    -0.15223535       50.01611
1501.1      1103.9871      277.33414      35.327861    -0.14767496      49.984672
1501.2      1103.9725      277.37694      35.321826    -0.14311396      49.996455
1501.3      1103.9584      277.41494      35.327942    -0.13855303      49.998483
1501.4      1103.9448      277.46553      35.332048    -0.13399201      50.000221
1501.5      1103.9316      277.51509      35.333232    -0.12943071      49.995538
1501.6      1103.9189      277.55851      35.339738     -0.1248693       49.99312
1501.7      1103.9067      277.61451      35.327006    -0.12030781      50.002499
1501.8      1103.8948      277.64938      35.329886    -0.11574603      50.022181
1501.9      1103.8835      277.71372      35.331545    -0.11118402      50.020806
  1502      1103.8726      277.74813      35.318424    -0.10662202      50.016232
1502.1      1103.8622      277.81072      35.338696    -0.10205999      50.035986
1502.2      1103.8522      277.86305      35.340226   -0.097497483      49.998644
1502.3      1103.8427      277.90146       35.33464   -0.092935035      49.990699
1502.4      1103.8336      277.94493      35.328275   -0.088372571      49.995671
1502.5       1103.825      277.98963      35.334129   -0.083809731      49.995883
1502.6      1103.8168      278.04247      35.337273   -0.079247421      50.029815
1502.7      1103.8092      278.08663      35.322518   -0.074684584      49.981502
1502.8      1103.8019      278.14176       35.33701    -0.07012177      49.979669
1502.9      1103.7951      278.19556      35.328859   -0.065558508      49.983072
  1503      1103.7888      278.23861      35.347361    -0.06099548      49.957822
1503.1       1103.783      278.28667       35.33976    -0.05643246      50.016027
1503.2      1103.7776      278.32717      35.332424   -0.051869174      49.995044
1503.3      1103.7726      278.37682      35.340887    -0.04730595      50.013277
1503.4      1103.7681      278.42433      35.339636   -0.042742137      49.995782
1503.5       1103.764      278.47129      35.335661    -0.03817898      49.997506
1503.6      1103.7604       278.5268      35.333042   -0.033615685      49.964353
1503.7      1103.7573      278.55568       35.33879   -0.029051892      49.986478
1503.8      1103.7546      278.60679      35.343007   -0.024488154       50.00944
1503.9      1103.7524      278.67352       35.33973   -0.019925206      50.026352
  1504      1103.7506      278.71029      35.337892   -0.015361422      49.972191
1504.1      1103.7493      278.75024      35.337276   -0.010797996      49.995296
1504.2      1103.7485      278.80003      35.336277  -0.0062340676      50.007164
1504.3      1103.7481      278.85033       35.33718  -0.0016698763      49.983964
1504.4      1103.7481      278.91642      35.338799   0.0028931362      49.985817
1504.5      1103.7487      278.95179      35.344617   0.0074572553      49.991598
1504.6      1103.7496      278.99699      35.342283    0.012020389       49.99401
1504.7      1103.7511      279.03743      35.335279    0.016584157      49.991825
1504.8       1103.753      279.09579       35.34513    0.021147674      50.012687
1504.9      1103.7553      279.13411      35.347458    0.025711662      49.973254
  1505      1103.7581      279.19338      35.341858    0.030274754      49.991718
1505.1      1103.7613      279.23949      35.343176    0.034838244      50.003193
1505.2      1103.7651      279.28784      35.339229    0.039401791      50.015491
1505.3      1103.7692      279.33362      35.341948    0.043965286      49.992976
1505.4      1103.7738      279.37406      35.333255     0.04852867       49.99639
1505.5      1103.7789      279.42485      35.339366    0.053092027      50.014239
1505.6      1103.7845      279.47837      35.336975    0.057655325      50.023302
1505.7      1103.7904      279.51503      35.327548    0.062218172      50.006127
1505.8      1103.7969      279.56745      35.336394    0.066781269       49.97274
1505.9      1103.8038      279.62372        35.3367    0.071344382      49.984445
  1506      1103.8112      279.66691      35.337567     0.07590757      50.008167
1506.1       1103.819      279.72974      35.333578    0.080469993      50.040411
1506.2      1103.8273      279.76723      35.338377    0.085032297      50.012907
1506.3       1103.836      279.81952      35.337009    0.089595666      50.014024
1506.4      1103.8452      279.86048        35.3299    0.094157765      49.989352
1506.5      1103.8548      279.89969      35.333232    0.098720131      50.011014
1506.6      1103.8649       279.9567      35.332261      0.1032825      50.011298
1506.7      1103.8755      280.00293       35.33755     0.10784443      50.015202
1506.8      1103.8865      280.03966      35.325859     0.11240683      49.975449
1506.9       1103.898      280.09432       35.32201     0.11696832      49.961684
  1507      1103.9099       280.1365      35.331666     0.12152991      49.984204
1507.1      1103.9223      280.18759      35.333936     0.12609134      50.026957
1507.2      1103.9351      280.24497      35.329243     0.13065301      49.991021
1507.3      1103.9484      280.28573      35.325437     0.13521428      50.019677
1507.4      1103.9622      280.32991      35.326389     0.13977511       50.01425
1507.5      1103.9763      280.38501      35.324661     0.14433589      50.002194
1507.6       1103.991      280.43424      35.331184     0.14889677      50.013695
1507.7      1104.0062      280.48092      35.322186     0.15345758      50.000278
1507.8      1104.0217      280.53471      35.324617      0.1580177      50.001613
1507.9      1104.0377      280.56824      35.304524     0.16257773      49.987337
  1508      1104.0542      280.62616      35.324714     0.16713772      49.993723
1508.1      1104.0712      280.67134      35.331295     0.17169767       50.00471
1508.2      1104.0886      280.71857      35.323088     0.17625692      49.991473
1508.3      1104.1065       280.7713      35.320204     0.18081601       50.00885
1508.4      1104.1248      280.81281      35.315893     0.18537573      50.002549
1508.5      1104.1435      280.86818      35.326987     0.18993419      49.993208
1508.6      1104.1627      280.90626      35.315535     0.19449276      49.995408
1508.7      1104.1824      280.96559       35.32414     0.19905098      50.018121
1508.8      1104.2025      281.00211      35.320885     0.20360896      49.977271
1508.9      1104.2231       281.0437      35.306326     0.20816675      50.004342
  1509      1104.2442      281.11114      35.314165     0.21272452      49.999101
1509.1      1104.2657      281.15187      35.313332     0.21728165      50.024172
1509.2      1104.2876      281.18328      35.305669     0.22183853      50.009002
1509.3      1104.3101      281.24194      35.313723     0.22639561      50.007021
1509.4      1104.3329      281.29565      35.304731     0.23095212      49.989711
1509.5      1104.3563      281.33137      35.304714      0.2355083      50.046602
1509.6        1104.38      281.38811      35.308715     0.24006382      49.989036
1509.7      1104.4042      281.42956      35.307476     0.24461949      49.992998
1509.8      1104.4289      281.48397      35.312741     0.24917508      49.993724
1509.9      1104.4541      281.53372       35.31105     0.25372989      49.965204
  1510      1104.4797      281.57489      35.302526     0.25828454      49.969638
1510.1      1104.5057      281.62558      35.309246     0.26283892      50.008919
1510.2      1104.5322      281.67772      35.306365     0.26739344       49.99636
1510.3      1104.5592      281.72076      35.291959     0.27194625      50.023452
1510.4      1104.5867      281.76605      35.294183     0.27649959      49.967641
1510.5      1104.6145      281.81427      35.295247     0.28105277      49.990686
1510.6      1104.6428      281.86482      35.305751     0.28560613      49.987485
1510.7      1104.6716      281.90787      35.287955     0.29015775      50.005552
1510.8      1104.7009      281.95549      35.287866     0.29470995      49.991897
1510.9      1104.7306      282.00132        35.3052     0.29926114      50.005665
  1511      1104.7607      282.04709      35.284009     0.30381228      49.988911
1511.1      1104.7913      282.09308       35.29539     0.30836333      50.026873
1511.2      1104.8224      282.13681      35.279658     0.31291366      49.985007
1511.3      1104.8539      282.19984      35.280466       0.317464      50.008646
1511.4      1104.8859      282.23078      35.289032     0.32201367      49.994916
1511.5      1104.9183      282.28282       35.28263     0.32656254       50.00912
1511.6      1104.9512       282.3353      35.294214     0.33111128      50.009641
1511.7      1104.9845      282.38183      35.286453     0.33565997      49.967054
1511.8      1105.0183      282.43205      35.274822     0.34020799      50.008595
1511.9      1105.0526      282.48431      35.300574     0.34475535      50.007841
  1512      1105.0873      282.53668      35.275377     0.34930261      49.976667
1512.1      1105.1224      282.57107      35.271213     0.35384932       50.01302
1512.2      1105.1581      282.63506      35.266801     0.35839542      49.984322
1512.3      1105.1941      282.67278      35.263804     0.36294145      50.011155
