   5      1145.7937      258.84221      33.545341     -1.9044825      19.958268
 5.1      1145.6041      259.08958      33.203387     -1.9004168      19.725346
 5.2      1145.4138      258.49871      33.515526     -1.8963292      19.390922
 5.3      1145.2246      259.06017      33.370131     -1.8922498      20.529664
 5.4      1145.0355      259.16027      33.391874     -1.8881714      19.369485
 5.5      1144.8455      259.16382      33.558991     -1.8840841      19.223528
 5.6      1144.6584      259.07021      33.330442     -1.8799921      20.313815
 5.7      1144.4708      259.06177       33.69506     -1.8759149      18.733119
 5.8      1144.2836      259.17358      33.570024     -1.8718236      20.907695
 5.9      1144.0966      259.15966       33.52896     -1.8677219       20.20917
   6      1143.9102      259.35426      33.511894     -1.8636243      19.008539
 6.1      1143.7221      259.83696      33.331391     -1.8595294      20.236122
 6.2      1143.5364      259.59799       33.43977     -1.8554438      20.108143
 6.3      1143.3532      259.52951      33.816507     -1.8513326      19.455885
 6.4      1143.1678      260.00032      33.556281     -1.8472294      19.988764
 6.5      1142.9836      259.63327       33.37739     -1.8431196      19.357045
 6.6      1142.7987      259.84916      33.526738     -1.8390266      21.205272
 6.7      1142.6141      259.63237      33.626624     -1.8349107      20.557135
 6.8      1142.4312      259.86212      33.590665     -1.8308099      21.154481
 6.9      1142.2487      259.76128      33.491203     -1.8266968      18.884759
   7      1142.0665      259.85164      33.851742     -1.8225799       19.40484
 7.1      1141.8836      259.97161      33.537304     -1.8184664      20.099573
 7.2      1141.7032      260.05707      33.763138     -1.8143436      19.806712
 7.3      1141.5222      260.09015      33.565887     -1.8102233       20.11487
 7.4        1141.34      260.00681      33.597431     -1.8060972      20.592182
 7.5      1141.1607       260.0499      33.583787     -1.8019741      20.564266
 7.6      1140.9809      259.92601      33.164016     -1.7978452      20.086249
 7.7      1140.8012      260.27308      33.949866     -1.7937229       20.84294
 7.8      1140.6218      260.01978      33.428361     -1.7895942      19.882135
 7.9      1140.4436      260.30603      33.239106      -1.785449      20.274522
   8      1140.2645      260.31651      33.957283     -1.7813306      20.466587
 8.1      1140.0866      260.11324      33.523661     -1.7771906      19.380917
 8.2      1139.9095       260.1244      34.120668     -1.7730495      19.818944
 8.3      1139.7323      260.36059      33.332596     -1.7689037      19.698497
 8.4      1139.5563      260.31298      33.507365     -1.7647633       20.62109
 8.5      1139.3795      260.21917      33.586438     -1.7606374       19.24359
 8.6       1139.203      260.61308      33.840436     -1.7564907      20.256628
 8.7      1139.0287      260.23185      33.551646     -1.7523282       20.05899
 8.8      1138.8528      260.52734      33.704026     -1.7481741      21.021362
 8.9      1138.6775      260.73265      33.905605     -1.7440321      21.150913
   9      1138.5039      260.93377       34.09461     -1.7398744       20.31986
 9.1        1138.33      260.77815      33.201335     -1.7357182      19.632406
 9.2      1138.1572      261.04957      33.786663     -1.7315617        18.9236
 9.3       1137.983      261.04985       33.30473     -1.7274086      19.816615
 9.4      1137.8113      260.97456      34.104966     -1.7232344      18.852906
 9.5      1137.6384      260.93005      34.070274     -1.7190825      20.530548
 9.6      1137.4679      260.78077      33.750409     -1.7149186      20.079595
 9.7      1137.2958      261.00354      33.881958     -1.7107492      19.437099
 9.8       1137.125      260.98369      33.657343     -1.7065731      19.914205
 9.9      1136.9555      261.32574      33.893169     -1.7024179      20.264662
  10      1136.7843        261.041      33.621444     -1.6982282      20.389423
10.1      1136.6147      261.12231      33.710554     -1.6940625      20.394783
10.2      1136.4462      261.34196      33.724217     -1.6898762      21.074573
10.3      1136.2781       260.9902      33.741997     -1.6857065      20.433302
10.4      1136.1086      261.24563      33.672825     -1.6815195      20.255823
10.5      1135.9411      261.05632      33.651515     -1.6773437      19.335437
10.6      1135.7739      261.33249      34.071773     -1.6731618      20.421965
10.7      1135.6057      261.37531      33.746695     -1.6689743      20.271383
10.8      1135.4392      261.55964      33.838518     -1.6647845      20.735568
10.9      1135.2734      261.39339      34.076146     -1.6605802      19.253453
  11      1135.1094       261.4559      33.670097     -1.6564016      19.527419
11.1      1134.9427      261.74444      33.923221     -1.6522152       20.18066
11.2      1134.7771      261.57774      33.733725     -1.6480167      19.541009
11.3      1134.6134      261.79883      33.909061     -1.6438209      20.051205
11.4       1134.448      261.52611       33.88657     -1.6396157      20.128091
11.5      1134.2845      261.73225      33.675279     -1.6354144       21.77008
11.6      1134.1215      262.13264      34.069067     -1.6312083      18.616626
11.7      1133.9577       261.9474      34.034224      -1.627014      18.642665
11.8      1133.7971      262.00336      33.947602     -1.6228061      20.816689
11.9      1133.6337      262.28288      34.222834     -1.6185969      19.609091
  12      1133.4726      261.70096      33.649827     -1.6143894      19.332276
12.1      1133.3104      261.99569      34.002253     -1.6101703      18.932824
12.2      1133.1499      262.12762      34.103206     -1.6059512      20.423605
12.3      1132.9899      262.34752      33.784685     -1.6017433      20.752452
12.4      1132.8293      262.20045      33.703819     -1.5975334      20.811585
12.5      1132.6702      262.08402      33.863055     -1.5933088       20.49259
12.6      1132.5104      262.09319      34.119853      -1.589086      19.436219
12.7      1132.3526      262.47326       34.19753     -1.5848777      20.364848
12.8      1132.1944      262.35071      33.905308     -1.5806526      20.769137
12.9      1132.0358      262.23906      34.159099     -1.5764078      20.149229
  13      1131.8789      262.40108       34.10297     -1.5721889      19.942182
13.1      1131.7223      262.26011      34.070247     -1.5679518      19.837699
13.2      1131.5652      262.40077      34.109782     -1.5637188      17.602132
13.3        1131.41      262.75335      33.794465      -1.559486      19.169948
13.4      1131.2525      262.71201      34.252292     -1.5552565      20.646832
13.5      1131.0984      262.53756      34.083707     -1.5510171      20.494409
13.6      1130.9439      262.62825      34.514387     -1.5467973      20.385805
13.7      1130.7891      262.53838      34.376288     -1.5425425      20.099646
13.8       1130.636      262.89628      33.903487     -1.5383024      20.729907
13.9      1130.4812      262.46809      34.318885     -1.5340535       20.02408
  14      1130.3281      262.64269      34.277624     -1.5298157       19.56704
14.1      1130.1749      262.95542      33.992035     -1.5255714      19.956122
14.2      1130.0228      263.26026      34.320665     -1.5213295      19.119769
14.3      1129.8706      263.18209      34.287121     -1.5170625      20.975301
14.4      1129.7203      262.92118      33.995684     -1.5128217      19.757961
14.5      1129.5674      263.30182       34.23688     -1.5085544      20.761963
14.6      1129.4169      263.08393      34.365243     -1.5043163      19.943527
14.7      1129.2669       263.4272      33.921568     -1.5000458      20.265853
14.8      1129.1181      263.17901      34.130328     -1.4957825      20.768645
14.9       1128.969      263.36304      34.354677     -1.4915378      20.662933
  15      1128.8198      263.42004      34.136701     -1.4872636      20.881228
15.1      1128.6709      263.26023      34.319348     -1.4829918      18.820817
15.2      1128.5221      263.43706      34.295807      -1.478728      20.621828
15.3      1128.3748      263.63602      34.450884     -1.4744773      19.578672
15.4      1128.2277      263.71326      34.415826     -1.4701903      20.755451
15.5       1128.082      263.90896      34.287894     -1.4659243      19.219719
15.6      1127.9338      263.36042      34.137911     -1.4616474      19.787958
15.7      1127.7884      263.57161      34.188952       -1.45737      20.992349
15.8      1127.6429      263.65721      34.127227     -1.4531033      21.232511
15.9      1127.4974      263.87196      34.224392     -1.4488222      19.885135
  16      1127.3541      263.70234      34.276511     -1.4445408      20.093109
16.1       1127.209      263.68348      34.457263     -1.4402608      20.356825
16.2      1127.0652      263.83347      34.341249     -1.4359892      20.349894
16.3      1126.9218      264.14269      34.282808     -1.4316992      18.892995
16.4      1126.7793      264.30641      34.258847     -1.4274142      21.221186
16.5      1126.6363      264.25568      33.906908     -1.4231263      19.262612
16.6      1126.4942      264.06063      34.044584     -1.4188323      20.474429
16.7       1126.353      263.65479      34.231119     -1.4145417      19.334618
16.8      1126.2101      264.29769      34.065954     -1.4102411      19.734736
16.9      1126.0704      263.96405      34.301053     -1.4059607      20.265857
  17      1125.9301      263.90923      34.191452     -1.4016576       19.38309
17.1      1125.7908      264.47844      34.446521     -1.3973588      21.118719
17.2      1125.6517      264.46475      33.888955     -1.3930658      19.886262
17.3      1125.5109      264.15295      34.311064     -1.3887713       20.03076
17.4      1125.3727      264.36779      34.373204     -1.3844591      19.623032
17.5      1125.2352      264.55199      34.383911     -1.3801579      20.488774
17.6      1125.0965      264.28954      34.172632     -1.3758488      19.708017
17.7      1124.9594       264.0352      34.447964     -1.3715439      20.346764
17.8      1124.8221      264.66497      34.168891     -1.3672268      19.732739
17.9      1124.6863      264.35919      33.845344      -1.362916      19.018258
  18      1124.5503      264.99938      34.342489     -1.3586117      19.140808
18.1      1124.4139      264.50961      34.584378     -1.3542989      18.996313
18.2       1124.279      265.01083      34.646036      -1.349982      20.408593
18.3      1124.1449      264.78445      33.976541     -1.3456629      19.545142
18.4      1124.0101      264.94914      34.347512     -1.3413429      20.652146
18.5       1123.876      264.89059      34.412869     -1.3370198      20.233635
18.6      1123.7434      265.17548      33.998425     -1.3326986       19.28772
18.7       1123.609      265.19355      34.423946     -1.3283816      20.641697
18.8      1123.4766      265.13284      34.625027     -1.3240569      18.891886
18.9      1123.3442       264.9264      34.462228     -1.3197251      20.730756
  19      1123.2125      264.78436      34.599843     -1.3154129       19.93628
19.1      1123.0824      265.31701      34.625217     -1.3110868      20.088107
19.2      1122.9517      265.16594      34.225021     -1.3067515      19.801395
19.3      1122.8206      264.89063      34.359107     -1.3024076      19.196805
19.4      1122.6902      265.30206      34.388953     -1.2980706      20.253799
19.5      1122.5602      265.12791      34.401291     -1.2937316      20.765719
19.6      1122.4305      265.45205      34.435308     -1.2894074      20.102431
19.7      1122.3032      265.33891       34.38554     -1.2850798      19.547879
19.8      1122.1748      265.64651      34.384424     -1.2807349      20.150128
19.9      1122.0472      265.50611      34.636105     -1.2763933      19.795719
  20      1121.9194      265.58809      34.453739     -1.2720489      20.236918
20.1      1121.7925      265.69952       34.68871      -1.267695      20.291927
20.2      1121.6653      265.66741      34.646281      -1.263365      20.677428
20.3      1121.5386      265.67943      34.346692     -1.2590091      20.539999
20.4      1121.4137      265.82056      34.595095     -1.2546508      20.509913
20.5      1121.2888      265.47346      34.736299     -1.2503078      20.832827
20.6       1121.164      265.61418      34.705211     -1.2459605      20.782015
20.7      1121.0397      265.86548      34.368743     -1.2416073       20.65762
20.8      1120.9155      265.69222      34.318278     -1.2372436      20.403758
20.9      1120.7927      266.05707       34.37855     -1.2328991       18.51093
  21      1120.6683      265.88957      34.573699     -1.2285358      19.791448
21.1      1120.5468      266.05042      34.814947     -1.2241709      19.272096
21.2      1120.4241      266.06339      34.438668     -1.2198226      20.118638
21.3      1120.3027      266.21184      34.620129      -1.215456      20.181415
21.4       1120.182      266.14637      34.442812     -1.2110862      20.480916
21.5      1120.0598       266.1601      34.737552     -1.2067299      20.388177
21.6      1119.9401       266.2568       34.64032     -1.2023573      22.184186
21.7      1119.8193      266.67254      34.452141     -1.1979854      19.877816
21.8      1119.6995       266.4862        34.5871     -1.1936219      19.587764
21.9      1119.5803       266.2067      34.255964      -1.189256      20.680572
  22      1119.4616      266.53357      34.604983     -1.1848897      20.602607
22.1      1119.3435      266.41314      34.770544     -1.1805136      21.137909
22.2      1119.2254      266.49636      34.719959     -1.1761368      20.328128
22.3       1119.109      266.63061      34.742362     -1.1717598      20.176354
22.4      1118.9914      266.45465      34.759405     -1.1673697      20.543279
22.5      1118.8758      266.40856      34.547607      -1.163006      19.616022
22.6      1118.7585      266.85887      34.805034     -1.1586331       19.48586
22.7      1118.6434       266.6468      34.510709     -1.1542372      21.113477
22.8      1118.5277       266.6946      34.458811     -1.1498581      19.669781
22.9      1118.4139      267.13089       34.25278     -1.1454787      20.032253
  23      1118.3001      266.71007      34.593449     -1.1410935      19.974829
23.1      1118.1862      266.94378      34.607059      -1.136707       20.75173
23.2      1118.0715      267.13485      34.544106     -1.1323137      20.760613
23.3      1117.9588      267.01426       34.65398      -1.127928      19.767632
23.4      1117.8456      267.14284      34.426361     -1.1235387      20.038946
23.5      1117.7343      267.24421      34.886467     -1.1191366      19.213005
23.6      1117.6231      267.15901      34.869372      -1.114745      19.669311
23.7       1117.511      267.52683      34.640163      -1.110349      20.273753
23.8      1117.4008       267.4401      34.546712     -1.1059509      19.315625
23.9      1117.2894      267.58979      34.597299     -1.1015527      19.387483
  24      1117.1806      267.44651      34.813957     -1.0971614      19.556462
24.1      1117.0709      267.33156      34.821462     -1.0927642       19.29465
24.2      1116.9611      267.41478      34.437338     -1.0883581       20.72884
24.3      1116.8524       267.3317      34.951426     -1.0839457      19.118483
24.4      1116.7456      267.82105      34.594231     -1.0795543      20.377176
24.5      1116.6375      267.81281      34.624538     -1.0751538      20.205034
24.6      1116.5301      267.97043      34.652556     -1.0707451      19.858033
24.7      1116.4231      267.26505      34.590585     -1.0663339      19.083919
24.8      1116.3167       267.8056      35.107181     -1.0619187      20.164886
24.9      1116.2098      267.38711      34.743711     -1.0575155      19.538277
  25       1116.105      267.70408      34.709828     -1.0530981      19.820992
25.1      1116.0001       267.8215      34.820036     -1.0486879      20.777095
25.2      1115.8942      267.80875      34.762257     -1.0442792      19.285672
25.3      1115.7907      268.61636       34.69123     -1.0398775      19.311765
25.4      1115.6866      267.96302      34.909609      -1.035444      20.821753
25.5      1115.5828      267.89086      34.605889     -1.0310175      20.702703
25.6      1115.4808      267.91378      35.002109     -1.0266161      19.642529
25.7      1115.3786      268.08619      34.685288     -1.0221909      19.666296
25.8      1115.2763      268.32389      34.871153      -1.017759      20.560531
25.9      1115.1749      267.88665      35.383025     -1.0133447      20.049329
  26      1115.0739      268.37924      34.613032     -1.0089073      20.630317
26.1      1114.9727      268.17466      34.882805      -1.004494      19.798434
26.2      1114.8738      268.33573      34.762083     -1.0000724      20.423099
26.3      1114.7726      268.24256      34.862919    -0.99564202      19.757806
26.4      1114.6751        268.434       34.97655    -0.99120885      19.241103
26.5      1114.5744      268.56481      34.847269    -0.98676797      20.095777
26.6      1114.4771      268.71262      34.900445    -0.98232836      19.183165
26.7      1114.3797      268.58648      34.931531    -0.97790198       19.11411
26.8       1114.281      268.97803       34.67038    -0.97347668      19.595497
26.9      1114.1833      268.80453      34.945511    -0.96905203      19.364053
  27       1114.087      269.04019      34.683983     -0.9646087      20.538724
27.1      1113.9902      268.37567      34.921503    -0.96018056      20.155709
27.2      1113.8954      269.28615      34.940804    -0.95573265      21.283336
27.3      1113.7998       269.2597      34.708869    -0.95129038       19.76045
27.4      1113.7048      268.79028      35.038869    -0.94684157      21.170624
27.5       1113.611      268.84345      34.735531    -0.94240684      21.783781
27.6      1113.5169      268.96838      34.727414    -0.93797128      20.742796
27.7      1113.4229      269.03032      34.681853    -0.93352928      20.466415
27.8      1113.3313      269.09233      34.833463    -0.92907783      19.577582
27.9      1113.2373      269.06246      34.533424    -0.92463917      18.667557
  28      1113.1452      269.34823      34.856191    -0.92017744      19.530019
28.1      1113.0532      269.45007      34.901371    -0.91573194      20.127089
28.2       1112.963      269.48295      34.894304    -0.91128818      19.727637
28.3      1112.8713      269.52132      35.097283    -0.90683415      19.776823
28.4      1112.7797       269.1217      34.775295     -0.9023786      19.349777
28.5      1112.6892      269.68263      34.889407    -0.89792541      20.114754
28.6      1112.6008      269.35372      34.641792    -0.89348427      19.956827
28.7      1112.5121      269.36176      34.895618    -0.88901154      19.911299
28.8      1112.4228      269.91441      34.710864    -0.88455091       19.00825
28.9      1112.3344      269.29805      34.810651    -0.88010885      19.624371
  29      1112.2478      269.57338       35.05567    -0.87562903      20.632075
29.1      1112.1607      270.18355      35.062804    -0.87119511      19.880515
29.2      1112.0719       269.2106      34.553776    -0.86673316      20.521038
29.3      1111.9862      269.61369      34.990934    -0.86227206       20.49615
29.4      1111.9001      270.02817      35.001991    -0.85780604      20.036474
29.5       1111.814      270.03857      34.904091    -0.85334142      19.574092
29.6      1111.7298       269.8509      35.337444    -0.84887412      21.440694
29.7      1111.6449      270.16585      35.133009    -0.84441795      19.166124
29.8      1111.5608       269.9305      35.082502    -0.83994691      20.532045
29.9      1111.4767       270.5591      34.973799    -0.83548508      19.550655
  30      1111.3933      269.85512        34.9728    -0.83101281      19.796855
30.1      1111.3108       270.2178      35.158167    -0.82653033      20.051003
30.2      1111.2286      269.91297      35.022953    -0.82207192      19.010761
30.3      1111.1463      270.35726      35.051183    -0.81759814      19.924517
30.4      1111.0656      270.41474      35.112494    -0.81311356      20.999464
30.5      1110.9834      270.30815      35.521557    -0.80865439      19.511382
30.6      1110.9025      270.46688      35.081757     -0.8041691      19.277808
30.7      1110.8237      270.34349      35.079613    -0.79969942       19.71338
30.8      1110.7429      270.77253      34.996624    -0.79521537      19.748045
30.9      1110.6647       270.5438      34.844316    -0.79074341      19.806131
  31      1110.5844      270.73342       34.94014    -0.78626579      20.322479
31.1      1110.5071      270.52363      35.050453    -0.78178424      19.809549
31.2      1110.4277      270.93269      34.974122    -0.77730531      19.586954
31.3      1110.3503      270.96774      35.078156    -0.77282082      18.293324
31.4      1110.2735      270.86958        34.9353    -0.76834085      20.311295
31.5      1110.1965       270.6363      35.239256    -0.76385491      19.790082
31.6      1110.1213      270.84287      35.028844    -0.75937659      20.758408
31.7      1110.0441      271.13062      34.948324    -0.75488873      19.629346
31.8      1109.9708         270.88       34.91688    -0.75040039      20.111088
31.9      1109.8952       271.0865        35.1152     -0.7459119      20.180204
  32      1109.8215       270.8285      34.882602    -0.74143515      21.216049
32.1      1109.7476      271.51158      34.885465     -0.7369378      20.014689
32.2      1109.6728      271.77321      35.332819    -0.73245605      18.972853
32.3      1109.6011      271.34137      35.328189    -0.72796328      19.941473
32.4      1109.5279      271.52058      34.860213    -0.72345412      20.928177
32.5      1109.4567      271.54743      34.985597     -0.7189708      20.285959
32.6      1109.3853      271.25046      34.601228    -0.71448415      19.720538
32.7      1109.3139      271.67187      35.094319     -0.7099856      20.603126
32.8       1109.242      271.51619      35.337123    -0.70549596      20.413241
32.9      1109.1719      271.98421      34.906985     -0.7009984      19.935036
  33      1109.1023      271.79132      35.125159     -0.6964948      20.054327
33.1       1109.032      271.52552      35.405883    -0.69200121      20.102681
33.2      1108.9628      271.80464      34.840404     -0.6874941       20.48783
33.3      1108.8953      271.92282      35.057685    -0.68300691      20.376911
33.4      1108.8281      271.65313      34.684736    -0.67850232      19.352083
33.5      1108.7596      272.07806      35.176931    -0.67400378      19.893319
33.6      1108.6922      271.85679      35.121678     -0.6694937      21.136209
33.7      1108.6261       271.7996      35.384602    -0.66500342      19.447487
33.8      1108.5592      271.72025      35.249969    -0.66049031      20.367138
33.9      1108.4933      272.03885      34.815717     -0.6559901      19.979935
  34      1108.4277       272.0196      35.054078    -0.65149097      20.611538
34.1      1108.3634      272.00986      35.401133    -0.64698893      19.909893
34.2      1108.2987      271.95687      35.450654     -0.6424696      20.843187
34.3      1108.2341      272.42851      34.960768    -0.63796901      19.753429
34.4      1108.1707      272.37733      35.154177    -0.63345326      20.305873
34.5      1108.1081      272.21581      35.237935    -0.62895012       20.39941
34.6      1108.0454      272.58911      35.209876     -0.6244315      20.469252
34.7       1107.982      272.39728      35.202898    -0.61992963      20.307306
34.8      1107.9219      272.31109       34.75569      -0.615408      20.171268
34.9       1107.861      272.59645      35.047164    -0.61090669      19.667067
  35       1107.799      272.63589      35.208103    -0.60638907      20.610786
35.1      1107.7384      272.38231      35.249695    -0.60188132       20.32576
35.2      1107.6788      272.54986      35.127974      -0.597362      20.893672
35.3      1107.6187      272.75038      34.881387    -0.59284261      19.965965
35.4      1107.5612      272.92247      35.147181    -0.58833086      19.015386
35.5      1107.5019      273.07952      34.902677    -0.58381602      20.258096
35.6      1107.4436      272.80091      35.125313    -0.57929501      20.813216
35.7      1107.3852      272.86939       35.22569     -0.5747716      20.136972
35.8      1107.3279      272.88345      34.872943     -0.5702513      19.929266
35.9      1107.2717      272.77206      34.714541    -0.56573572      19.272028
  36      1107.2149      273.15557       35.17409    -0.56122062      20.109117
36.1       1107.159      273.23073      35.332208    -0.55669703      19.747094
36.2      1107.1047      272.88097      34.988919    -0.55216863      19.295403
36.3       1107.048      272.94551      34.711987    -0.54765729      18.767655
36.4       1106.995      273.12794      35.064826    -0.54313315      20.824443
36.5      1106.9417      272.65353      35.466481    -0.53861216      18.554099
36.6      1106.8857      273.08733      35.048751    -0.53408087      20.071896
36.7      1106.8338      273.42922      35.351463    -0.52956318      19.449997
36.8      1106.7816      273.33621       34.99906    -0.52503584      19.916869
36.9      1106.7277      273.66315      34.705557    -0.52051294      18.931374
  37      1106.6769      273.15356      35.539302    -0.51597392      19.651802
37.1      1106.6255      273.67227       35.13242    -0.51145266      19.551639
37.2      1106.5743      273.65138      35.276675    -0.50692061      20.151117
37.3      1106.5241      274.07303      35.156942    -0.50239544       20.40536
37.4      1106.4746      273.42967      35.268788    -0.49787205      19.681608
37.5      1106.4235      273.85883      35.285841    -0.49334192      20.419213
37.6      1106.3752      273.44809      35.452617    -0.48880089      19.955142
37.7      1106.3257      273.88178      35.254171    -0.48427741       20.37119
37.8      1106.2779      273.90153      35.281253    -0.47974681      19.995334
37.9      1106.2312      273.89519      35.181104    -0.47520571      17.990922
  38      1106.1835      274.10168      35.032285    -0.47067471      20.183823
38.1      1106.1356      274.18403      34.875543    -0.46614252      19.545492
38.2      1106.0902      274.18666      35.288911    -0.46161887       18.79829
38.3      1106.0433       274.4773      35.074029    -0.45707663      20.424343
38.4       1105.998      274.08895      35.171404    -0.45254205      19.576371
38.5      1105.9533       274.1262      35.235452     -0.4480031      19.838141
38.6      1105.9091      274.23005      35.562008    -0.44348172      20.923813
38.7      1105.8645       274.4317      35.123868    -0.43893454      20.515718
38.8      1105.8217      274.13209      35.199198    -0.43439054      20.015315
38.9      1105.7785      274.61204      34.961076    -0.42985892      20.182492
  39      1105.7355      274.63061      35.131657    -0.42531918      19.858927
39.1      1105.6926      274.15511      35.161072    -0.42077304      21.261969
39.2      1105.6501      274.83482      35.078011    -0.41623257      18.890571
39.3      1105.6092      274.65509      35.402165    -0.41169654      20.371351
39.4      1105.5682      274.77695       34.89354    -0.40715255      19.721667
39.5      1105.5272      274.69019      35.291235    -0.40262276      20.975921
39.6       1105.488      274.67122      35.376079    -0.39807964      20.246796
39.7      1105.4496      274.65683      34.984153    -0.39353151      20.788675
39.8      1105.4103      274.99997      35.367546    -0.38899765      19.984057
39.9      1105.3691      275.03543      35.524638    -0.38443124      19.748093
  40      1105.3325       274.9942      35.451571    -0.37990959      20.797693
40.1      1105.2952      275.19043      35.151305    -0.37535717       19.43583
40.2      1105.2581      275.07006      35.242344    -0.37080687      19.674182
40.3      1105.2207      275.06196        35.2552    -0.36626674      21.077941
40.4       1105.185        274.874      35.642173    -0.36171799      19.493706
40.5      1105.1483      274.83376      35.116446    -0.35717847        20.8045
40.6      1105.1122      275.19479      35.248655    -0.35262506      19.971663
40.7       1105.078      275.17485      35.363388    -0.34808304      19.789117
40.8      1105.0437      275.12523      35.490008     -0.3435444       19.86867
40.9      1105.0096      274.97584      35.352148    -0.33899109       20.27962
  41      1104.9753      275.44363      35.244165    -0.33444551      21.091196
41.1       1104.943      275.60193      34.979215    -0.32988423      20.090765
41.2      1104.9091      275.26855      35.110421    -0.32534874      19.950249
41.3      1104.8775      275.24922      35.501775    -0.32079247      19.073005
41.4      1104.8441      275.10093      35.255022    -0.31623581      18.865542
41.5      1104.8144      275.75088       35.24297    -0.31169615      19.731184
41.6      1104.7823      275.95873      35.197966    -0.30713662      18.422333
41.7      1104.7519      275.78244      35.091945    -0.30259565      19.799336
41.8      1104.7222      275.86963      35.196165    -0.29804442      20.089748
41.9      1104.6935      275.75282      35.130891    -0.29348154      19.583148
  42      1104.6635       276.0585      35.479708    -0.28894373      20.679753
42.1      1104.6361      275.64325      35.332672    -0.28438051      20.248987
42.2      1104.6063      275.73394      35.253207    -0.27982622      20.222469
42.3      1104.5794      276.11862      35.091122    -0.27528189      19.102109
42.4      1104.5523      276.14243      35.169182    -0.27072395      20.022361
42.5      1104.5253      276.49544      35.102947    -0.26616722       20.25972
42.6       1104.499      276.31821      35.351887    -0.26162579      20.133656
42.7      1104.4724      276.41687      35.415229    -0.25706964      19.275303
42.8       1104.448      276.30508      35.375291    -0.25250139      19.892504
42.9      1104.4227      276.38323      35.193489    -0.24796382       19.96684
  43      1104.3975      275.81692      35.485115    -0.24339188      20.483518
43.1      1104.3737      276.36807       35.05802    -0.23883892      19.955713
43.2      1104.3508      276.48055      34.989253     -0.2342876      19.641671
43.3      1104.3263      276.39004      35.433527    -0.22973267       19.93058
43.4      1104.3046      276.43397      35.402675    -0.22517104      19.975411
43.5      1104.2812       276.5784      35.533613    -0.22062859      20.166369
43.6      1104.2601      276.84346      35.204301    -0.21605265      19.743383
43.7      1104.2393      276.70896       35.17751    -0.21150056       19.08252
43.8      1104.2177      277.07476      35.330295    -0.20694131       21.15667
43.9      1104.1973      276.74535      35.261225    -0.20239327      19.875364
  44      1104.1768      277.01196      35.326155    -0.19783778      18.663011
44.1      1104.1576      276.89733      35.562295    -0.19326563      19.966674
44.2      1104.1379      276.90308      35.218306    -0.18871522      20.927542
44.3      1104.1203      276.88778      35.334401    -0.18414971      21.099514
44.4      1104.1007      277.10436      35.290085    -0.17960049      20.447711
44.5      1104.0839        276.618      34.899082    -0.17502886      20.881705
44.6      1104.0665      277.05893      35.352531    -0.17048055      20.706649
44.7      1104.0502      277.38241      35.365474    -0.16591559      19.308464
44.8      1104.0346      277.26461      35.568468    -0.16136531      19.220055
44.9      1104.0173      277.25057      35.102469    -0.15680163       20.42152
  45      1104.0021      277.10168       35.06503    -0.15223413      20.408711
45.1      1103.9871      277.16767      35.413828    -0.14768064      20.360262
45.2      1103.9728      277.62346      35.263022    -0.14311523      20.442719
45.3      1103.9595      277.33157      35.217165    -0.13854533      19.593459
45.4      1103.9451      277.25325      35.504929    -0.13398634      18.875934
45.5       1103.931      277.57204       35.27512    -0.12942749      20.458829
45.6      1103.9189      277.56561      35.652721    -0.12486686      20.092288
45.7      1103.9061      277.66682       35.50454    -0.12030402      21.340658
45.8      1103.8953      277.91756      35.304131    -0.11574617      19.244132
45.9      1103.8839      278.06391      35.318399    -0.11118543      20.842722
  46      1103.8737       277.5864      35.262087    -0.10662146      19.730588
46.1      1103.8626      277.65165      34.826161    -0.10206275      20.092016
46.2       1103.853      277.98411      35.364758    -0.09749455      20.109414
46.3      1103.8426      278.04018       35.38852   -0.092933203      19.710527
46.4      1103.8332      277.89111      35.279066   -0.088371465      20.598832
46.5      1103.8256      278.11637        35.5267   -0.083819846      20.466864
46.6      1103.8164      277.98438      35.328598   -0.079245959      19.378355
46.7      1103.8097       278.0919      35.221245   -0.074689398       19.41167
46.8       1103.801      278.03643      35.407044   -0.070112337      19.458514
46.9      1103.7952      278.36062      35.314556    -0.06555993      20.183025
  47      1103.7886      277.90835      35.445564   -0.061002152      20.115245
47.1      1103.7825      278.00698      35.167199   -0.056435751      20.811669
47.2      1103.7774       278.2328      35.348025   -0.051857938      20.416839
47.3      1103.7731      278.90759      35.420763   -0.047310135      19.729118
47.4      1103.7685      278.51733      35.230716   -0.042729938      19.125715
47.5      1103.7645      278.49871      35.231688   -0.038176505      20.818541
47.6      1103.7606      278.79822      35.460618   -0.033607987      19.966783
47.7       1103.756      278.53815      35.204904   -0.029041435      20.172562
47.8      1103.7545      278.59146      35.352704   -0.024492142       19.35688
47.9      1103.7525      278.55056      35.511718   -0.019926059      20.768511
  48      1103.7511      278.82514      35.181215   -0.015357454      18.898898
48.1      1103.7488      278.88238          35.55   -0.010788155      19.991943
48.2       1103.748      278.47123      35.235741  -0.0062279676      20.460193
48.3      1103.7472      278.75648      34.881365  -0.0016771301      19.698776
48.4      1103.7491       278.8921      35.462497   0.0028942093      19.693244
48.5      1103.7487      279.06922       35.34203   0.0074574257       20.49153
48.6      1103.7495      279.05547      35.335276    0.012022521      20.314579
48.7      1103.7513      278.89806       35.86991    0.016581359      20.048804
48.8      1103.7528      279.06425      35.517067     0.02114774      20.837025
48.9      1103.7555      279.30963      35.274813    0.025712369      20.867985
  49      1103.7577      279.15823      35.642674    0.030273311      19.957472
49.1      1103.7625      278.87984      35.338775    0.034840918      21.161652
49.2      1103.7654      279.39564       35.10697    0.039412534      20.466706
49.3      1103.7693      279.25374      35.388869    0.043974304      19.769237
49.4      1103.7749      279.43615      35.119976    0.048532111      18.362719
49.5      1103.7781      279.53981      35.149091    0.053085473      20.561479
49.6      1103.7844      279.27701      35.449236    0.057658464      20.716611
49.7      1103.7895      279.62454      35.417449    0.062228385      20.288672
49.8      1103.7965      279.49949      35.606826    0.066785581      19.270077
49.9      1103.8031      279.62237      35.192296    0.071346091      21.587284
  50      1103.8116      279.62571      35.375904    0.075915315      19.503706
50.1      1103.8187      279.81468      35.277912    0.080464353      19.951921
50.2      1103.8262      279.66913      35.514427    0.085036242      20.916502
50.3      1103.8358      279.83173       35.50032    0.089598902      19.967917
50.4      1103.8454      279.93215      35.081064    0.094164598      21.113083
50.5       1103.855      279.84987      35.621506    0.098718673       19.07032
50.6      1103.8646      280.17871       35.07992      0.1032906      19.764278
50.7       1103.875      280.06058      35.221489     0.10785286      18.697018
50.8      1103.8866      279.90373      35.320554     0.11240558      20.585016
50.9      1103.8983      279.92276      35.429016     0.11697433      19.875995
  51      1103.9097      280.19359      35.429669     0.12153554      19.692155
51.1      1103.9224      280.03837      35.439535     0.12609557      19.828877
51.2       1103.935      280.28457       35.63933     0.13065109      19.501799
51.3      1103.9487      280.21571      35.301523     0.13521824      20.106755
51.4      1103.9632      280.59576      35.539972      0.1397699      20.344132
51.5      1103.9766      280.75717      35.363641     0.14434642      19.910413
51.6      1103.9915      280.43528       35.48305     0.14890695      19.980575
51.7      1104.0053      280.52241      35.441381     0.15345726      20.033891
51.8      1104.0219      280.43895      34.998952      0.1580099      20.484847
51.9      1104.0371      280.50403      35.563331     0.16257914      20.687798
  52      1104.0533      280.54285      35.157668     0.16713688       19.84837
52.1      1104.0715      280.71624      35.444316      0.1717005      20.439901
52.2      1104.0901      280.83114       35.50843     0.17625925      19.549138
52.3      1104.1062      280.70588      35.102604     0.18082031      19.415857
52.4      1104.1242      280.98605      35.390964     0.18537438      20.285292
52.5      1104.1439      280.87436      35.372369     0.18994524      19.983396
52.6      1104.1633      281.00996      35.433079     0.19449734      20.792815
52.7      1104.1819      280.89188       35.22904     0.19903854      20.234337
52.8      1104.2027      281.03449      35.377698     0.20361064      21.155546
52.9       1104.223      281.27095      35.369118     0.20816334      20.782033
  53      1104.2432      281.06017       35.22719     0.21272069      19.721261
53.1      1104.2655      281.00432      35.159155     0.21728364      20.016581
53.2      1104.2875      281.35973      35.087316     0.22184469      20.667788
53.3        1104.31      281.17367      35.154397     0.22640073      20.222145
53.4      1104.3333      281.46085      35.412264     0.23095118      20.459933
53.5      1104.3561       281.3402      35.301511     0.23551585       20.52698
53.6        1104.38      281.60901      35.193374      0.2400597      20.515671
53.7      1104.4046      281.27259      35.574678     0.24461213      19.000978
53.8      1104.4286      281.66625      35.260311     0.24917986      21.011433
53.9      1104.4531      281.19723      35.223177     0.25373891      19.568543
  54      1104.4799      281.59501      35.234604     0.25828916      21.157062
54.1       1104.505      281.66928      35.479662     0.26283557      18.810631
54.2      1104.5325      281.56593      35.648875     0.26740298       19.66453
54.3      1104.5596      281.97994      35.292051     0.27195058      19.650317
54.4      1104.5874       282.2234      35.343084     0.27651102      18.766331
54.5      1104.6156      281.86764      35.557027     0.28105205      19.188849
54.6      1104.6422        281.445      35.440347     0.28560306       19.75188
54.7      1104.6724      281.82515      35.442102      0.2901692      19.048273
54.8      1104.7008      281.87112      35.202068     0.29470078      19.941871
54.9      1104.7306      282.07833      35.173341     0.29926118      20.700714
  55      1104.7619      281.85633       35.48661     0.30381414      19.826067
55.1      1104.7911      282.06894      35.261979     0.30836397      20.551007
55.2      1104.8222      282.14912      35.226578     0.31291486      19.973703
55.3      1104.8541      282.17643      35.402784     0.31745999      20.513616
55.4      1104.8864      282.33827      35.438983     0.32202371      20.074444
55.5      1104.9182      282.47952      35.071575     0.32655594      18.978806
55.6      1104.9524      282.37208      35.304033      0.3311065      20.698758
55.7      1104.9844      282.45286      35.418803     0.33566158      20.898881
55.8      1105.0184      282.46461      35.255115     0.34020829      20.021758
55.9      1105.0529      282.40081      35.006391     0.34475593      20.765391
  56      1105.0863      282.72661      35.260552     0.34931046      19.266428
56.1      1105.1234       282.7541      35.303199     0.35384979      19.521926
56.2      1105.1582      282.81642      35.228159     0.35839671      20.821074
56.3      1105.1944      282.90799      35.602355     0.36293857      21.037073
