   10      1250.7517      270.16877      28.786256     -5.9233867      19.732777
 10.1      1250.1593      270.09013      29.184015     -5.9221586      20.222856
 10.2       1249.567      269.90997       29.25029     -5.9209521      19.494855
 10.3      1248.9766      270.15621      28.853605     -5.9197308      19.585709
 10.4      1248.3828      269.70549      29.226258     -5.9185246      20.344078
 10.5      1247.7916      269.98102      28.747798     -5.9173009      20.030115
 10.6      1247.1994      269.64009      29.137135     -5.9160904      18.419438
 10.7       1246.608      269.95034      29.169441     -5.9148452      19.366796
 10.8      1246.0164      269.89645      29.271838     -5.9136187       19.74739
 10.9      1245.4246      269.78289      29.256347     -5.9124011      20.343252
   11      1244.8336      269.93171       29.17018     -5.9111729      20.296232
 11.1      1244.2425      269.95899      29.074954     -5.9099363      19.325505
 11.2      1243.6517      270.10668       29.35175     -5.9087089      20.724157
 11.3      1243.0613      269.83137      29.441047     -5.9074678      20.366011
 11.4      1242.4705       269.8741      29.216105      -5.906231      20.917224
 11.5      1241.8791        270.084       29.42278     -5.9049962      21.246327
 11.6      1241.2889      269.85504      29.239109     -5.9037662      19.140786
 11.7      1240.6992       270.1813      29.339528     -5.9025159      20.303272
 11.8      1240.1095       270.1451      29.640026     -5.9012711      19.529632
 11.9      1239.5191      270.15641      29.100923     -5.9000252      18.887139
   12      1238.9284      269.96674      29.793867     -5.8987809      20.115322
 12.1      1238.3387      270.00865      29.777052     -5.8975293      20.122392
 12.2      1237.7501      270.06732      29.736199     -5.8962711        19.9666
 12.3      1237.1594      270.15732      29.555619     -5.8950269      19.604813
 12.4        1236.57      270.07387      29.488109     -5.8937611       20.24069
 12.5      1235.9817      269.92611      29.369834     -5.8925123       20.72076
 12.6      1235.3919      270.11626      29.291723     -5.8912526      20.679528
 12.7       1234.803      269.75645      29.271858     -5.8899994      19.987497
 12.8      1234.2148       269.7201      29.823732     -5.8887396       19.77961
 12.9      1233.6256      269.77798      29.617634     -5.8874687      20.039938
   13      1233.0373      269.99939      29.518398     -5.8861821      19.919598
 13.1      1232.4496       270.1953      29.368204     -5.8849237      20.402592
 13.2      1231.8604      269.53113      29.930802      -5.883665      19.390094
 13.3      1231.2718      270.19356      29.585882     -5.8823814      20.028172
 13.4      1230.6835      269.89514      29.970895     -5.8811038      20.538801
 13.5       1230.096       270.0784      29.723489     -5.8798482      19.886034
 13.6      1229.5075      270.07728      29.757073     -5.8785555      21.278324
 13.7      1228.9194      269.90995      29.514085     -5.8772729      19.514512
 13.8      1228.3314      270.17762      29.830462     -5.8760009      20.395523
 13.9      1227.7448      270.29507      29.878438     -5.8747072      19.421224
   14      1227.1574      270.03994      29.968925     -5.8734363      21.516825
 14.1      1226.5697      269.50785      29.872184     -5.8721402      19.171895
 14.2      1225.9825      270.18467      29.722381     -5.8708566      20.476199
 14.3      1225.3959      269.88687       30.27539     -5.8695693      19.028296
 14.4      1224.8082      270.12378      30.031987     -5.8682589      20.052327
 14.5      1224.2217      269.86418      30.036528     -5.8669707      20.339301
 14.6       1223.635      269.99701      30.037598     -5.8656817      20.683824
 14.7      1223.0484      269.76453      30.068436     -5.8643881      20.197921
 14.8      1222.4621      270.28448      29.739965     -5.8630697      19.649818
 14.9      1221.8756      270.32969      30.093385     -5.8617711      19.870014
   15      1221.2901      269.93864      30.167419     -5.8604612       20.44078
 15.1      1220.7035      269.97135      30.062199     -5.8591614      19.395693
 15.2      1220.1172      270.49418      30.363724     -5.8578479      20.245994
 15.3      1219.5319      270.01526      30.229889     -5.8565387      20.899453
 15.4      1218.9466       269.9148      30.348566      -5.855227      19.746838
 15.5      1218.3603      269.92132      30.477019     -5.8539016      19.364275
 15.6      1217.7765      269.73896      30.129253     -5.8525958      19.821459
 15.7      1217.1916      270.03489       30.34381     -5.8512863      19.278916
 15.8      1216.6061      269.96017      30.604791     -5.8499628      18.980819
 15.9      1216.0207      269.79718      30.265547     -5.8486398      19.832257
   16      1215.4361      270.09565      30.386127     -5.8473161      20.509727
 16.1      1214.8504      270.02659       30.38655     -5.8459895      20.767724
 16.2      1214.2672      269.87169      30.444477     -5.8446649      20.219051
 16.3      1213.6818      269.76123      30.325929     -5.8433346      20.215723
 16.4      1213.0975      269.86405      30.372158     -5.8419975      19.863038
 16.5      1212.5149      270.05825      30.336465     -5.8406621      20.503959
 16.6      1211.9307       270.0939      30.482644     -5.8393298      19.764264
 16.7      1211.3451      270.04116      30.395668     -5.8379985      19.868535
 16.8      1210.7617       270.0174      30.722586     -5.8366467      19.860312
 16.9       1210.179      269.80597      30.417914     -5.8353055      20.828771
   17      1209.5951      270.06285      30.448399     -5.8339559      21.111364
 17.1      1209.0113      270.07053      30.742892     -5.8326247      20.380951
 17.2      1208.4281      270.58687      30.463162      -5.831276      20.100593
 17.3      1207.8456      270.01039      30.790826     -5.8299104      19.277293
 17.4      1207.2624      269.89105      31.252316     -5.8285603      19.431133
 17.5      1206.6799      269.53594      30.693037     -5.8271924      18.642755
 17.6       1206.098      270.05516      30.632115     -5.8258482      19.453878
 17.7      1205.5141      269.80776       30.83548     -5.8245043      21.287082
 17.8      1204.9332      269.81699       31.11686     -5.8231424      19.367877
 17.9      1204.3512      269.93124      30.901408     -5.8217768      20.733224
   18      1203.7676      269.75496      30.887057     -5.8204204      20.585517
 18.1      1203.1864      269.87445      30.511217     -5.8190419      20.319821
 18.2      1202.6055      270.15005      30.891778     -5.8176665      20.101641
 18.3      1202.0222      269.70978      30.887755     -5.8163092      20.993629
 18.4      1201.4417      269.89401      31.002006     -5.8149386      21.243846
 18.5      1200.8595       269.9558      31.197944     -5.8135609      19.589523
 18.6      1200.2782       270.0709      30.919495     -5.8121782      19.914318
 18.7      1199.6959      269.87183      30.893021     -5.8108042       20.20053
 18.8      1199.1164       269.9306      31.056067     -5.8094183      20.134041
 18.9      1198.5352      270.00483      30.698786     -5.8080348      19.807794
   19      1197.9556      269.69796      31.079548     -5.8066508      18.687083
 19.1      1197.3731      269.95078      30.873942     -5.8052609      19.683102
 19.2      1196.7936      270.09207      31.256952     -5.8038729      19.786573
 19.3       1196.213      270.04523      31.011497     -5.8024796      19.046856
 19.4      1195.6339      269.89301      31.274879     -5.8010933      20.167517
 19.5      1195.0523      269.85695      31.533383     -5.7996988       21.03909
 19.6      1194.4733      270.08926       31.39675     -5.7982846      20.531033
 19.7      1193.8936      269.99159      31.083883     -5.7968993      20.296505
 19.8      1193.3139      269.96328      31.338424     -5.7954974      19.809668
 19.9      1192.7339      269.88376      31.281179      -5.794099      21.231206
   20      1192.1543      269.66822      31.125857     -5.7926857        18.9183
 20.1      1191.5752      269.71314      31.499926     -5.7912823      18.750503
 20.2      1190.9969      270.13151      31.050235     -5.7898739      18.067935
 20.3      1190.4168      270.19805      31.170082     -5.7884435      19.901693
 20.4      1189.8385      269.99561      31.189145     -5.7870346      20.561876
 20.5      1189.2603      270.09042      31.189353     -5.7856181      20.059583
 20.6       1188.682      269.92343      31.491027      -5.784192      18.344145
 20.7      1188.1031      270.02108      31.248964     -5.7827847      21.029575
 20.8      1187.5251      270.11809      31.323154       -5.78135      19.568583
 20.9      1186.9474      269.97871      31.261012     -5.7799473      19.851383
   21      1186.3691      269.84847       31.45968     -5.7785102      20.722143
 21.1      1185.7903      270.08668      31.503992     -5.7770925      19.824628
 21.2       1185.213      269.98245      31.525295     -5.7756438      19.551071
 21.3      1184.6371      269.75373      31.530748     -5.7742203      19.020083
 21.4      1184.0589      269.97912      31.702317     -5.7727787      19.845434
 21.5      1183.4818       269.7389       31.47143     -5.7713285        20.4388
 21.6      1182.9042       269.8667      31.456032      -5.769904      19.716532
 21.7      1182.3271      269.85244      31.824182     -5.7684693      20.668816
 21.8      1181.7513       270.0637      31.500613     -5.7670009      19.804261
 21.9       1181.175        270.149       31.73124     -5.7655664      19.494669
   22      1180.5973      270.18947      31.443896     -5.7641207      19.880461
 22.1      1180.0222      270.06472      31.425482     -5.7626576      19.253514
 22.2       1179.445      270.07009      32.152938     -5.7612065      20.237497
 22.3      1178.8688      269.83903      31.612587      -5.759775       19.97326
 22.4      1178.2944       270.1206      32.103584     -5.7582985      20.788518
 22.5       1177.718      269.95498      31.719609     -5.7568375      20.077073
 22.6      1177.1415      269.83521      31.853136     -5.7553721      19.013818
 22.7      1176.5662      270.04786      32.120926     -5.7539032      20.470733
 22.8      1175.9907      269.89244      32.191652     -5.7524539      20.329424
 22.9      1175.4154      270.13772      31.794239     -5.7509739      20.298625
   23      1174.8423      269.68353      31.820929     -5.7495165      19.596811
 23.1      1174.2664       269.8437      32.346908     -5.7480194      21.172242
 23.2      1173.6911      269.95456      32.195071     -5.7465446      20.079914
 23.3      1173.1171      270.16865      32.104906     -5.7450794      19.988048
 23.4      1172.5423      269.94814      32.180961     -5.7435848      19.335191
 23.5      1171.9682      270.14017      32.023496     -5.7421194      19.472715
 23.6      1171.3938      269.96014      32.033715     -5.7406211      19.485873
 23.7      1170.8203      270.38788      32.010882     -5.7391486       20.39977
 23.8      1170.2453      269.92721      31.877336     -5.7376558       19.47528
 23.9      1169.6723      269.75251      32.090931      -5.736163      20.392947
   24      1169.1001      269.94942      32.204682      -5.734672      19.245953
 24.1       1168.526      270.13202       32.06626     -5.7331716      20.495169
 24.2      1167.9517      270.12377      32.291692     -5.7316764      20.544841
 24.3      1167.3794       270.0422      32.369402     -5.7301663      20.063762
 24.4      1166.8069      270.04741      32.092841     -5.7286622      19.516642
 24.5      1166.2334      269.99903      32.447138     -5.7271538      20.253878
 24.6      1165.6614      270.14279      32.168455     -5.7256581      20.461937
 24.7      1165.0891      269.90628      32.430879     -5.7241568      19.378738
 24.8      1164.5151      270.08744      32.345833     -5.7226424      20.991643
 24.9      1163.9432      270.19547      32.456671     -5.7211214      20.403615
   25      1163.3724      269.86335      32.369529     -5.7196105      20.071268
 25.1      1162.7995       270.1483      32.751544       -5.71808      19.757998
 25.2      1162.2292      270.21755      32.468695      -5.716568      19.134231
 25.3      1161.6576      270.02602      32.357076     -5.7150555      20.011279
 25.4      1161.0858      269.84507      31.994132     -5.7135158      19.854707
 25.5      1160.5148      269.88677      32.512984     -5.7119842      20.572966
 25.6      1159.9426      270.29845      32.592007     -5.7104591      21.006754
 25.7      1159.3719      270.12235       32.72809     -5.7089271      20.150274
 25.8      1158.8014       269.9532      32.578675      -5.707398        20.8644
 25.9      1158.2304      269.98656      32.611999     -5.7058518       20.03968
   26      1157.6604      269.83794      32.756862     -5.7043247       19.74577
 26.1      1157.0897      269.94293      32.727965     -5.7027809      19.972699
 26.2      1156.5194      270.23326      32.526923     -5.7012368      19.765873
 26.3      1155.9496        269.874       32.91203     -5.6996816      20.606843
 26.4      1155.3789      270.17305      32.813755     -5.6981375      19.815039
 26.5        1154.81      270.47783      32.816542     -5.6965728      19.832173
 26.6       1154.239      269.93053      32.813496     -5.6950383      19.837343
 26.7      1153.6703      270.11333      32.522394     -5.6934742      20.914357
 26.8      1153.1018      269.62641      32.733759     -5.6919096      19.757227
 26.9      1152.5312      269.91109      32.909952     -5.6903622      19.830205
   27      1151.9638      270.08711      32.656311     -5.6887876      20.107689
 27.1       1151.393       269.8756      32.984557     -5.6872267       19.24569
 27.2      1150.8255      269.76952       33.19533     -5.6856563      19.307156
 27.3      1150.2577       269.9246      33.038056     -5.6840905      20.505486
 27.4      1149.6895      269.83915      32.797481     -5.6825147      19.817499
 27.5      1149.1209       269.7939       33.02941     -5.6809426      20.458036
 27.6      1148.5515      269.92457      32.817773     -5.6793596       20.57058
 27.7      1147.9851      270.19171      33.135978      -5.677773      21.105991
 27.8      1147.4174      270.02911      33.133857     -5.6761883      18.426591
 27.9       1146.849      269.70386      32.850192      -5.674616      19.607461
   28      1146.2825      270.23839      32.971363     -5.6730348      20.193368
 28.1       1145.717      269.95163      33.133282     -5.6714414      19.901608
 28.2      1145.1474      270.12656       33.20068     -5.6698632      19.651849
 28.3      1144.5795       269.9745      32.927353     -5.6682625      18.897218
 28.4      1144.0136      269.93323      33.254316     -5.6666484      19.558836
 28.5      1143.4486      270.02323      33.231051     -5.6650465      19.209381
 28.6      1142.8812      269.62647      33.270431     -5.6634509      19.431981
 28.7      1142.3149      269.91642      33.395684     -5.6618499      20.731552
 28.8      1141.7487       270.1935      33.300926     -5.6602454      19.584796
 28.9      1141.1832      270.33614      33.496835     -5.6586408      19.430864
   29      1140.6169      269.95669      33.224826     -5.6570188      19.307484
 29.1      1140.0521      270.30581      33.330205     -5.6553988      19.026592
 29.2      1139.4866      270.07402      33.358755     -5.6537905      19.962276
 29.3      1138.9217       269.8807      33.444874     -5.6521779      19.255096
 29.4       1138.355      269.75633      33.549597     -5.6505596       20.92456
 29.5       1137.791        270.304      33.334762     -5.6489253      19.924669
 29.6       1137.227      270.30483      33.553128     -5.6473006      19.965956
 29.7      1136.6618      269.87659      33.611842     -5.6456622      19.881608
 29.8      1136.0953      269.94458      33.407354      -5.644041       19.82957
 29.9      1135.5322       269.7774      33.975727     -5.6424052      19.571283
   30      1134.9678      270.02056      33.632426     -5.6407674      20.078572
 30.1      1134.4027      269.82224      33.675576     -5.6391293      20.999306
 30.2      1133.8404      270.13797      33.734867      -5.637485      19.787038
 30.3      1133.2768      269.85643      33.595058     -5.6358459      20.412213
 30.4      1132.7127      269.97942       33.84799     -5.6342007       20.02003
 30.5      1132.1503       269.7151      33.551738     -5.6325453      19.978446
 30.6      1131.5865      269.74881      33.689733     -5.6309007      20.141982
 30.7      1131.0235      269.87625      33.571881     -5.6292521      19.849503
 30.8      1130.4621      270.06003      33.845139     -5.6275985      19.868979
 30.9      1129.8989      269.82799       33.91062     -5.6259301      19.962547
   31      1129.3365      269.78135      34.112981     -5.6242679          20.09
 31.1       1128.774      269.97261      33.828758     -5.6226027      20.115224
 31.2       1128.211      269.92979      33.922857     -5.6209231      19.845379
 31.3      1127.6486      269.93882      34.035687     -5.6192749      20.767988
 31.4      1127.0872      269.92008      34.226362     -5.6176024      20.204546
 31.5      1126.5265      270.20994      33.846574     -5.6159188       20.26695
 31.6      1125.9638      270.02077      33.892103      -5.614245      19.431146
 31.7      1125.4034      269.89967      33.777084      -5.612571      20.126656
 31.8      1124.8422      270.52833      33.847479     -5.6108897       20.43556
 31.9      1124.2816      270.05267      34.178277     -5.6092009      19.506791
   32      1123.7202      269.93002      33.957268     -5.6075122      19.556745
 32.1      1123.1601      269.89874      34.179844     -5.6058004      18.662065
 32.2      1122.5993      270.12489      34.224046     -5.6041225       20.20572
 32.3      1122.0382      270.24051      34.398356     -5.6024271      19.220603
 32.4      1121.4781      269.96096      34.024614     -5.6007348      21.490212
 32.5      1120.9189      270.06474      34.204491     -5.5990365      18.556428
 32.6      1120.3584      270.18606      34.294489     -5.5973356      20.543464
 32.7      1119.7998      269.80934      34.077615     -5.5956257      20.188145
 32.8      1119.2387      270.13756      34.325928     -5.5939225      20.505681
 32.9      1118.6797      270.04676      34.204315     -5.5921979      19.419045
   33      1118.1203        270.101      34.630969     -5.5904758      20.387715
 33.1      1117.5615      270.00792      34.226013     -5.5887802      21.338406
 33.2      1117.0031      269.98513      34.672378     -5.5870591      18.876169
 33.3      1116.4446      269.62927      34.476942     -5.5853415      20.298791
 33.4      1115.8867      270.04981      34.934627     -5.5836008      18.616107
 33.5      1115.3285      270.25346      34.622463     -5.5818766      18.129963
 33.6      1114.7697      270.09999       34.43691     -5.5801629      19.220169
 33.7      1114.2104      269.57587       34.54546     -5.5784181      19.419402
 33.8      1113.6532      270.09849      34.621647     -5.5766934      19.877936
 33.9      1113.0958      269.77208      34.554887     -5.5749422      20.673692
   34      1112.5389      269.92351      34.829655     -5.5732159      19.780971
 34.1       1111.982      270.26411      34.604183     -5.5714768      17.943555
 34.2      1111.4244       270.3273      34.496521      -5.569733      20.518613
 34.3      1110.8689      269.97669      34.713429     -5.5679765      19.533754
 34.4      1110.3119      269.82591      34.828702     -5.5662323      20.732145
 34.5      1109.7544      270.02932      34.904586     -5.5644724      20.365499
 34.6      1109.1991      269.99739      34.687084     -5.5627184       20.15015
 34.7      1108.6415      269.80406      34.523786     -5.5609592      19.046317
 34.8       1108.086      269.95168      34.982031     -5.5591994      19.639227
 34.9      1107.5296      269.91839      34.962513     -5.5574369       20.76639
   35      1106.9742      269.92959      34.853193     -5.5556655      20.067506
 35.1      1106.4193      270.08456      34.817427      -5.553888      20.317713
 35.2      1105.8641      269.57261      34.919531      -5.552116      19.905398
 35.3      1105.3085      270.08871      35.078301     -5.5503502      21.239907
 35.4      1104.7538       270.0624      35.063173     -5.5485589      18.895712
 35.5      1104.1989      269.84677      35.053382      -5.546791       19.86322
 35.6      1103.6444      270.05663      35.036115     -5.5450028      20.063287
 35.7      1103.0896      269.61189      35.435762     -5.5432181      19.857226
 35.8      1102.5363      270.06935      34.966938     -5.5414231      20.225579
 35.9      1101.9815      270.05712      34.832964     -5.5396335      19.716339
   36      1101.4286      270.02783      35.351849     -5.5378387      19.221445
 36.1       1100.874      270.08789      35.225716     -5.5360457      20.631405
 36.2      1100.3207      270.22653      34.966036     -5.5342408      20.898824
 36.3      1099.7676       270.1861      35.805073     -5.5324446      19.503834
 36.4      1099.2144      270.22096      35.018266     -5.5306299      18.969709
 36.5      1098.6611      270.17397       35.58042     -5.5288312      20.716725
 36.6      1098.1084      269.80711      35.425504     -5.5270158      20.282915
 36.7       1097.557      270.16096       34.71027     -5.5252112      18.824031
 36.8      1097.0029      270.31094      35.694105     -5.5233982       20.53821
 36.9      1096.4514      269.85602      35.632224     -5.5215729      20.217661
   37      1095.8993      269.98338      35.544256     -5.5197523      19.491864
 37.1      1095.3467      270.15261      35.071521     -5.5179224      18.757561
 37.2      1094.7954       269.9964      35.287733     -5.5160883      20.745232
 37.3       1094.244      270.04359      35.657199     -5.5142545      20.368336
 37.4       1093.692      269.88678      35.242862     -5.5124292       19.30965
 37.5      1093.1406      270.01972      35.500346     -5.5105949      19.957798
 37.6      1092.5896      269.49195      35.892516     -5.5087432      20.016635
 37.7      1092.0402      269.73494      35.751388     -5.5069151      19.794624
 37.8      1091.4894      269.86876      35.747685     -5.5050663      21.064987
 37.9      1090.9385      269.88512      35.902707     -5.5032162      20.604535
   38      1090.3887      270.17481      35.750648      -5.501365      20.559069
 38.1       1089.838      270.00013       35.85864     -5.4995147      20.028692
 38.2      1089.2884      270.04755      35.687037     -5.4976521      19.929176
 38.3      1088.7377      269.98525      35.792852     -5.4958013      20.601048
 38.4      1088.1893      270.05107      35.720408     -5.4939272      18.969491
 38.5      1087.6404        269.871      35.341101     -5.4920715      20.244561
 38.6      1087.0895      270.37953      36.202233     -5.4902065      20.490409
 38.7      1086.5422      269.91437      36.226287     -5.4883268      20.755788
 38.8      1085.9935      270.01405      35.470351      -5.486457      19.604938
 38.9      1085.4444      270.02689      35.813993     -5.4845815      20.239652
   39      1084.8965      270.25624      35.929111     -5.4826984      18.905369
 39.1      1084.3491      269.77731      35.941177     -5.4808252      19.561634
 39.2         1083.8       269.7847      35.970217     -5.4789265      20.744565
 39.3      1083.2516      269.80493      35.960207     -5.4770446      19.668693
 39.4      1082.7051      269.97342      35.807556     -5.4751542      19.699535
 39.5      1082.1566      270.00087      36.017134     -5.4732498      19.540809
 39.6      1081.6096      270.02459      35.940906     -5.4713591      20.412359
 39.7      1081.0636      270.05685      36.303698     -5.4694753      19.579276
 39.8      1080.5157      269.97193      35.976504     -5.4675648      19.417776
 39.9       1079.969       270.1132      36.162723      -5.465653      19.553257
   40      1079.4228      270.33683      35.922906     -5.4637415      20.103987
 40.1      1078.8762      270.25226      36.216168     -5.4618343      20.355463
 40.2      1078.3303      269.99017      36.378782     -5.4599114      20.242599
 40.3      1077.7844      269.93863      36.406691     -5.4579926      19.935048
 40.4      1077.2387      270.23203      36.099778     -5.4560791      18.954273
 40.5      1076.6934      269.71074      36.359865     -5.4541581       21.20343
 40.6      1076.1478      270.22932      36.441354     -5.4522297      19.181206
 40.7      1075.6045      269.91013      36.583389     -5.4502877      20.306533
 40.8      1075.0566      270.15467      36.449767     -5.4483637      19.674865
 40.9      1074.5146       270.1548      36.519867     -5.4464316      20.097915
   41      1073.9692      269.86522      36.568598     -5.4444911      21.255985
 41.1      1073.4247      270.00702      36.647168     -5.4425509      19.594892
 41.2      1072.8806      269.98571      36.289899      -5.440602      19.173183
 41.3      1072.3358      270.17758      36.687253     -5.4386476      19.611093
 41.4      1071.7923       270.0493      36.531876     -5.4367068      21.267546
 41.5      1071.2492      270.03472      36.776959     -5.4347434      19.253844
 41.6      1070.7063      270.19971      36.664222      -5.432796      20.851342
 41.7      1070.1619      269.84299      36.753342     -5.4308387      19.908571
 41.8      1069.6201      269.86052      37.018962     -5.4288717      20.073345
 41.9      1069.0752      269.82924      36.594974     -5.4269094      19.444941
   42      1068.5348      270.08877      36.776525      -5.424935      20.332415
 42.1      1067.9912      269.93559      36.888605     -5.4229706      19.115399
 42.2      1067.4502      270.15241      36.749164     -5.4209797       20.38562
 42.3      1066.9073      269.93721      36.716819     -5.4190014      20.321763
 42.4      1066.3673      270.03085      36.726981     -5.4170233      20.448499
 42.5      1065.8232      269.89504      36.737516     -5.4150521       21.11836
 42.6      1065.2824      270.10594      37.091069     -5.4130566       20.05513
 42.7      1064.7422      270.18049      37.030442     -5.4110659      19.754662
 42.8      1064.2006      270.08847      37.245259     -5.4090584       20.45253
 42.9      1063.6606      270.19733      36.971199     -5.4070708      20.318456
   43      1063.1196      270.01614      37.011225     -5.4050692      20.749962
 43.1      1062.5781      270.06587      37.253805     -5.4030751      20.692165
 43.2      1062.0392      270.05484       37.32648     -5.4010663      19.288541
 43.3      1061.4989      270.09053      37.395451     -5.3990559      19.934258
 43.4      1060.9578       269.8294      37.078534     -5.3970452      21.284093
 43.5      1060.4189       269.8625      37.185174     -5.3950276      20.535853
 43.6      1059.8807      270.15097      37.064665     -5.3929987      20.622623
 43.7      1059.3416      270.10503      37.250646     -5.3909873      19.048916
 43.8      1058.8019      270.26611      37.578202     -5.3889662      20.386045
 43.9      1058.2638      270.23684      37.425885     -5.3869169      19.640016
   44      1057.7239      269.97656      37.367291     -5.3849056      19.279538
 44.1      1057.1862      270.02623      37.587102     -5.3828575      20.594063
 44.2      1056.6473      269.87029      37.634856     -5.3808306      20.440181
 44.3      1056.1104       269.8614      37.317642     -5.3787859      20.418761
 44.4      1055.5717      269.93993      37.674966     -5.3767431      19.990354
 44.5       1055.034       269.9812       37.37577     -5.3746896      19.142303
 44.6      1054.4967      270.05242       37.36521     -5.3726422      20.462313
 44.7      1053.9602      270.33418      37.444445     -5.3705934       19.67523
 44.8      1053.4233      269.90602      37.827897     -5.3685347      19.211009
 44.9      1052.8867      270.17311      37.878332     -5.3664735      19.182611
   45      1052.3494      269.91079      37.825783     -5.3644217      20.970267
 45.1      1051.8132      269.81849      37.550647     -5.3623417      20.468013
 45.2      1051.2764      269.97234      38.001826      -5.360266      19.416238
 45.3      1050.7409      269.63323       37.80052     -5.3582008      18.860762
 45.4      1050.2053      270.35938      37.798173     -5.3561344      19.536488
 45.5      1049.6713      270.09336      37.924661     -5.3540516      19.875763
 45.6      1049.1348      270.00387      37.802271     -5.3519743      20.476945
 45.7      1048.5997         269.57      37.678862     -5.3498691      18.826477
 45.8      1048.0644      270.15182      38.041112     -5.3477914      20.389893
 45.9      1047.5297      269.67774      37.921187     -5.3456915      20.668139
   46      1046.9957      270.15596      37.959492     -5.3436004      18.921527
 46.1      1046.4613      269.99924      37.959578      -5.341505      20.130099
 46.2      1045.9269      269.89516      38.136451     -5.3393974      20.681191
 46.3      1045.3936      269.87744      38.172733     -5.3372872      20.441539
 46.4      1044.8606      270.15192      38.088064     -5.3351938      19.867155
 46.5      1044.3263      269.84777      38.097537     -5.3330766      19.970004
 46.6      1043.7927        270.103      38.141188     -5.3309591      19.927193
 46.7      1043.2594      270.00217      37.798127     -5.3288359      20.063232
 46.8      1042.7277      269.97104      38.108619     -5.3267213      20.341491
 46.9      1042.1949      270.02089      38.095756     -5.3245934      19.596376
   47       1041.662      269.93095      37.995695     -5.3224578      20.489568
 47.1      1041.1303      269.69386      37.954194     -5.3203246      19.025335
 47.2      1040.5989      269.79961      38.408226     -5.3181913      20.612014
 47.3      1040.0667      269.97732      38.383022     -5.3160558      20.338225
 47.4      1039.5352      269.77039      38.328945     -5.3139187      19.380092
 47.5      1039.0036      269.84437      38.055905     -5.3117803      19.259307
 47.6      1038.4723      270.21853      38.798588     -5.3096182       19.85118
 47.7      1037.9418       269.9759      38.248035     -5.3074718      20.391528
 47.8      1037.4113      269.95093      38.442488     -5.3053179      19.515061
 47.9      1036.8799      269.82206      38.433429     -5.3031554       19.80564
   48      1036.3502      269.56445      38.316272     -5.3009862      18.907507
 48.1      1035.8209      269.98326      38.468654     -5.2988277      18.929436
 48.2      1035.2907      270.07234       38.65885     -5.2966563      19.049709
 48.3       1034.761      270.27311      38.401756     -5.2944817        19.4591
 48.4      1034.2315      269.93086      38.298326      -5.292304       20.21322
 48.5      1033.7035      269.88016      38.557245     -5.2901321      21.310111
 48.6      1033.1738      269.82622      38.625527     -5.2879377      19.294195
 48.7      1032.6456      269.97114      39.014987     -5.2857556      19.287594
 48.8      1032.1167        269.629      38.898159     -5.2835577      19.705689
 48.9       1031.589      269.90225      38.677498     -5.2813805      20.224777
   49      1031.0592      269.98199      38.270383     -5.2791767      20.563062
 49.1      1030.5334      269.91542      38.724141     -5.2769802      19.613948
 49.2      1030.0055        270.057      39.171658     -5.2747789      19.692046
 49.3      1029.4781      269.89368      38.870905     -5.2725746      20.219873
 49.4      1028.9509      270.03387      39.071791     -5.2703531      19.210262
 49.5      1028.4229      270.28537      38.827957     -5.2681602      19.725586
 49.6      1027.8971      269.75322      38.730119     -5.2659329      20.899801
 49.7      1027.3703      270.19004      39.138653     -5.2637139      20.013962
 49.8      1026.8438      270.28332      39.421022     -5.2614865      18.806192
 49.9      1026.3183      269.96995       39.41288     -5.2592653      19.495139
   50      1025.7924      269.96386       39.01562      -5.257035      19.684214
 50.1      1025.2667       269.7602      39.126446      -5.254795      19.926086
 50.2      1024.7424      269.80761       39.03225     -5.2525486      19.909056
 50.3      1024.2168      269.99844      39.191594     -5.2503125      19.965672
 50.4      1023.6914      269.85562      39.003767     -5.2480767      20.496064
 50.5      1023.1656       269.9583      39.055041     -5.2458142      20.064745
 50.6       1022.641      270.22895      39.371653     -5.2435622      20.154553
 50.7      1022.1178      270.18316      39.183243     -5.2413129      19.141773
 50.8      1021.5934       270.3353      39.194192     -5.2390571      19.096491
 50.9      1021.0696      270.04137      39.238839     -5.2367981      20.190928
   51      1020.5471      270.06031      39.282999     -5.2345255      20.742674
 51.1      1020.0231      270.05332       39.17331     -5.2322554      19.981917
 51.2      1019.4997      269.66757      39.543841      -5.229981      20.280281
 51.3      1018.9773      270.14948      39.254896     -5.2277127       20.32222
 51.4      1018.4539      270.44344      39.430401     -5.2254316      20.685446
 51.5      1017.9321       269.9953      39.625118     -5.2231487      19.877934
 51.6      1017.4093      269.85519      39.706507      -5.220857      20.594099
 51.7      1016.8882      270.20315      39.345447     -5.2185651      20.809752
 51.8      1016.3667      269.94641      39.622578     -5.2162709      20.308643
 51.9      1015.8451      270.12561      39.917657     -5.2139659      19.853356
   52      1015.3234      269.98416      39.759946     -5.2116715      20.769583
 52.1      1014.8014      270.10528      40.044989      -5.209364      20.034601
 52.2      1014.2813      269.97188      39.914277     -5.2070503      20.239058
 52.3      1013.7608      269.98823      39.852626     -5.2047458      20.367851
 52.4       1013.241       269.8946      39.414108     -5.2024296      19.981667
 52.5      1012.7198      270.13756      39.921341     -5.2001086      19.827751
 52.6      1012.2007      269.83604      39.919143     -5.1977854      20.407452
 52.7      1011.6809      269.75446      39.851729     -5.1954602      19.777195
 52.8      1011.1619      269.90558      40.123456     -5.1931333      19.914774
 52.9      1010.6421       270.0729      40.274905     -5.1907848      19.081187
   53      1010.1232       270.0594      39.902358     -5.1884598       20.09679
 53.1      1009.6043        270.069      39.796985     -5.1861067      20.255418
 53.2      1009.0862      270.08384      40.237908     -5.1837714      18.809171
 53.3      1008.5673       270.1573      40.197061     -5.1814292      19.281539
 53.4      1008.0494      270.10267      40.166839     -5.1790577      20.819136
 53.5      1007.5318      270.20831      40.063003     -5.1767049      19.929822
 53.6      1007.0146      270.04424      40.367757     -5.1743457      19.778527
 53.7      1006.4971      269.93196      40.360176     -5.1719935      18.961545
 53.8      1005.9806      270.33287      40.145279     -5.1696193      19.732296
 53.9      1005.4627      270.21587      40.469085     -5.1672467      19.579036
   54      1004.9476      269.78079      40.845298     -5.1648669      19.889929
 54.1      1004.4311      269.65252      40.553205     -5.1624957      19.394316
 54.2      1003.9143      270.10235      40.356862     -5.1601075      20.897585
 54.3      1003.3985        270.091      40.320631     -5.1577181      21.528382
 54.4      1002.8828      270.07319      40.579153     -5.1553411      20.670914
 54.5      1002.3667      270.10994      40.307759     -5.1529514      20.040179
 54.6      1001.8525      269.79887      40.741924     -5.1505356      19.906911
 54.7      1001.3367      270.40219      40.741776     -5.1481465      20.079161
 54.8      1000.8222       269.7096      40.993172     -5.1457432      19.020433
 54.9      1000.3064      269.60453      40.626141     -5.1433212      19.228582
   55       999.7937      269.69385      41.028831     -5.1409161      20.177328
 55.1      999.28013       269.8038      40.815645     -5.1384906      19.744677
 55.2      998.76494      269.72423      40.903121     -5.1360826      20.068752
 55.3      998.25311      270.00883      40.800409     -5.1336609      20.008889
 55.4      997.73849      269.95215       40.70943     -5.1312252      20.219367
 55.5       997.2259       269.9653      40.430945     -5.1288014      20.368496
 55.6      996.71353      270.09064      40.623786     -5.1263482      20.024438
 55.7      996.20157      270.11918      40.915623     -5.1239229       20.10127
 55.8      995.68932      270.23795      41.013566     -5.1214758      19.642207
 55.9      995.17753      269.67362      40.985233     -5.1190363      19.570826
   56      994.66542      270.18151      41.037215     -5.1165777      20.696777
 56.1      994.15332       270.1548      40.900045     -5.1141285      20.213531
 56.2      993.64201      270.11634      40.632452     -5.1116546      19.070448
 56.3      993.13151      270.15691      41.054743     -5.1092028      20.726757
 56.4      992.62043      269.91347      41.067606     -5.1067446      18.257709
 56.5      992.10998      270.15624      41.082562     -5.1042721      20.418347
 56.6      991.59924      270.06446      40.900895     -5.1018067      20.837753
 56.7      991.08915      269.83856      41.260214     -5.0993135      20.230584
 56.8      990.57936      269.97622      41.477757     -5.0968283      19.905083
 56.9      990.06952      269.70391      41.149912     -5.0943501      18.906242
   57      989.56132      269.60092      41.355068     -5.0918482      19.136769
 57.1      989.05226      270.00948      41.245737     -5.0893705      20.444383
 57.2      988.54321      270.14325      41.084831     -5.0868747      20.431842
 57.3      988.03493      269.87167       41.65947     -5.0843713       20.24221
 57.4       987.5262      269.74611      41.422611     -5.0818544      19.565069
 57.5      987.01747      270.39602      41.414562     -5.0793443      20.157867
 57.6      986.50921      270.05049      41.291498     -5.0768511      20.434225
 57.7      986.00303      269.64032      41.243338     -5.0743216      18.995868
 57.8      985.49627      270.00124      41.584264     -5.0718058      20.095819
 57.9      984.98634      269.79793      41.788939     -5.0692873      19.542231
   58      984.48167      270.09632      41.595586     -5.0667451      19.787245
 58.1       983.9753      270.09492      41.874102      -5.064225      20.258544
 58.2      983.46829      270.07748       41.83022      -5.061675      20.870376
 58.3      982.96222      269.88795      41.461822     -5.0591521      19.588303
 58.4      982.45653      269.84333      41.690052     -5.0566038      20.333866
 58.5       981.9518      269.86685       41.73722       -5.05405      21.316424
 58.6      981.44614      269.95603      42.035032      -5.051495      19.780889
 58.7      980.94014      270.06972      41.709111     -5.0489417       20.76335
 58.8      980.43644      269.84528      42.083611     -5.0463831      19.647344
 58.9      979.93124      269.81094      42.001428      -5.043814      20.390241
   59       979.4278        269.975       41.97817     -5.0412475      21.395526
 59.1      978.92273      270.05961      41.949546      -5.038669      19.529573
 59.2      978.41922      269.98745      41.919307     -5.0360986      20.459703
 59.3      977.91646      269.87388       41.82385     -5.0335154      20.746244
 59.4      977.41411       270.0932      42.293428     -5.0309381      20.042111
 59.5      976.90999      270.22989       42.26095      -5.028341      20.306988
 59.6      976.40723      270.19738      41.982555     -5.0257627       19.68686
 59.7      975.90497       270.3022       42.33163      -5.023147       20.64952
 59.8      975.40264      270.02502      42.200531     -5.0205545      20.790881
 59.9      974.90113      270.10346      42.003955     -5.0179504      19.925771
   60      974.39823      270.23653      42.129043     -5.0153305      20.292488
 60.1      973.89804      270.31917      42.356869     -5.0127214      20.226509
 60.2      973.39636      269.89763      42.569024      -5.010108      20.875417
 60.3      972.89422      269.95164      42.396166     -5.0074861      19.555998
 60.4      972.39584      269.98152       42.04253     -5.0048571      19.565321
 60.5      971.89502      270.36075      42.127779     -5.0022282      20.376842
 60.6      971.39459      269.95898      42.227961     -4.9995957      19.574206
 60.7      970.89515      270.38446      42.386708     -4.9969527      20.139489
 60.8       970.3952      270.33885      42.603606     -4.9943152       20.12879
 60.9      969.89503      270.02089      42.570073     -4.9916709      19.772302
   61      969.39604      269.87409      42.658112      -4.989023      20.469597
 61.1      968.89732      269.79661      42.435889      -4.986377      20.282739
 61.2      968.39978      269.97603      42.648498     -4.9837056      18.867376
 61.3      967.90138       269.8083      42.409275     -4.9810485      21.129616
 61.4      967.40332      270.08273      42.691525     -4.9783702      20.257915
 61.5      966.90539      269.91291      42.857423     -4.9757065      21.273002
 61.6       966.4086      270.09083      42.475365     -4.9730317      21.048581
 61.7      965.91174       270.0532      42.720983     -4.9703484       20.25189
 61.8      965.41283      270.05725      42.841882     -4.9676788      18.548367
 61.9      964.91769      269.88352      42.895054     -4.9649788      20.173717
   62      964.42136      270.06205      42.927811     -4.9622923      20.019633
 62.1      963.92373      269.95111      43.004613     -4.9595903      19.654504
 62.2      963.42905       270.0953      43.159588     -4.9568877      20.452986
 62.3      962.93439      269.80645      42.965374     -4.9541919      19.790836
 62.4      962.43867      269.77717      43.161199     -4.9514816      20.819275
 62.5      961.94315      269.91134      43.114725     -4.9487763      19.321231
 62.6      961.44848      270.07395      43.131357     -4.9460483       19.98136
 62.7      960.95336      269.85378      42.927581     -4.9433248      19.490025
 62.8      960.46007      270.22684      43.191735      -4.940602      19.444308
 62.9      959.96605      269.97903       43.32113     -4.9378844      20.001227
   63      959.47313      269.93268      43.209773     -4.9351434      19.899503
 63.1      958.97811      270.01694      43.289436     -4.9324023      19.644737
 63.2      958.48585      269.94474      43.342346     -4.9296508      20.236022
 63.3      957.99341      269.66385      43.488374     -4.9268976      18.638312
 63.4      957.50223      270.02123      43.622667     -4.9241566      20.356636
 63.5      957.00738      270.26762      43.648149     -4.9213867      20.005239
 63.6      956.51685       270.1055      43.464869     -4.9186352      19.279041
 63.7      956.02435      270.06106      43.502584     -4.9158871      19.915807
 63.8      955.53382      270.02564      43.390992     -4.9131148      20.039816
 63.9      955.04163      269.90133      43.495464     -4.9103305      20.458607
   64      954.55206      269.78258      43.419208     -4.9075538      20.034809
 64.1       954.0608      270.37327      43.683921     -4.9047683      19.654897
 64.2      953.57004      269.76207      43.748562     -4.9019908      19.980185
 64.3      953.07986      270.09677      43.516515     -4.8991946       20.18778
 64.4      952.59004      270.14998      43.991866     -4.8964048      20.321692
 64.5      952.10133      270.12129      43.899454     -4.8936035      20.333267
 64.6      951.61055      270.06552      43.810319     -4.8907968      20.368868
 64.7      951.12332      270.24779      43.472155     -4.8879929      19.274287
 64.8      950.63397      270.17913      43.658087     -4.8851801      20.445573
 64.9      950.14544      270.12013      44.058762     -4.8823624      20.281451
   65      949.65791      269.73393      43.827421     -4.8795433      19.338347
 65.1      949.17037      269.62173      44.010656     -4.8767052       19.14365
 65.2      948.68101      269.97231      44.183601     -4.8738848      19.286483
 65.3      948.19528      269.96266      44.091165     -4.8710475      20.767403
 65.4      947.70776      270.05736      44.360625     -4.8682101      20.340959
 65.5      947.22209      269.94618      44.191493     -4.8653664      19.588844
 65.6      946.73564      269.77549      44.040522     -4.8625351      19.846626
 65.7      946.24862      269.99778      44.393627      -4.859661      19.394177
 65.8      945.76292      269.98872      43.988059     -4.8568135      19.406399
 65.9      945.27777      269.94458      44.596481     -4.8539438      19.174873
   66      944.79113       269.9244      44.286991     -4.8510857      19.911705
 66.1      944.30775       269.9305      44.147135     -4.8482072      19.185309
 66.2      943.82239      269.94765      44.508202     -4.8453313      19.971941
 66.3      943.33803      269.72655      44.606781     -4.8424605       20.89618
 66.4      942.85339      270.04813      44.366675      -4.839578      19.865696
 66.5      942.37028      270.30049      44.464461     -4.8366823      19.884387
 66.6      941.88723      270.05754      44.654362     -4.8337945      21.037275
 66.7      941.40376      269.96051      44.353741        -4.8309      19.560912
 66.8      940.92002      270.09126      44.502228     -4.8280045      20.809002
 66.9      940.43674      269.85696      44.739268     -4.8250969      18.851833
   67      939.95594      270.00518      44.671827     -4.8221777      20.652821
 67.1      939.47336      269.69463      44.715379     -4.8192677      20.185698
 67.2      938.99111      269.93755      44.661147     -4.8163469      20.715764
 67.3      938.51048      269.90501      44.826566     -4.8134207      20.368626
 67.4       938.0292       269.7652      44.658092     -4.8104955       20.85118
 67.5      937.54705      269.89299      44.936696     -4.8075505      19.628237
 67.6      937.06772      270.12556      44.892064     -4.8046274      19.975622
 67.7      936.58654      269.61315      45.009955     -4.8016788      19.983521
 67.8      936.10744      270.22238      44.752069      -4.798729      20.273189
 67.9       935.6265      269.97356      44.869665      -4.795773      20.353009
   68      935.14668      270.02501      44.872734     -4.7928328      20.059387
 68.1      934.66942      270.08552      44.880062      -4.789854       19.72346
 68.2      934.19021       269.9577      44.949563     -4.7868936      20.043621
 68.3      933.71157      270.24327       45.02549     -4.7839266      20.652061
 68.4      933.23212      270.04912      45.062641     -4.7809581      20.508226
 68.5      932.75522      269.95795      44.840144      -4.777973      20.059921
 68.6      932.27734      270.45707      45.165595     -4.7749933       19.18714
 68.7      931.79919      269.72799      45.333878     -4.7720032      19.927362
 68.8      931.32239       269.9454       45.31213     -4.7690128      20.611571
 68.9       930.8457       270.0021      45.414124     -4.7660022      20.412632
   69      930.37053      270.04597      44.889845     -4.7630022      20.140676
 69.1      929.89367      269.66418       45.29704     -4.7600019      20.206963
 69.2      929.41749      270.02925      45.577839     -4.7570022      20.459075
 69.3       928.9422      270.03124      45.779525     -4.7539776      20.569904
 69.4      928.46749      270.10488      45.503059     -4.7509495      20.117409
 69.5      927.99231      269.79437      45.642564     -4.7479238      20.850533
 69.6      927.51707      269.63954      45.427033     -4.7448981      20.661123
 69.7      927.04358      269.92018      45.479136     -4.7418641      19.597189
 69.8       926.5689      269.97139      45.872503     -4.7388112      19.972249
 69.9      926.09497      270.03499      45.462143     -4.7357762      19.949353
   70       925.6209      269.74243      45.687515      -4.732717      19.204092
 70.1      925.14851      270.19334      45.610734     -4.7296735      19.113679
 70.2       924.6761      269.59641      45.641079     -4.7266199      19.742146
 70.3      924.20323      269.71908      45.826492     -4.7235469      20.373669
 70.4      923.73068      269.98622      46.034588     -4.7204733      19.790759
 70.5       923.2588      269.89699      45.650816     -4.7174044      19.808419
 70.6      922.78827      270.04109       45.89926     -4.7143284      19.752109
 70.7      922.31627      269.75628      46.017283     -4.7112431      21.125653
 70.8      921.84539      270.11412      45.867515     -4.7081496      20.314253
 70.9      921.37566      269.89455      46.027007      -4.705063      19.682774
   71      920.90393      270.30117      46.173367     -4.7019599       19.99776
 71.1      920.43463      270.20195      46.146056     -4.6988639      19.782278
 71.2      919.96501      270.18668       46.07754     -4.6957514       19.89609
 71.3      919.49553       270.2214      45.800752     -4.6926463      19.816982
 71.4      919.02545      270.44359      46.437677      -4.689516       19.99299
 71.5      918.55832      270.23768      46.351025     -4.6864127      20.556433
 71.6      918.08866      270.14567      46.018258     -4.6832822        19.6085
 71.7      917.61988      270.19881      46.565023     -4.6801523       19.11711
 71.8      917.15241       270.5306      46.475465     -4.6770214        20.5404
 71.9      916.68491      269.50237      46.478022     -4.6738757      20.027542
   72      916.21823      269.72403       46.34425     -4.6707144      19.021599
 72.1      915.75156      269.95798      46.375621     -4.6675699      19.424886
 72.2      915.28416      269.98837      45.926318     -4.6644252      19.874154
 72.3      914.81934       270.0048      46.618018     -4.6612565      20.055102
 72.4      914.35256      269.85663       46.28343     -4.6580919      20.941618
 72.5      913.88536      269.80797      46.671028     -4.6549283      20.368271
 72.6      913.42123      269.78287      46.546136      -4.651747      20.411851
 72.7      912.95671      270.03424      46.612194     -4.6485627      21.278077
 72.8      912.49208      270.20816      47.142097     -4.6453825      20.026918
 72.9        912.027      270.10271      46.435235     -4.6421975         20.225
   73      911.56314      269.92539      46.583484     -4.6390126      19.197983
 73.1      911.09971         269.63      46.776106     -4.6358028       20.74154
 73.2       910.6352      270.07222      46.688525     -4.6325865      19.527877
 73.3      910.17284      269.84277      46.769467     -4.6293932      19.855068
 73.4      909.71015      270.36856      46.762346     -4.6261712      19.881641
 73.5      909.24742       269.6725      46.941585     -4.6229533      19.364792
 73.6      908.78667      270.51184      46.797452     -4.6197426      19.764424
 73.7      908.32316      269.98771      47.070066     -4.6164986      21.261089
 73.8      907.86271      270.23812      47.018122     -4.6132693      20.422016
 73.9      907.40162      269.77006      47.160351     -4.6100241      19.868339
   74      906.94007      270.19402      47.172968     -4.6067852        20.3189
 74.1       906.4797      269.62561      47.344725     -4.6035349        20.0323
 74.2      906.02016       269.8208       47.12359     -4.6002778      20.188903
 74.3      905.56096      269.97257      47.387993     -4.5970213      19.523499
 74.4      905.10047      269.87011       47.29415     -4.5937694       20.85679
 74.5      904.64152      270.37251       47.21921     -4.5904945      19.605502
 74.6      904.18225      269.81722       47.43024     -4.5872121      20.102636
 74.7      903.72357      269.86979      47.307402     -4.5839339      19.902005
 74.8      903.26542      270.09596      47.059441     -4.5806392      20.117458
 74.9      902.80694      270.13835      47.363711     -4.5773606      20.194058
   75      902.34731      269.70439      46.975108     -4.5740774      19.488514
 75.1      901.89235      269.61069      47.397872     -4.5707603      20.314522
 75.2      901.43624      269.80986      47.949483     -4.5674637      20.173441
 75.3      900.97875      270.20209      47.588665     -4.5641515      20.460344
 75.4      900.52316      270.10578      47.351607     -4.5608316      19.305604
 75.5      900.06568      270.22345      47.463184     -4.5575329      19.689563
 75.6      899.61154      270.01311      47.640377     -4.5542018      19.315891
 75.7      899.15705      270.13565      47.805485     -4.5508559      20.331186
 75.8       898.7014       270.0125      47.767684     -4.5475177      20.147777
 75.9      898.24608      269.74703       48.03088     -4.5441786      19.791207
   76      897.79283      269.84169      48.043004      -4.540834      19.821557
 76.1      897.33915       270.1237      47.850674      -4.537503      20.119762
 76.2      896.88554      269.80738      47.996767       -4.53415      19.940714
 76.3       896.4315      270.04769      48.118003     -4.5307777      19.340218
 76.4      895.97912      270.00239      48.007338     -4.5274064      21.220572
 76.5      895.52632      270.28473      48.309725     -4.5240476       20.25832
 76.6      895.07431      270.08732        48.0873     -4.5206701      20.849321
 76.7      894.62259      269.86281      48.149942     -4.5172861      19.978464
 76.8      894.17007      270.12402      48.569451     -4.5138895      20.126599
 76.9       893.7194      270.14576      48.391963     -4.5104973      19.517167
   77       893.2685      269.61745      48.009114     -4.5071099      20.497266
 77.1      892.81901      270.27409      48.177357     -4.5037045      20.077922
 77.2      892.36746      269.97954      48.064127     -4.5002965      20.740705
 77.3      891.91764      269.95569      48.297173     -4.4968805      19.776003
 77.4      891.46893      270.38581      48.264655     -4.4934543      21.011193
 77.5       891.0192      269.98212       48.79191     -4.4900494      20.122171
 77.6      890.57008      269.92672      48.670631     -4.4866113      20.855421
 77.7      890.12112       269.8924      48.361353     -4.4831725       20.40121
 77.8      889.67279       269.8217      48.731575     -4.4797362      20.206707
 77.9      889.22628      270.00057      48.688416     -4.4762982      20.419257
   78      888.77844      269.77889      48.592271     -4.4728586      19.624152
 78.1      888.33102      270.33349      48.595513     -4.4693857      20.274417
 78.2      887.88365       269.8274      48.408348     -4.4659318      20.001739
 78.3      887.43824      269.76897      48.649588     -4.4624704      19.062891
 78.4      886.99179      269.88821      48.882336     -4.4589947      19.588768
 78.5      886.54609      270.15208      48.802155     -4.4555249       21.11616
 78.6      886.10079      269.83906      48.975785     -4.4520475      18.989916
 78.7      885.65546      270.10576      49.267738     -4.4485548      20.145177
 78.8      885.21133      269.86055      48.828156     -4.4450614      18.646344
 78.9      884.76804      270.06296      48.905229     -4.4415745      20.661802
   79      884.32246      270.02974      49.106035     -4.4380619      19.390233
 79.1      883.87869       270.0617      49.009159     -4.4345581      19.797967
 79.2      883.43596      269.98796      49.126959     -4.4310439      20.270334
 79.3      882.99285      269.96102      49.258594     -4.4275325      19.535498
 79.4      882.55065      270.35349      49.317906     -4.4240023      20.673942
 79.5      882.10861      270.05391      49.225548     -4.4204719      19.729302
 79.6      881.66546      270.10257      49.283746     -4.4169324      19.639299
 79.7      881.22522      270.26224      49.362684     -4.4133996      19.203088
 79.8      880.78383      270.12127      49.284389     -4.4098583      20.534669
 79.9      880.34313      270.30084      49.805959     -4.4062971      19.909808
   80      879.90241      270.23854       49.34802     -4.4027521      19.498168
 80.1      879.46219      270.15597      49.150399     -4.3991773      19.973572
 80.2       879.0221      270.13866      49.607885     -4.3956247      19.303677
 80.3      878.58422      269.64296      49.523929     -4.3920509      18.465987
 80.4      878.14486      270.12091      49.647373     -4.3884724      20.109546
 80.5      877.70637      269.60343      49.830191     -4.3848939      19.764562
 80.6      877.26696      270.07629      49.464915     -4.3812936      20.245792
 80.7      876.82928      269.75956      49.825091     -4.3777102      20.097059
 80.8      876.39225       270.0129      49.941363     -4.3741037      19.480165
 80.9      875.95448      269.96058      49.853247     -4.3705042      20.723496
   81        875.518      270.02247      50.051062     -4.3668911      20.710595
 81.1      875.08157      270.24462      49.816927     -4.3632823      20.131416
 81.2      874.64468      269.76842      49.973807     -4.3596507      20.585391
 81.3      874.20942       269.8371       49.96515     -4.3560233      19.775273
 81.4      873.77406      269.78881      50.132241     -4.3523944      19.420619
 81.5      873.33877       269.9756      50.212836      -4.348764      19.868447
 81.6      872.90483      270.08639      50.210685     -4.3451174      20.128041
 81.7      872.47018      269.94717      49.983246     -4.3414768      19.601113
 81.8      872.03525      270.14226      50.258073     -4.3378132      20.572807
 81.9      871.60136       269.9332      50.156805     -4.3341516      20.959273
   82      871.16892      269.79314      50.128402     -4.3304973      19.254614
 82.1      870.73623      270.09537      50.473934     -4.3268156      19.182176
 82.2      870.30462      269.98771      50.007887     -4.3231486      19.478884
 82.3      869.87191      269.98348      50.402785     -4.3194667      19.610904
 82.4      869.44045      269.96044      50.727488       -4.31578      20.710744
 82.5      869.00894      270.09268      50.667212     -4.3120718      19.961669
 82.6      868.57737      269.83436      50.615112     -4.3083861      20.536335
 82.7      868.14565      269.96295      50.457653     -4.3046799      18.985237
 82.8      867.71581      269.70988      50.609506     -4.3009851      20.342192
 82.9      867.28596       269.8314      50.636871     -4.2972536      20.438802
   83      866.85701      269.94525      50.697983       -4.29354       20.45421
 83.1      866.42784      269.65999      50.702455     -4.2898122      19.188084
 83.2      865.99885      270.28199      50.755402     -4.2860767      19.451414
 83.3       865.5703      270.09208      50.596909     -4.2823494      20.192299
 83.4      865.14302      269.84608      50.786305     -4.2785977      19.180547
 83.5      864.71545       270.0259      51.251835     -4.2748592      19.303266
 83.6      864.28731      269.99771      51.056886     -4.2710978      20.703242
 83.7       863.8604      270.05532       51.07148     -4.2673366       19.89037
 83.8      863.43396      270.02635      50.973832     -4.2635702      21.071255
 83.9      863.00758      269.97462      51.103033     -4.2598165      19.799873
   84      862.58137      270.16384      50.845132     -4.2560251      21.091659
 84.1      862.15627      270.00855        51.2285     -4.2522456      20.051384
 84.2      861.73156        270.173      50.801141     -4.2484558      19.256401
 84.3      861.30689      270.15712      51.526808     -4.2446604      20.139458
 84.4      860.88231      270.22268      51.356042     -4.2408795      19.857255
 84.5      860.45832      270.05686       51.00653     -4.2370649      20.735772
 84.6      860.03524      270.13359      51.298072     -4.2332452      20.037757
 84.7      859.61101      269.75727      51.322599      -4.229427      19.287173
 84.8      859.18969      270.28874      51.156174     -4.2256078      20.119414
 84.9      858.76716      269.77709      51.653272     -4.2217976      20.194107
   85      858.34466      270.10281      51.962616     -4.2179556      20.923964
 85.1      857.92301      270.27685      51.527151     -4.2141217      21.072522
 85.2      857.50205      269.76652      51.158162     -4.2102527      19.646261
 85.3      857.08183      270.09241      51.751749     -4.2064207      19.976808
 85.4       856.6611      270.04431      51.878584     -4.2025503      19.208464
 85.5      856.23901      269.94663      51.630089     -4.1986919      18.728279
 85.6      855.82131       269.8893      51.616388     -4.1948419      20.183724
 85.7       855.4014         270.11      51.754117     -4.1909607      20.506676
 85.8      854.98272      270.02916      52.169152     -4.1870867      18.877109
 85.9      854.56379      270.09907      52.081288     -4.1831928       19.73036
   86      854.14655       269.8839      51.852368     -4.1793121       20.69494
 86.1      853.72766       269.8853      51.934103     -4.1754093      20.080991
 86.2       853.3106      269.93597      52.271748      -4.171515      19.901758
 86.3      852.89382      270.07235      51.765422     -4.1676036      20.147565
 86.4      852.47714      269.75323      52.267963      -4.163682      19.614035
 86.5      852.06126      270.05814      51.920804     -4.1597663      19.319237
 86.6      851.64524      269.44309      52.042131     -4.1558349      20.293666
 86.7      851.23016      269.92997      52.272959     -4.1519245      20.155214
 86.8      850.81471       269.8318      51.889988     -4.1479816      18.353043
 86.9      850.40108      269.81899      52.322829     -4.1440344      20.528165
   87      849.98638      270.00559      52.265779     -4.1400945      20.574892
 87.1      849.57317      269.97197      52.584455     -4.1361286      20.219949
 87.2       849.1597      269.73898      52.030587     -4.1321732      19.283747
 87.3      848.74686      270.10325      52.475438     -4.1282083      20.267077
 87.4      848.33395      270.18578      52.275258     -4.1242306      19.031917
 87.5      847.92064      270.01886      52.210698     -4.1202686        20.2622
 87.6      847.50955      269.99165      52.491036     -4.1162755      21.047157
 87.7      847.09747      270.20995      52.451912     -4.1122887      19.876672
 87.8      846.68796      269.85179      53.022854     -4.1082891      19.398576
 87.9      846.27698      270.30175      52.796945     -4.1042916      20.418539
   88      845.86665      270.46988      52.706763     -4.1002763      19.649904
 88.1       845.4558      269.94156      52.824374     -4.0962727      19.016848
 88.2      845.04763      269.96334      52.815377     -4.0922565      20.734235
 88.3      844.63796      269.96033      52.955074     -4.0882289      20.561811
 88.4      844.22997      269.85561      52.853183     -4.0842001       21.01634
 88.5      843.82027      269.94324        53.1757     -4.0801606      20.910115
 88.6      843.41429      269.94424      52.967812     -4.0761306      19.630135
 88.7      843.00624      270.00166      53.136022     -4.0720772      20.875037
 88.8      842.59778      270.09341      52.802205     -4.0680181      20.479874
 88.9      842.19282      269.61888      53.020035     -4.0639527      20.017735
   89      841.78691      270.04451      53.161476     -4.0599016      21.069837
 89.1      841.37953      269.87887      52.891443     -4.0558249       19.28305
 89.2       840.9745      270.09173      53.230711     -4.0517389      20.296839
 89.3      840.56969      269.99217        53.0677     -4.0476609      20.013685
 89.4      840.16534      269.91273      53.226126     -4.0435766      20.889197
 89.5      839.76205      270.03237      53.372668      -4.039468      19.867279
 89.6       839.3575       270.1473      53.317786     -4.0353802      19.146163
 89.7      838.95421      269.95638       53.10139     -4.0312628      19.755295
 89.8      838.55085      269.57502      53.392136     -4.0271445      20.054315
 89.9      838.14898      269.87144      53.587451     -4.0230357      20.380986
   90      837.74602      269.76679      53.535166     -4.0189119      19.996266
 90.1      837.34534       270.1244      53.973021     -4.0147839      20.407238
 90.2      836.94325      269.81383      53.628101     -4.0106373      20.228544
 90.3      836.54177      269.92756       53.98126     -4.0065024       19.22143
 90.4      836.14292      270.12424      54.013494     -4.0023532      19.527818
 90.5      835.74082      270.08045      53.744097     -3.9981978      19.686912
 90.6      835.34314      270.01941       54.25328     -3.9940272      20.889381
 90.7      834.94389      270.15503      53.895614     -3.9898682      20.070136
 90.8      834.54482       269.8248      54.085521     -3.9856947        20.0955
 90.9      834.14575      269.89805      53.955177     -3.9815139      19.878421
   91      833.74697      270.06379      54.124334     -3.9773276      18.947332
 91.1       833.3506       270.0524      54.039534     -3.9731342      20.136087
 91.2      832.95469       270.1817      54.151284     -3.9689397      19.528307
 91.3      832.55819      270.01612      53.983951     -3.9647374      20.209487
 91.4      832.16156      270.20043       54.12575     -3.9605186      18.869368
 91.5      831.76544      269.79754      54.647805      -3.956309      20.729141
 91.6      831.36978       270.0773      54.358789     -3.9520945      21.369397
 91.7      830.97508      269.90772       54.30539     -3.9478462      19.891858
 91.8      830.58079      270.09191      54.301198      -3.943628      19.495292
 91.9      830.18534      269.96425      54.537536     -3.9393874      19.789439
   92      829.79296      270.33844      54.737678     -3.9351403      19.317539
 92.1      829.39881      269.96286      54.692451     -3.9308881      20.850359
 92.2      829.00547      269.94947      54.441279     -3.9266236       20.41227
 92.3      828.61472      270.03329      54.705697     -3.9223642      19.279312
 92.4      828.22212      270.01164      55.009854     -3.9180971      20.371408
 92.5      827.83069      270.12254      54.240128     -3.9138251      18.733939
 92.6      827.43819      269.87163      54.666016     -3.9095333      19.546287
 92.7      827.04765      269.95258      54.827871     -3.9052473      19.340278
 92.8      826.65724      269.94607       54.65477     -3.9009454      19.131804
 92.9      826.26816      270.40055      54.793291     -3.8966539      20.045145
   93      825.87893      269.80025      54.877681     -3.8923392      19.534311
 93.1      825.48948      270.14838      54.643345     -3.8880248      20.851713
 93.2      825.10006      270.20851      54.761417     -3.8837142      20.923285
 93.3      824.71076      269.77418      55.036217     -3.8793857      19.575754
 93.4      824.32518      270.06851      55.281859     -3.8750509      20.690575
 93.5      823.93758      270.26138      55.380876     -3.8707172      20.938955
 93.6      823.55107      269.91724      55.476456     -3.8663772      19.562748
 93.7      823.16358      269.89052      55.524768     -3.8620184      20.066118
 93.8      822.77892      270.17998      55.352841     -3.8576639      18.925624
 93.9      822.39245      269.86297      55.254881     -3.8532949      19.391544
   94      822.00731      270.08462      55.568771     -3.8489446      21.419272
 94.1      821.62233      269.85198      55.367118     -3.8445615      18.885837
 94.2      821.23926      269.98899      55.427693     -3.8401791      19.990481
 94.3      820.85545      269.81977      55.337161     -3.8357888      21.138335
 94.4      820.47149      269.89614      55.770489     -3.8313941      19.924891
 94.5       820.0885      269.64886      55.618686     -3.8269933       18.96541
 94.6      819.70549      269.95794      55.612664     -3.8225969       19.99582
 94.7      819.32411      270.12595      55.644435     -3.8181772      19.960195
 94.8      818.94217      269.89132      55.709589     -3.8137638      20.516599
 94.9      818.56146      269.88949      55.741604     -3.8093299      21.043583
   95      818.18145      269.71208      55.786458     -3.8048912      19.551896
 95.1      817.80127      270.03491      56.086281     -3.8004692      19.966079
 95.2      817.42049      270.07328       55.61557     -3.7960181      19.967409
 95.3      817.04171      269.87814      56.087574     -3.7915801      19.888128
 95.4      816.66256      269.98397      56.078249     -3.7871149      19.938795
 95.5      816.28401      270.10282       56.20113     -3.7826669      20.405367
 95.6      815.90645      269.93683      56.170647     -3.7781925      19.411009
 95.7      815.52813      269.80531      56.051276      -3.773716      20.521153
 95.8      815.15105      270.06461      56.574884     -3.7692349      19.932191
 95.9      814.77501      269.91681      56.374575     -3.7647408      20.762813
   96      814.39796       270.1261      56.130018     -3.7602543       20.16812
 96.1      814.02193       270.1178      56.246312     -3.7557555      20.923073
 96.2      813.64627      269.77886       56.24959     -3.7512503      19.264367
 96.3      813.27084      270.25394      56.500957     -3.7467449      20.269732
 96.4      812.89743      269.81387      56.351301     -3.7422193      19.593195
 96.5      812.52323      270.01189      56.687729     -3.7377027      20.062197
 96.6      812.15063      270.05961      56.445438     -3.7331652      18.548765
 96.7      811.77779      269.91312      56.733202     -3.7286313      21.183626
 96.8      811.40375      269.88351      56.726235     -3.7240794      20.332807
 96.9      811.03205      269.77101      56.831816     -3.7195282      20.355847
   97      810.66013      270.00926      56.668973     -3.7149758      21.001138
 97.1      810.28903      270.03845      56.870787     -3.7104188      18.751426
 97.2      809.91777      270.06019      57.123994     -3.7058486      18.923101
 97.3      809.54795      269.89303       57.09389      -3.701277      20.934842
 97.4      809.17794       270.2033      56.967507     -3.6966984      18.804516
 97.5       808.8093      270.14158       56.83448     -3.6920985      20.832731
 97.6      808.44012      270.16992      57.071311     -3.6874998      19.396627
 97.7      808.07102      269.71906      57.429445     -3.6828981      20.027303
 97.8      807.70324      270.03835      56.879991     -3.6783042      21.041044
 97.9      807.33528      270.17338      57.276092     -3.6736916      20.140242
   98      806.96833      269.99996      57.126632     -3.6690618      18.730817
 98.1      806.60167      269.74862      57.044872      -3.664436      19.857584
 98.2      806.23606      270.01929      57.468342     -3.6598163      20.405379
 98.3      805.86898      269.96863      57.736433     -3.6551633      19.639309
 98.4      805.50434      269.95482      57.417868     -3.6505291      20.236153
 98.5      805.14073      270.27969      57.227066      -3.645867      19.391074
 98.6      804.77487      269.68217      57.633202     -3.6412209      18.897741
 98.7      804.41215      269.99619      57.741182     -3.6365583      19.760945
 98.8      804.04751      270.10514      57.434698      -3.631884      20.558178
 98.9      803.68583      269.80041      57.783465      -3.627208      19.877399
   99      803.32292      270.07166      57.690701     -3.6225238      19.720703
 99.1      802.96065      270.20985       57.58514     -3.6178296      19.258231
 99.2      802.59916      270.16491      57.511848     -3.6131373      20.586779
 99.3      802.23865      270.03444      58.072534     -3.6084428      20.608716
 99.4       801.8783      270.21321      58.163081     -3.6037238      19.896992
 99.5      801.51663      269.76599      58.078305     -3.5990112      19.999665
 99.6      801.15805      269.72579      58.395553     -3.5942906      20.350152
 99.7      800.79872      269.81513      58.049459     -3.5895654      19.526072
 99.8      800.43952      270.05013      58.190057     -3.5848374      20.287552
 99.9       800.0807      269.95698      58.039952     -3.5800903      20.254917
  100      799.72294      269.82418      58.058787     -3.5753364      20.780237
100.1      799.36582      270.30007      58.168226     -3.5705864      19.739837
100.2      799.00988      270.00395      58.338119     -3.5658322      19.906865
100.3       798.6536      269.80829       58.23467      -3.561059      19.774102
100.4      798.29834      269.93563      58.291464     -3.5562928      19.479943
100.5      797.94158      270.22203      58.161241     -3.5515113      20.313695
100.6      797.58636      270.07795      58.343577      -3.546719      20.425519
100.7       797.2324      270.15255       58.77969     -3.5419282      21.387785
100.8      796.87753      269.76533      58.896828     -3.5371351      19.334391
100.9      796.52543      270.04509      58.247638      -3.532333      20.091184
  101      796.17149      269.86394      58.798981     -3.5275254      20.414629
101.1      795.82006      270.15422      58.465258     -3.5227082      19.349817
101.2      795.46767      270.21334      58.655715     -3.5178773      19.688772
101.3      795.11651      270.05099      58.969233     -3.5130346      19.281368
101.4      794.76394      270.08213      58.799971     -3.5082084        21.6801
101.5      794.41438       269.9668      58.845658     -3.5033718      20.577992
101.6      794.06423      269.95083      58.761562     -3.4985161      20.573582
101.7      793.71448      270.32885      59.331007     -3.4936609       19.89382
101.8      793.36571      270.12293      58.609157     -3.4887949      20.194704
101.9      793.01508      269.71052      58.985626      -3.483933      20.101047
  102      792.66928      270.06466      59.322115     -3.4790557      20.601472
102.1      792.32079        269.755      58.903441     -3.4741738      20.300439
102.2       791.9744      269.91322      59.322987     -3.4692913      20.948308
102.3       791.6279      269.92993      59.018372     -3.4643826      19.664034
102.4       791.2807      270.08491      59.018636     -3.4594946      19.902599
102.5      790.93547       270.0711      59.283635     -3.4545795      20.206632
102.6      790.58857       269.7743      59.270831     -3.4496715      19.870398
102.7      790.24487      270.07785      59.414536     -3.4447373      19.842219
102.8      789.90016      270.34298      59.510962     -3.4398093       19.84217
102.9      789.55733      270.28153      59.507556     -3.4348867      19.836168
  103      789.21307      269.99737      59.524895     -3.4299479      20.025882
103.1      788.87188      269.55641       59.58665      -3.425002      19.660252
103.2      788.52887      269.86941      59.628463     -3.4200436      20.678406
103.3      788.18758      270.08711      59.829896     -3.4150837      19.634121
103.4      787.84541      270.08001      59.707883     -3.4101112      19.546758
103.5       787.5055      270.32015      59.774231     -3.4051469      19.790106
103.6      787.16442      269.59768      59.562949     -3.4001676      20.249326
103.7      786.82517      269.94855      59.857864     -3.3951702      19.836306
103.8      786.48705      270.18179      59.743283     -3.3901848      20.715168
103.9      786.14834      270.10032      59.825736     -3.3851736      19.515738
  104      785.80897      269.98308      60.591177      -3.380198      19.680193
104.1       785.4703      269.93337      59.876683     -3.3751634      20.743291
104.2      785.13394       269.7316      60.196287     -3.3701431      20.086421
104.3      784.79767      269.74475      60.483588     -3.3651222      19.000203
104.4      784.46004      269.93787      60.637965     -3.3601035      19.377172
104.5      784.12469      269.95042      59.984787     -3.3550509       18.47836
104.6      783.79016      269.95351      60.640441     -3.3500135      21.305325
104.7      783.45542      269.47104      60.437742     -3.3449565      20.436793
104.8       783.1209      270.07076       60.32701     -3.3398963      19.422103
104.9       782.7869      270.35489      60.429144     -3.3348427      19.493483
  105      782.45464      270.02913      60.676857      -3.329767      21.498291
105.1      782.12156      269.94177      60.306856     -3.3247048      19.895391
105.2      781.78777      270.39899      60.768413     -3.3196094      19.513068
105.3      781.45581      269.95708      60.807201     -3.3145065      19.333336
105.4      781.12582      270.13807      60.996742      -3.309418      20.858138
105.5      780.79506      269.78686      60.628236     -3.3043266       20.30632
105.6      780.46491      269.87012       60.61273     -3.2992084      20.385625
105.7      780.13617      270.09385      60.842362      -3.294097      19.785173
105.8      779.80677      269.80324      61.082975     -3.2889674      19.638955
