  20      507.4543      257.4872       54.9411       3.66676      19.09188
20.1       507.821       257.746      54.59393      3.674916      20.61268
20.2       508.189      257.6768       54.6085      3.683059      20.29996
20.3      508.5581      257.2017       54.7975       3.69118       19.6247
20.4      508.9271      257.8293      54.22817      3.699313      20.89291
20.5      509.2985      257.9612      54.68162      3.707404      20.26166
20.6      509.6691      258.0138       54.2785      3.715467      20.12077
20.7      510.0403      257.7475      54.27466      3.723542      20.70774
20.8      510.4133      258.2234      54.26483      3.731592       19.8272
20.9      510.7866      258.4329      54.14721      3.739605       19.6435
  21      511.1613      257.9899      54.50894        3.7476      20.43361
21.1      511.5365      257.9628      54.08989      3.755595       20.9394
21.2      511.9125      258.0665      54.02338      3.763565      19.60367
21.3      512.2902      258.1831      54.16403      3.771517      19.68695
21.4      512.6668      258.3637      54.12464      3.779453      21.04349
21.5      513.0452      258.5018       53.4354      3.787374      20.02447
21.6      513.4248      258.4328      53.63725      3.795271      19.99518
21.7      513.8042      258.5272       53.9758      3.803164      19.66413
21.8      514.1846      258.7185      53.39526      3.811026      20.26078
21.9       514.566      258.5839      53.28715      3.818867      20.11268
  22      514.9491       258.489      53.37046      3.826687      20.07004
22.1      515.3316      258.6892      53.65363      3.834505      20.52292
22.2      515.7154      259.0014      53.50978      3.842307      20.87558
22.3       516.101           259      53.75866      3.850088      20.47955
22.4      516.4859      258.5851      53.33258      3.857849      20.48486
22.5      516.8721      259.0457      53.02749      3.865587       21.2992
22.6      517.2581      259.2032      53.20356      3.873314      20.91992
22.7      517.6464      259.0421       53.2287      3.881028      19.60854
22.8      518.0369      259.1138      52.91371       3.88872      18.91422
22.9      518.4241      259.1678      53.10783      3.896395      20.90413
  23      518.8141      259.6311      53.02426       3.90405      20.67664
23.1      519.2058      259.6939      52.57381      3.911684      19.75573
23.2       519.597      259.6091      52.35631      3.919297      20.20626
23.3      519.9891      259.4326      52.40514      3.926908       20.7633
23.4      520.3811      260.1352      52.67037      3.934491      19.46073
23.5      520.7749      259.6036      52.74134      3.942069      19.92494
23.6      521.1704      259.7269      52.96725      3.949621      20.36558
23.7      521.5654      259.8442      52.78467      3.957156      19.53027
23.8      521.9613      260.1888      52.37178      3.964669      19.08811
23.9      522.3576      259.9423      52.27717      3.972168      20.68664
  24      522.7565      259.6035      52.25895      3.979645      19.36798
24.1      523.1546      259.9033      52.37706      3.987119      20.51724
24.2      523.5531       260.261      51.90637      3.994569      20.45901
24.3      523.9536      259.9911      52.06183      4.002009      19.73829
24.4      524.3537      260.2608      52.01549      4.009418      20.15087
24.5      524.7554      260.1651      52.25343      4.016823      19.24669
24.6       525.157      260.3272      51.87477      4.024202      20.23038
24.7      525.5609      260.6026      51.85815      4.031561      19.73778
24.8      525.9623      260.4217      51.95537       4.03891      20.45459
24.9      526.3692      260.5683      51.59213      4.046238      20.38726
  25      526.7724      260.6455      51.83739      4.053556      20.56076
25.1      527.1777      260.6877      51.83592      4.060859      20.19587
25.2      527.5858      260.5853      51.61392      4.068132      20.44931
25.3      527.9927      260.7788      51.60131      4.075402      20.34512
25.4         528.4       260.544      51.04272      4.082632      19.63994
25.5      528.8087      260.7874      51.31451      4.089872      20.22001
25.6      529.2168       260.962      51.40483      4.097085      20.42525
25.7      529.6275      261.1218      51.24893       4.10428      19.08182
25.8      530.0394      260.8376      50.97629      4.111458      19.35441
25.9      530.4504      260.7262      51.20227      4.118616       20.1491
  26      530.8626      261.1064      51.02982      4.125772      19.39299
26.1      531.2764       260.886      51.17792      4.132896      20.04952
26.2      531.6899      261.4474      50.98155      4.140005      18.31902
26.3      532.1039      261.1306      50.92142      4.147098      20.06892
26.4      532.5175      261.1629      50.89952      4.154169      20.64693
26.5      532.9337      261.2712      50.88872      4.161244      20.54409
26.6      533.3501      261.3666      50.92524      4.168288       20.1791
26.7      533.7683      261.3917      51.04768      4.175314      19.50635
26.8      534.1854      261.3934      50.53745      4.182345      18.70159
26.9      534.6044      261.5134      50.32409      4.189308      19.86616
  27      535.0244      261.5764      50.27499      4.196313      20.05689
27.1      535.4439      261.7154      50.20599      4.203265      20.95987
27.2      535.8642      261.7373      50.25688      4.210216      20.37899
27.3      536.2858      261.8509      50.32282      4.217148      21.24742
27.4      536.7074      261.8684      50.23584      4.224059      20.23629
27.5      537.1308      261.9721      50.43803      4.230954      19.60211
27.6      537.5536      261.9776      50.16034      4.237849      20.22568
27.7      537.9779      261.7731      50.17335      4.244695      19.96715
27.8      538.4027      262.3258      50.05304      4.251542      20.04157
27.9       538.829      261.9832      49.77725      4.258374      20.75695
  28      539.2555      262.3883      49.71307        4.2652      19.87457
28.1      539.6826      262.0725      49.92695      4.271996      19.62836
28.2      540.1095      262.0811      49.80817      4.278779      19.68803
28.3      540.5368      262.3281      49.72008      4.285551      21.31747
28.4      540.9661      262.4077      49.25836      4.292288      20.92936
28.5      541.3958      262.6797      49.59375      4.299035      20.34518
28.6      541.8257      262.4191      49.28146      4.305751      20.62865
28.7      542.2578      262.5648      49.57263      4.312466      20.13067
28.8      542.6881      262.3377      49.31817      4.319156      20.15359
28.9      543.1212      262.4604      49.58211      4.325813      20.08923
  29      543.5532      262.5494      49.24102      4.332466      19.74701
29.1      543.9881      262.5881      49.32116       4.33911      20.33585
29.2       544.421      262.9647      48.81285      4.345747      18.76712
29.3      544.8571      262.9334      49.28131      4.352337      19.20978
29.4      545.2922      262.8497      48.89569      4.358932      20.45743
29.5       545.728      262.7612      49.05429      4.365509      20.05628
29.6      546.1643      262.9417      48.95545      4.372062      19.50439
29.7      546.6026      262.8393      48.58839        4.3786      19.47826
29.8      547.0413      262.7658      49.05723      4.385151      19.87946
29.9      547.4792       263.029      48.83478      4.391645      19.53317
  30      547.9181      263.2079      48.63919      4.398142      20.10909
30.1       548.359      262.7322      48.46514      4.404632      19.10027
30.2      548.7998       263.021       48.7665      4.411093      19.96992
30.3      549.2412      263.1593      48.44209      4.417536      19.63364
30.4      549.6834      263.0732      48.76387      4.423982      19.41436
30.5      550.1264      263.3037      48.34978      4.430395      20.78894
30.6      550.5698       263.414      48.40423      4.436808      20.50112
30.7       551.014      263.4331      48.10711      4.443185      20.62616
30.8      551.4589      263.5377      48.23406      4.449554      20.31318
30.9      551.9029      263.3878      48.04069      4.455916      18.49744
  31      552.3488      263.8124      47.84998      4.462262      19.82679
31.1      552.7972      263.3451      47.95666      4.468587      20.25117
31.2      553.2445      263.3121      48.16652      4.474904      20.02367
31.3      553.6911       263.739      47.74504      4.481194      20.15407
31.4      554.1389      263.2793      48.30781      4.487469      20.23682
31.5      554.5879       263.584      47.39794      4.493739       19.9616
31.6      555.0377      263.6583      47.40219      4.499976      20.01746
31.7      555.4892      263.7893      47.65509      4.506225      20.66807
31.8      555.9394      263.8566      47.79287      4.512434        20.453
31.9      556.3904      264.0595      47.53857      4.518632      19.60717
  32      556.8432      263.7614      47.29052      4.524824      19.10758
32.1      557.2954       263.799      47.91128      4.531011      19.43906
32.2      557.7484      264.0338      47.28841      4.537159      18.90322
32.3      558.2038      264.1962      47.40151      4.543309      20.43929
32.4      558.6576      264.1662      47.13932      4.549427      20.00646
32.5      559.1133      264.3025      47.25384      4.555543      19.08608
32.6      559.5681       264.009      47.31245      4.561639      19.57963
32.7      560.0251      264.0359      46.92389      4.567726      19.74966
32.8      560.4827      264.0982      46.86593      4.573793      19.61069
32.9      560.9408      264.7495      46.77249      4.579836      19.25132
  33      561.3984      263.9731      46.69103      4.585884      20.33552
33.1      561.8571      264.4849      47.01045      4.591904      20.76838
33.2      562.3177      264.3776      46.89036      4.597909      20.80552
33.3      562.7774      264.3516      46.93178      4.603899       19.9925
33.4       563.238      264.7328      46.90441      4.609888      20.54742
33.5       563.699      264.5586      47.00005      4.615863      19.54309
33.6        564.16      264.9885      46.78738      4.621803      20.51426
33.7      564.6218      264.5798      46.10173      4.627748      19.31955
33.8      565.0873      264.7522      46.57173      4.633666      20.11791
33.9      565.5502      264.9639      46.32012      4.639569      20.48415
  34      566.0142      264.9968      46.38428      4.645463      20.92122
34.1      566.4794      264.7983       46.3381      4.651331      19.20924
34.2      566.9449      264.9583      46.08778      4.657188      20.12901
34.3      567.4111      264.9359      46.02439      4.663049       20.0796
34.4      567.8776      264.9214       46.1089      4.668884      20.26163
34.5      568.3443      264.9146      45.91303      4.674697      20.09528
34.6      568.8126        264.85      46.15172      4.680501      19.49104
34.7      569.2808       265.204      46.10228      4.686291      19.24017
34.8      569.7496      265.3095      46.07445      4.692071      20.92406
34.9      570.2192      264.7878      46.39169      4.697831      19.09446
  35      570.6889      265.0352      45.64374      4.703576      19.64874
35.1      571.1601      265.2775      46.02205      4.709307      19.37016
35.2       571.631      264.8438       45.9601      4.715025      19.49005
35.3      572.1029      265.3338      46.01732      4.720738       20.9404
35.4      572.5746      264.9923      45.46751      4.726431      20.52973
35.5      573.0487      265.5379      45.67179      4.732107      19.97922
35.6      573.5224      265.5789      45.69649      4.737758      19.07628
35.7      573.9955      265.3894      45.44898       4.74341      19.81336
35.8      574.4705      265.2786      45.75556       4.74905      20.15079
35.9      574.9461      265.5914      45.44728      4.754657      19.06398
  36      575.4212      265.2498      45.28623      4.760277      20.18702
36.1      575.8961       265.434      45.20887      4.765854      20.02035
36.2      576.3733      265.5361      45.30174      4.771444      19.92665
36.3      576.8517      265.4552      45.31471      4.776993      20.29576
36.4      577.3309      265.6393       45.4713      4.782545      20.52341
36.5      577.8083      265.5103      45.20331      4.788102      20.41451
36.6      578.2881      265.9011      44.65876      4.793601      19.74167
36.7      578.7675      265.8361       44.7866      4.799125      19.54459
36.8      579.2481      265.4612      45.03948      4.804618      19.00796
36.9      579.7281      265.7601      44.85492      4.810097      20.13382
  37      580.2093      265.5112      44.82474      4.815569      20.61711
37.1        580.69      265.7324      44.58289      4.821025      20.48521
37.2      581.1744       266.038      44.72488       4.82645      20.56515
37.3      581.6574      266.1926      44.78575      4.831889      19.82546
37.4      582.1396      265.9025      44.78411      4.837296       20.5435
37.5      582.6243      266.0548      44.56736      4.842708      20.00774
37.6      583.1086      266.0384       44.5364      4.848101      20.51779
37.7      583.5934      266.0693      44.49646      4.853469      20.47527
37.8      584.0794      266.4069      44.42329      4.858817      20.17289
37.9      584.5647       266.287      44.18675      4.864166      20.58413
  38      585.0527      266.0694      44.51295      4.869509       20.8947
38.1      585.5387      265.9839      44.58688      4.874822      19.66785
38.2      586.0261      266.3699      44.14018      4.880119      20.32633
38.3      586.5155      266.7603       44.0937      4.885426      20.79554
38.4      587.0041      266.2665      44.18109      4.890705      20.83129
38.5      587.4929      266.0762       44.4906      4.895975       20.1653
38.6      587.9831      266.3742      43.85508      4.901225      20.74539
38.7      588.4735      266.3803      43.87521      4.906461      20.39078
38.8      588.9645      267.0101       43.8156      4.911675       19.2736
38.9      589.4574      266.4956      43.88338      4.916903      20.21165
  39      589.9471      266.4591       43.7284      4.922108      19.96755
39.1      590.4401      266.3061      43.37685      4.927294       20.0979
39.2      590.9331      266.5675      43.93508      4.932472      19.20418
39.3      591.4263      266.7162      43.81707       4.93762      19.55432
39.4      591.9204      266.4019      43.62418      4.942777      20.71459
39.5      592.4145      266.6497      43.56189       4.94789      18.42795
39.6      592.9102      266.8263      43.68726      4.953026       20.3685
39.7      593.4064      266.9317      43.17558      4.958139      20.91594
39.8      593.9015      266.9941      43.54596      4.963233      20.68758
39.9      594.3979      266.7471      43.21136      4.968307      20.26971
  40      594.8951      266.6692      43.23968      4.973393      19.66985
40.1      595.3934      266.9793      43.48467       4.97844      20.30289
40.2      595.8909      266.8733      42.74966      4.983493      20.02743
40.3      596.3892      267.0582      42.80357      4.988525       19.4338
40.4      596.8895      266.8879      43.16153      4.993542      19.97157
40.5      597.3885      266.8313      42.74687      4.998553      19.57182
40.6      597.8878      267.2569       42.9131      5.003537      20.45992
40.7      598.3892      267.2597      42.68989      5.008528      20.77019
40.8      598.8898       267.256      42.84888      5.013505      20.03717
40.9      599.3926      266.9803      42.44472       5.01845       21.2583
  41      599.8939      267.5511      42.97194      5.023389      19.78297
41.1      600.3969        267.35      42.61543      5.028342      19.78155
41.2      600.8993      267.2186      42.44022      5.033254      20.10318
41.3      601.4025      267.3307      42.65776      5.038168      19.99182
41.4       601.908      267.2735      42.41525      5.043065      19.42798
41.5      602.4116       267.318      42.12082      5.047942      20.35031
41.6      602.9172        267.24      42.17979      5.052806      20.16372
41.7      603.4211      267.1013       42.3768      5.057669       19.3772
41.8      603.9284      267.3639      42.26137      5.062519      19.71972
41.9      604.4347      267.3874      42.45106      5.067343      21.00882
  42      604.9419      267.2594      42.02636      5.072168      20.40459
42.1      605.4492      267.3259      41.97517      5.076983      19.79304
42.2      605.9568      267.3304      42.04441      5.081783      19.62135
42.3      606.4659      267.4912      41.90463      5.086559      20.64374
42.4      606.9752      267.6166      41.79316      5.091321      19.48277
42.5      607.4853      267.8153      42.46326      5.096096      20.03541
42.6      607.9938      267.8765      41.86658      5.100843      20.32687
42.7      608.5042      267.8802      41.37237      5.105576      19.42131
42.8      609.0152      267.3541      42.04236      5.110301      20.53961
42.9       609.525      267.9511      41.58542      5.115018      20.32642
  43      610.0378       267.704      41.88716       5.11972      19.77864
43.1      610.5502      267.9067      41.72437      5.124394      20.06822
43.2      611.0631      267.7805      41.78167      5.129082      21.11792
43.3      611.5755      267.8078      41.60518      5.133756      20.17872
43.4      612.0891      267.8962       41.4559      5.138406       20.7734
43.5      612.6045      268.0594      41.32366      5.143047      20.48584
43.6      613.1196      268.0773      41.40268      5.147674      18.80153
43.7      613.6324      267.9735      41.06583      5.152285      20.21939
43.8      614.1486      267.7547      41.25607      5.156901      19.78808
43.9      614.6651      268.2108      41.35141      5.161497      19.74628
  44      615.1804      267.9246      41.44193      5.166074      19.90015
44.1      615.6974      267.8758      41.36174      5.170644       19.4453
44.2      616.2161      268.2731      41.12748      5.175216      20.59022
44.3       616.733      268.1788      41.12947      5.179761      20.63906
44.4      617.2518       268.204      41.11235      5.184297      20.77125
44.5      617.7691      268.3676      41.04044      5.188819      19.50109
44.6      618.2885      268.3219      41.06359      5.193337      19.63838
44.7      618.8087      268.3272      40.80977      5.197835       19.6927
44.8      619.3277      268.8541      40.97467      5.202326      19.60761
44.9      619.8486      268.2625      40.98592      5.206805      20.34873
  45      620.3691      268.6074      40.56839      5.211281      19.80204
45.1      620.8912      268.3527      40.79048      5.215742      20.60936
45.2      621.4131      268.1223      40.36811      5.220185      20.28457
45.3      621.9361      268.1776      40.73754      5.224614      20.02492
45.4      622.4572      268.4149      40.69819      5.229037      20.36962
45.5      622.9807        268.64      40.31447      5.233453      19.16769
45.6      623.5045      268.3567      40.56982      5.237859      21.14353
45.7       624.028      268.2897      40.63197      5.242241      20.25193
45.8      624.5528      268.9538      40.35384      5.246616      20.41232
45.9       625.078      268.4139      40.39031      5.250985      19.36432
  46      625.6022      268.8538      40.36168      5.255348      19.76975
46.1      626.1291      268.3341      40.37625      5.259698      19.67265
46.2      626.6554      268.8003      40.02163      5.264033      19.52711
46.3       627.182      268.5591       40.0075      5.268348      21.27913
46.4      627.7093      268.5685      39.79092      5.272668      19.73001
46.5      628.2362      268.4726      40.44321      5.276963      20.21603
46.6      628.7646      268.8018      39.89503      5.281255      20.44978
46.7      629.2931      268.6466      40.15795      5.285536      20.21385
46.8      629.8208      268.8385      39.60979      5.289806       19.9448
46.9      630.3516      268.7658      39.71061      5.294069      19.83935
  47      630.8801       268.876      39.82394      5.298313      19.94491
47.1      631.4094      268.4216      39.80511      5.302556      20.03784
47.2      631.9405      268.8424      39.71519      5.306777      19.49054
47.3      632.4704      268.8589      39.52402      5.310986      19.52904
47.4      633.0024      269.2762      39.78748      5.315188      19.94655
47.5      633.5342      269.1116       39.6331      5.319388       20.2535
47.6      634.0663      269.0474       39.8428      5.323574      20.18058
47.7      634.5988      268.8177      39.48089      5.327746      19.30205
47.8      635.1319      268.9949      39.67224      5.331911      19.92754
47.9      635.6662      268.8086      39.30273      5.336065      20.08019
  48      636.1987      269.2447       39.2753      5.340198      19.91029
48.1      636.7335      269.5235        39.168       5.34433      19.96437
48.2      637.2695      268.9464      39.28156      5.348458      19.70564
48.3      637.8033      269.3856      39.21739      5.352557      20.18324
48.4      638.3394      269.4365      39.33054      5.356663      19.70043
48.5      638.8749      269.1636      39.25137      5.360741      19.01125
48.6      639.4114        269.29      39.23251      5.364828      20.39126
48.7      639.9471      269.2329        38.879      5.368906      20.34084
48.8      640.4844      269.5571      39.26153      5.372956      19.76923
48.9      641.0222      269.3145      38.69003      5.377013      19.38606
  49      641.5596        269.32      38.82831      5.381043      19.32563
49.1      642.0992      269.2314      39.12036      5.385073      20.96538
49.2      642.6372      269.0268       38.9983      5.389071      20.12382
49.3      643.1766      269.1564      38.69214      5.393104      20.41761
49.4      643.7152      269.4021      38.58511      5.397079      20.41812
49.5      644.2549      269.4005      38.27943      5.401088      20.82805
49.6      644.7965      269.4784      38.78574      5.405057      20.67619
49.7      645.3367      269.4296      38.33607      5.409012      20.54069
49.8      645.8778       269.298      38.47786       5.41298      20.13148
49.9      646.4189      269.5539      38.49103      5.416927      20.26729
  50      646.9616      269.5309      38.49651      5.420873      20.12733
50.1       647.504      269.5893      38.17615      5.424779      18.76387
50.2      648.0468      269.5943      38.51626      5.428695      19.19763
50.3      648.5886       269.564      38.53796      5.432619      20.47328
50.4      649.1329      269.5543      38.28048      5.436506      21.00819
50.5      649.6768       269.468      38.29126        5.4404      20.18249
50.6      650.2214      269.6761      38.42907      5.444282      20.02005
50.7      650.7663      269.8073      38.32787      5.448146      19.06862
50.8      651.3109      270.0411      37.91959      5.452001      19.56949
50.9      651.8565      269.6084      38.05469      5.455854      20.38536
  51      652.4017      269.6678      38.00478      5.459677       20.0867
51.1      652.9471       269.652      37.98454      5.463518      21.02742
51.2      653.4945      269.7735      38.15708      5.467334      19.99801
51.3      654.0409      269.9838      37.81204      5.471145      20.92258
51.4      654.5888      269.8973      37.53842      5.474947       19.1389
51.5      655.1366      269.7417      37.97522      5.478731      19.91053
51.6      655.6838      269.9587      37.70212      5.482516      20.00706
51.7      656.2337      270.0277      37.67474      5.486293      19.88677
51.8      656.7816      269.8145      37.63123      5.490054      20.58432
51.9       657.331      269.6161      37.45596      5.493801      19.89797
  52      657.8812      270.4023      38.00877      5.497537      21.07497
52.1      658.4295      270.1845      37.48664      5.501282       20.9814
52.2      658.9808      270.1633      37.36385      5.505008      19.33572
52.3      659.5314      269.9787      37.25117      5.508718      19.71865
52.4      660.0823      270.3547      37.24065      5.512429      19.48254
52.5      660.6345      269.9948      37.42515       5.51611      20.28106
52.6      661.1847      270.1628      36.94996      5.519803       19.8113
52.7      661.7383      270.2586      37.44916      5.523485      19.80628
52.8      662.2903      270.1256      36.83962      5.527142      19.71737
52.9      662.8432      270.4736      37.58404      5.530815      19.14639
  53      663.3964      270.2361      37.04011      5.534457       20.1781
53.1      663.9495      270.0268      36.78961      5.538103      19.86341
53.2      664.5034      270.4259      37.04444      5.541722      19.45471
53.3      665.0587      270.4324      36.88652       5.54535      20.37534
53.4      665.6133      270.3483       37.1229      5.548963      20.09527
53.5      666.1681      270.4578      37.00069      5.552573      19.93277
53.6      666.7228      270.2564      37.16268      5.556164      20.69707
53.7      667.2787       270.351      37.12217      5.559742      20.26774
53.8      667.8364      270.2336      36.84076      5.563331      19.17193
53.9      668.3921       270.687      36.98338      5.566888      19.83162
  54      668.9482      270.4559      36.61544      5.570446      19.64151
54.1      669.5057      270.2836      36.87064         5.574      21.15842
54.2      670.0632      270.4825      36.95607      5.577535      20.75173
54.3      670.6216      270.6691      36.86116      5.581073      20.10511
54.4      671.1812      270.0968      36.36825      5.584596      19.65456
54.5      671.7384      270.5675      36.29244      5.588103      18.88125
54.6      672.2985      270.4438      36.60201      5.591613      20.04694
54.7       672.857      270.2127      36.29817      5.595109      20.30649
54.8      673.4165      270.4449      36.37538      5.598592      20.04403
54.9      673.9775      270.4783       36.5372      5.602082      19.89905
  55      674.5375      270.6776      36.41905      5.605548      19.59848
55.1      675.0977      270.6817       36.1277      5.609001      20.97482
55.2      675.6583      270.6503      36.14017      5.612464       20.2998
55.3      676.2202      270.6914      36.10289      5.615905      19.91675
55.4      676.7821      270.8742      36.02401       5.61934       20.1704
55.5      677.3435      270.5387      36.01045      5.622765      19.57497
55.6      677.9073       270.489      36.28153      5.626179      20.56009
55.7      678.4695      270.8885      36.23812      5.629597      20.61473
55.8      679.0322      270.6627      36.03911      5.632995      18.78497
55.9      679.5958      270.8131      36.08062      5.636377      20.67491
  56      680.1593      270.7326      36.03888      5.639775      20.92438
56.1      680.7229      270.8617      35.90077      5.643153      20.57124
56.2      681.2875      270.7679      35.65827      5.646504      20.73821
56.3      681.8531      270.8363      36.09729      5.649865      19.84553
56.4      682.4181      271.0964      35.80137      5.653215      20.65396
56.5      682.9844      271.2961       35.7735       5.65657      19.40999
56.6      683.5493      271.1683      35.49569      5.659901      20.68893
56.7      684.1157      271.2833      35.46051      5.663216      19.22861
56.8      684.6818      271.1863      35.39208      5.666542      19.56724
56.9      685.2496      270.9855      35.58638      5.669858       19.5022
  57      685.8171      271.2152      35.29815      5.673143      19.63897
57.1      686.3835      271.0715      35.47385      5.676442      19.74727
57.2      686.9514      271.1795      35.53161      5.679728      21.02608
57.3      687.5196      271.1865      35.13745       5.68299      19.84439
57.4      688.0883      271.1157      35.10899      5.686255      20.73087
57.5      688.6568      271.0844      35.56549      5.689515      19.36496
57.6      689.2262      270.9527       34.9126      5.692774      20.19169
57.7       689.796       270.828      34.83185      5.696021      19.80001
57.8      690.3659      271.1573      35.28024      5.699249      19.23045
57.9      690.9348      271.3022      35.38305      5.702485      20.80679
  58      691.5057      271.4773      35.25355      5.705709      20.30362
58.1       692.076      271.2481      35.28321      5.708915      19.75198
58.2      692.6466      271.4939      35.16098      5.712124      20.14699
58.3       693.219      271.4399       34.9282      5.715306      20.42143
58.4      693.7899      271.2601      35.00708      5.718496      20.03873
58.5      694.3637      271.1962      34.70686      5.721673      20.22372
58.6      694.9338      271.2349      35.11081       5.72485      18.88232
58.7      695.5077      271.0923       34.7594       5.72802      20.47905
58.8      696.0795      271.0883      34.98265      5.731168      20.02799
58.9      696.6534       271.375      34.76857      5.734311      20.62734
  59      697.2277      271.3397      34.69591       5.73746      20.54779
59.1      697.8022       271.225      34.53718      5.740587      19.57637
59.2      698.3748      271.3448      34.59775      5.743706      20.29024
59.3      698.9501      271.0779      34.52113       5.74683      19.25729
59.4      699.5244      271.3674      34.55414      5.749941       19.7253
59.5      700.1012      271.6361      34.12398      5.753029      20.18676
59.6      700.6748      271.0947      34.47822      5.756119      21.30157
59.7      701.2511      271.2008       34.2532      5.759217      18.39689
59.8      701.8279      271.5542      34.26137      5.762288      20.51087
59.9      702.4043      271.8677      34.19863      5.765363      19.98012
  60      702.9806      271.5016      34.42211      5.768434      19.86314
60.1      703.5576      271.6124         34.46      5.771476      20.47547
60.2      704.1349      271.4609      34.25306      5.774514      20.11843
60.3      704.7124      271.2849      34.39627      5.777565       19.0358
60.4      705.2909      271.6657      34.00429      5.780602       20.0517
60.5      705.8691      271.5393      34.33323       5.78362      19.89445
60.6      706.4471      271.6375      34.01078      5.786639      20.81813
60.7      707.0259      271.3894      33.77713      5.789641      21.10003
60.8      707.6042      271.4758       34.4001       5.79264      20.24467
60.9      708.1843      272.0582      33.99859      5.795643      19.14405
  61      708.7633      271.8537       33.7863      5.798629      20.85981
61.1      709.3429      271.7465      33.98529       5.80161      20.29843
61.2      709.9234      271.5837      34.01032      5.804583      20.23443
61.3      710.5046      271.7911      33.51589      5.807548      20.47253
61.4      711.0859      271.5488      33.91711      5.810515      20.42778
61.5      711.6669      271.6055      33.76215      5.813457      19.01547
61.6      712.2482      271.8384      33.88846      5.816383      19.79887
61.7      712.8306      271.5386      33.57513      5.819341      20.45416
61.8      713.4127      271.7266      33.65401       5.82226      21.44433
61.9      713.9952      271.8468      33.53966      5.825182      20.47282
  62      714.5776      272.2242      33.79651        5.8281      20.08122
62.1      715.1602      272.0491      33.70414      5.831009      20.24149
62.2       715.744      271.6818      33.53156        5.8339      19.64259
62.3      716.3275      271.9082      33.22697      5.836799      20.36873
62.4      716.9113      272.3264      33.45998      5.839671      19.94999
62.5      717.4951      271.7143      33.28557      5.842564      20.94668
62.6       718.079      272.2274      33.50434       5.84543      19.93959
62.7      718.6645      272.2345      33.15038      5.848287      19.65887
62.8      719.2495      271.8039      33.29361      5.851149      20.07057
62.9      719.8331      271.8508      33.22259      5.853993      19.88154
  63      720.4205      272.0445      33.30465      5.856846      19.79836
63.1       721.005      272.0525       33.0221      5.859682      19.64445
63.2      721.5924        271.62      33.21821      5.862508      19.29226
63.3      722.1783      271.9546      33.06328      5.865319      19.59042
63.4      722.7651       272.239      33.18372      5.868157      19.71178
63.5      723.3525      272.1808      32.84748      5.870956      20.00691
63.6      723.9389      272.2072       33.0098      5.873757      20.83415
63.7      724.5269      272.0571      32.92291      5.876552      20.66502
63.8      725.1144      272.0731      32.89055      5.879331      19.66669
63.9      725.7023      272.2716       32.9726      5.882117      19.25307
  64      726.2906      272.1926      32.91181       5.88489       19.5969
64.1      726.8798      272.3788      32.76675      5.887673      20.25571
64.2      727.4687      272.2675      32.99451      5.890421      19.57927
64.3      728.0573      272.1828      32.84519      5.893174       19.2389
64.4      728.6471      272.1436      32.74757      5.895921      19.29257
64.5      729.2365      272.5761      32.26343      5.898661      18.60757
64.6      729.8266      272.2913      32.69812      5.901389      19.91382
64.7      730.4169      272.3391       32.7809      5.904134      20.20241
64.8      731.0072      272.7658      32.64134      5.906846      20.41254
64.9      731.5986      272.0705      32.70727      5.909555      20.24988
  65      732.1896      272.3787      32.36112      5.912255      21.29952
65.1      732.7804      272.6409       32.0863       5.91496      18.85344
65.2       733.372      272.3097       32.4614      5.917658      21.03911
65.3      733.9639      272.4118      32.35486      5.920346      18.77147
65.4      734.5571      272.3081      32.20042      5.923029      20.27388
65.5      735.1476      272.3477      32.25225      5.925698       19.3157
65.6      735.7409      272.4024      32.13323      5.928368      19.56647
65.7      736.3347      272.2858      32.40337      5.931023      19.58702
65.8      736.9278      272.8857      32.43066       5.93368      19.54478
65.9      737.5216      272.3481       32.2395      5.936322      20.14478
  66      738.1152      272.4007       32.1568      5.938966      20.87737
66.1      738.7103       272.389      32.01921      5.941602      19.48347
66.2      739.3031      272.5625      31.93192      5.944225      20.88644
66.3      739.8979       272.436      32.13353      5.946851      21.08135
66.4      740.4924      272.6144      31.68487      5.949471      21.39139
66.5      741.0874      272.8342      32.07614      5.952075      18.46754
66.6      741.6839      272.6199      31.82291      5.954683       19.9986
66.7      742.2793      272.8056      31.78817      5.957273      20.75388
66.8      742.8754      272.8822      31.76618      5.959866      20.77781
66.9      743.4711      272.8336      31.97451      5.962456      20.01463
  67      744.0675      272.5725        31.755       5.96503      19.66942
67.1      744.6642      272.7928      32.10565      5.967592      18.65122
67.2      745.2613       272.795      31.43258      5.970158      19.56315
67.3      745.8581      272.8539      31.97496      5.972724      19.51549
67.4      746.4561       272.892      31.71459      5.975282      20.43775
67.5      747.0524      272.6676      31.74349      5.977823      20.50818
67.6      747.6509      272.7075      31.37731      5.980367      19.48671
67.7      748.2492      273.1163       31.5434      5.982901      20.46324
67.8      748.8471      272.9202      31.48617      5.985423      19.87938
67.9      749.4455      272.9469      31.26722      5.987941      19.92147
  68      750.0461      273.1333      31.49623      5.990458      20.11732
68.1      750.6453      272.7881       31.5554      5.992964      20.00846
68.2      751.2421      272.7508      31.81298      5.995481       19.3463
68.3      751.8426      272.8506      31.31128      5.997965      19.97399
68.4      752.4437      272.9088       31.3035      6.000474      19.99467
68.5      753.0435      272.6354      31.04844      6.002955      19.86767
68.6      753.6437      273.1574      31.35835       6.00543      19.74248
68.7      754.2443      272.7025      31.14896      6.007901      20.40866
68.8       754.845      272.9945      31.05563      6.010381      20.29012
68.9      755.4471      272.5505        31.112      6.012835       21.1891
  69      756.0478       273.081      31.16309       6.01529      21.22152
69.1        756.65      272.7696      31.04029      6.017749       19.4957
69.2      757.2514      272.7911      30.96977      6.020192      19.25075
69.3      757.8535      272.8557      30.79934      6.022623       20.5988
69.4      758.4559      273.1293      30.81882      6.025052      21.24805
69.5      759.0582      273.1317      31.02993      6.027482      20.85745
69.6      759.6607      273.3115      30.69519      6.029898      20.51937
69.7      760.2654      273.0519       30.8252      6.032308       19.6047
69.8      760.8678      273.2047      30.95736      6.034729       19.4067
69.9      761.4721      272.9857      30.95042       6.03713      19.89821
  70      762.0771      272.7191      30.94647      6.039516      19.93207
70.1      762.6791      272.8085      30.54624      6.041917      20.14702
70.2      763.2845      273.1788      30.73107      6.044291      19.77481
70.3      763.8882      273.1539      31.15941      6.046682      20.48282
70.4      764.4927      273.2337      30.66178      6.049049      20.97072
70.5      765.0976      273.1995      30.39869      6.051417      20.76454
70.6      765.7043      273.0747      30.60891      6.053783      20.53409
70.7      766.3091      273.0883      30.42739      6.056143      20.53461
70.8      766.9144      273.4808      30.74215      6.058496      19.43344
70.9      767.5214      273.3092      30.24801      6.060823      19.30958
  71      768.1266      273.2397      30.41927      6.063179      19.74448
71.1      768.7337      273.3551      30.43258      6.065515      20.92514
71.2      769.3405      273.1771      30.21001      6.067833      20.64308
71.3      769.9457      273.4407      30.40505      6.070154      20.61595
71.4      770.5538      273.2943      30.52792      6.072476      19.91356
71.5      771.1622      273.0405      30.11568      6.074792      19.80324
71.6      771.7686      273.4621      30.21929      6.077092      19.63744
71.7      772.3765      273.4667      29.96923      6.079397      20.46264
71.8      772.9855      273.0632      30.17336      6.081695      20.83482
71.9      773.5927       273.356      29.89742       6.08398      19.86633
  72      774.2017      273.2943      30.42918      6.086256       21.1812
72.1      774.8106      273.3355      29.79484      6.088547      19.61297
72.2      775.4178       273.596      29.86032      6.090821      20.23097
72.3      776.0278      273.3507      30.23934      6.093085       20.5627
72.4      776.6387      273.4134      30.37457      6.095353      19.06797
72.5      777.2466      273.5609      29.96682      6.097612      19.52336
72.6      777.8571      273.3994      29.87457      6.099862      20.18948
72.7      778.4672      273.2998       30.0468      6.102116      19.17931
72.8      779.0783      273.3963      29.72715      6.104345      20.57393
72.9      779.6886      273.5251      29.52787      6.106589      18.82687
  73      780.2997      273.6805      29.99182      6.108815      20.01532
73.1      780.9096      273.6247      30.02829      6.111045      20.23373
73.2      781.5211      273.6341      29.82475       6.11326      20.71126
73.3      782.1312      273.5593      29.78537      6.115478      20.10302
73.4      782.7444      273.0624      29.79883      6.117676      20.03476
73.5      783.3562      273.5357      29.48996      6.119889      19.26674
73.6      783.9689      273.4401      29.20387      6.122097      19.77134
73.7      784.5812      273.6622      29.74792      6.124278      19.88056
73.8      785.1932      273.3761      29.23801      6.126473       20.2078
73.9      785.8057      273.7994      29.64292      6.128649      19.80282
  74      786.4191      273.6599      29.50231      6.130828      20.96555
