  12      720.8856      260.5299      32.34257     -4.517205      19.81483
12.1      720.4339      260.4752      31.94252     -4.512419      19.97009
12.2      719.9829      260.2582      32.28558      -4.50763      20.12476
12.3      719.5336      260.5685      32.40723     -4.502835       19.7535
12.4      719.0828      260.7681      32.40807     -4.498026      20.35099
12.5      718.6323      260.5266      32.38338     -4.493205      19.70224
12.6      718.1845      260.8205      32.36663     -4.488376       19.1187
12.7      717.7357      260.6586      32.68055     -4.483548      21.23396
12.8       717.287      260.9741      32.46658     -4.478692        20.251
12.9      716.8394      260.4345      32.32568     -4.473833      20.66394
  13      716.3926      260.9745      32.61571     -4.468964      19.71197
13.1      715.9464      261.0655      32.56469     -4.464094      19.88026
13.2      715.4993      260.8529      32.48768     -4.459221      20.06394
13.3      715.0537      261.0009      32.26987     -4.454329      19.27116
13.4      714.6082      261.3218       32.5431     -4.449424      19.18957
13.5      714.1637      261.2691      32.93241     -4.444506      19.78676
13.6      713.7194      261.0868      32.97691     -4.439593      20.20414
13.7      713.2748      261.3735      32.62418     -4.434669      19.76875
13.8      712.8333       261.347      32.85213     -4.429726      19.52637
13.9      712.3896      261.4252      32.51508     -4.424772      19.29873
  14      711.9474      261.6449      32.65094     -4.419818      20.33022
14.1       711.506      261.3219      32.80736     -4.414848      20.64111
14.2      711.0648      261.5709      32.99803     -4.409882      19.87036
14.3      710.6238      261.6059      32.68267     -4.404891      19.65278
14.4      710.1828       261.873      32.89269     -4.399893      20.29386
14.5       709.744      261.5301      32.76071     -4.394887      20.56013
14.6      709.3051        261.54      32.93041     -4.389884      19.80423
14.7      708.8656      261.8363      32.96461     -4.384856      19.96147
14.8      708.4284      261.8606      32.89465     -4.379832      19.12639
14.9      707.9893      261.6343      32.67114     -4.374793      19.30803
  15      707.5522      261.6125      33.05358     -4.369734      19.92298
15.1      707.1166      261.7478      32.81256     -4.364669      20.85891
15.2      706.6794      261.6961      33.49382     -4.359601      19.10861
15.3      706.2446      262.1979      33.31191     -4.354536      19.68913
15.4      705.8095      262.2533      33.55948     -4.349437      20.28907
15.5      705.3747       262.172      33.32758     -4.344337       20.3286
15.6      704.9402      262.4283      33.36469     -4.339227      19.64557
15.7       704.506      262.0967      32.98799     -4.334128      19.72009
15.8      704.0735      262.1882      33.29005     -4.328989      20.12898
15.9      703.6398      262.5991      33.50494     -4.323853      20.48347
  16      703.2098      262.5258      33.34396     -4.318703      20.08221
16.1      702.7754      262.6673      33.35027      -4.31356      19.23998
16.2      702.3457      262.5175      33.52888     -4.308403       18.7827
16.3      701.9165      262.7356      33.36342     -4.303214      18.86082
16.4      701.4859      262.5016      33.30858     -4.298034      19.96526
16.5      701.0564      262.4409      33.39289     -4.292842       21.2611
16.6      700.6278       262.845      33.67169     -4.287632      19.88244
16.7      700.1982       262.494      33.51344      -4.28242      20.17996
16.8      699.7706      262.8503      33.17812     -4.277194       19.9807
16.9      699.3425      263.2769      33.53391     -4.271964      20.14252
  17      698.9163      263.2507      33.51415     -4.266724      21.50261
17.1      698.4904      262.9936      33.66813     -4.261467      19.49247
17.2       698.064       263.147      33.46012     -4.256205      21.05727
17.3      697.6384      263.4774      33.32147      -4.25094      18.74602
17.4      697.2128      263.0381      33.86206     -4.245648      19.01282
17.5      696.7887      263.0037      34.06651     -4.240381      20.31149
17.6      696.3645      263.1274      33.57665     -4.235079      19.06604
17.7      695.9417      263.5741      33.53643     -4.229773      19.94147
17.8      695.5185       263.248      33.97017     -4.224443      19.82628
17.9      695.0981      263.4389      33.48875     -4.219116      18.86425
  18      694.6756      263.7072      33.79558     -4.213786      20.07995
18.1      694.2535      263.5219      33.84139     -4.208431      19.50226
18.2      693.8334      263.4264      33.84966      -4.20307      19.37366
18.3      693.4132      263.8941      34.14679     -4.197704      19.67203
18.4      692.9941      263.6848      33.80007     -4.192326      19.74755
18.5      692.5752       263.401      34.12105      -4.18694      19.98798
18.6      692.1572      263.8192      34.10797     -4.181556        19.407
18.7      691.7381      263.9672      34.55233     -4.176143      19.27428
18.8      691.3215       263.651      34.27596     -4.170722      19.80621
18.9      690.9061      264.1813      34.06377     -4.165286      20.23041
  19       690.489      264.0872      33.97578     -4.159858       21.0235
19.1       690.073      264.3798      34.30593     -4.154409      19.44704
19.2      689.6575      264.0499      34.29287     -4.148951      19.65713
19.3      689.2432      264.0546      34.33306     -4.143488      19.96591
19.4      688.8295      264.0606      34.08268     -4.138006      19.87775
19.5      688.4154      264.4222      34.31569     -4.132532      20.22003
19.6      688.0028      264.2954      34.20171     -4.127044      19.33264
19.7      687.5907      264.3326       34.5635     -4.121511      20.52447
19.8      687.1783       264.333       34.3389        -4.116      20.37378
19.9       686.767      264.3736      34.53333     -4.110471      19.70859
  20      686.3566      264.2962      34.56055     -4.104948      20.30298
20.1      685.9468      264.5031      34.66486     -4.099405      20.26509
20.2       685.537      264.6646      34.49066     -4.093844      20.56145
20.3      685.1266      264.7969      34.58867     -4.088268      21.17667
20.4      684.7185      264.7038      34.60873     -4.082706      19.30196
20.5      684.3104      265.2245      34.46436     -4.077109      20.15487
20.6      683.9028      264.9615       34.8292     -4.071512      20.52891
20.7      683.4971       265.294      34.89474     -4.065903      20.34978
20.8      683.0893      265.1399      34.68806     -4.060299      19.65947
20.9      682.6848      265.0616      34.76099     -4.054661      20.38242
  21      682.2786      265.1699      35.06201     -4.049021      20.56193
21.1      681.8745      265.3432      34.84114     -4.043376      19.99301
21.2      681.4708      264.6218      35.11733     -4.037711      19.46682
21.3      681.0677      265.3831      35.00169     -4.032061      19.68323
21.4      680.6637      265.6415      34.61004     -4.026389      20.64594
21.5      680.2618      265.5598      34.56525     -4.020697       19.7276
21.6      679.8595      265.2263      35.07868     -4.014988      19.00684
21.7      679.4592      265.4063      34.89408     -4.009286      21.03939
21.8      679.0584      265.8611      34.83799     -4.003577      20.25146
21.9       678.658       265.705      34.93987     -3.997842      20.60355
  22      678.2592      265.8882      35.20998     -3.992113      20.27384
22.1      677.8599      265.7356      35.13853     -3.986371      19.40651
22.2      677.4622      265.8598      35.03041     -3.980605      18.62071
22.3      677.0641      265.5185        35.501     -3.974847      18.81537
22.4      676.6669      266.3314      35.10852     -3.969056      19.37461
22.5       676.269      265.9407      35.09579     -3.963268      19.85158
22.6      675.8739      266.2013      35.03897     -3.957465      20.38837
22.7      675.4775      266.0987      35.15095     -3.951662      20.60667
22.8      675.0835      266.3995      34.97488     -3.945821      19.93433
22.9        674.69      266.4577      35.10131     -3.940011       19.7647
  23      674.2949      265.9149      35.27721     -3.934171      19.93301
23.1      673.9014      266.3826      35.16852     -3.928326      18.84075
23.2      673.5082      266.5126      35.28215     -3.922447      18.47931
23.3      673.1164      266.7237       35.4946      -3.91659      19.84109
23.4      672.7257      266.3502      35.57206     -3.910692      19.30614
23.5      672.3357      266.4306      35.46718     -3.904808      19.65678
23.6      671.9451      266.3502       35.8163     -3.898908       19.9271
23.7       671.556      266.5647      35.59753     -3.892997      20.89984
23.8      671.1675      266.7148      35.49499     -3.887082      19.60151
23.9      670.7783      266.9672      35.67629     -3.881142      21.04905
  24      670.3896      266.8557      35.50594     -3.875191      19.94792
24.1      670.0034      266.6537      35.76676     -3.869239       19.1232
24.2      669.6169       266.958      35.70905     -3.863279      20.15798
24.3      669.2308      267.3003      35.63899     -3.857308      20.07124
24.4      668.8456      266.9372       36.0319      -3.85131      19.80751
24.5      668.4602      267.3065       35.6784     -3.845314      21.00094
24.6      668.0762      267.1457      35.79249     -3.839308      20.85623
24.7      667.6935      267.2188      35.70586     -3.833291      19.53148
24.8      667.3094       267.318      35.49826     -3.827279      20.05401
24.9      666.9281       267.561      35.94612     -3.821248      20.29818
  25      666.5446      267.4011       35.7899     -3.815203       19.6263
25.1      666.1647      267.5324      35.91823     -3.809134      20.38326
25.2      665.7827      267.5638      36.08277     -3.803065       20.3597
25.3      665.4036      267.7931      35.81986     -3.796983       20.7454
25.4      665.0245      267.7909      35.76295     -3.790886      19.48731
25.5      664.6454      267.7102      36.00719      -3.78479      20.20416
25.6      664.2673      268.0023      36.17302     -3.778682      19.63263
25.7       663.889       268.135      35.85713     -3.772563      20.36446
25.8      663.5132      268.2076      36.16277     -3.766438      21.28824
25.9      663.1364      267.9521      35.95842     -3.760287      19.68341
  26      662.7606      268.0567      35.96715     -3.754149      18.12253
26.1      662.3852      268.0372      36.37986     -3.747974      20.65156
26.2      662.0105      268.2264      36.62078     -3.741805       19.3398
26.3      661.6381      268.2515      36.21843     -3.735622      20.41942
26.4       661.263      268.6105       36.3851     -3.729422      20.34581
26.5      660.8901      268.9381      36.16591     -3.723217       20.1572
26.6      660.5189      268.5444      36.09522     -3.717012      20.08106
26.7      660.1479      268.6452      36.25167     -3.710786      20.58082
26.8      659.7771       268.574      36.34768     -3.704547      20.02131
26.9      659.4073      268.6293      36.54981     -3.698302      20.21175
  27      659.0378      268.9143      36.17082     -3.692039      20.22488
27.1      658.6672      268.8299      36.59393     -3.685774      20.44849
27.2      658.3006      268.9718      36.62995     -3.679482       20.5474
27.3      657.9322      268.7911      36.43532     -3.673208      20.75452
27.4      657.5652      268.9459      36.71043     -3.666901      20.72459
27.5      657.1995      269.0888      36.40901     -3.660596      19.29848
27.6      656.8321      268.7245      36.84032     -3.654267      19.96159
27.7      656.4682      269.1545      36.63121     -3.647941      20.53796
27.8      656.1034      269.2743      36.68764     -3.641597      20.70559
27.9      655.7393      269.5405       36.8411     -3.635245      20.41723
  28      655.3778      269.6148      36.66768     -3.628882       19.5021
28.1      655.0138      269.6855      36.26622     -3.622507      19.95623
28.2      654.6533      269.5659       36.7333     -3.616118      19.71175
28.3      654.2905      269.7974      37.10415     -3.609724      19.62589
28.4        653.93      269.5001      36.94167     -3.603316      20.48079
28.5      653.5701       269.688      37.00043     -3.596901      19.80034
28.6      653.2114      269.7837      36.88165     -3.590466      19.45884
28.7      652.8518      269.7157      36.87071     -3.584047      20.14043
28.8      652.4939      269.8335      37.27723     -3.577593      19.99832
28.9      652.1357      270.1829       36.9381     -3.571131      20.32466
  29      651.7797      270.1973      37.32451     -3.564656      20.52688
29.1      651.4232      270.1048      36.98314     -3.558186      19.91826
29.2      651.0674      270.0769      37.11001     -3.551689      19.36039
29.3      650.7127      270.1288      37.09057     -3.545175      19.83553
29.4      650.3597       270.202      37.18425     -3.538681      19.12801
29.5      650.0054      270.4642       36.9575     -3.532155      20.25593
29.6      649.6514      270.5511      37.50394     -3.525625      20.13835
29.7      649.3007      270.6031        37.069      -3.51908      18.08998
29.8      648.9497      270.2986       37.4567     -3.512513      20.55471
29.9      648.5978      270.6491      36.92651     -3.505946      20.81021
  30      648.2476       270.528      37.28946     -3.499376      19.73332
30.1      647.8975       270.839      37.43766     -3.492787      20.11196
30.2      647.5482      270.7756      37.55065      -3.48618      20.51532
30.3      647.2012      270.8108      37.29849     -3.479579       20.1831
30.4      646.8538      270.4639      37.29994      -3.47296      18.78973
30.5      646.5062      270.9795      37.20468     -3.466331      20.04865
30.6        646.16      271.2524       37.5556     -3.459686       19.8995
30.7      645.8144      271.1604      37.51529     -3.453033      20.64602
30.8      645.4693      271.5173      37.67365     -3.446369      19.65952
30.9       645.124      271.1878      37.51995     -3.439695      20.06101
  31      644.7822      271.6448      37.52177      -3.43301      20.81684
31.1      644.4394      271.7343      37.38848     -3.426327      20.25628
31.2      644.0956      271.5325      37.23976     -3.419623      19.89899
31.3      643.7547      271.4205      37.46419     -3.412898      19.37081
31.4      643.4145      271.4529       37.6153     -3.406172      19.28256
31.5       643.073      271.6017      37.64916     -3.399431      20.29272
31.6      642.7336      271.8125      37.59111     -3.392678      19.77494
31.7      642.3949      271.7797      37.86777     -3.385924      19.73568
31.8      642.0566      272.0757       37.9251     -3.379156      19.99397
31.9      641.7194      271.5531      37.77058     -3.372384      20.03427
  32      641.3816      271.7411      37.86085     -3.365592      20.73973
32.1      641.0456      271.9587      37.71458     -3.358771      19.58661
32.2      640.7105      272.1535      37.93768     -3.351972      20.72932
32.3      640.3752      272.5041       37.6182     -3.345142      20.20168
32.4      640.0403      272.7561      38.22283     -3.338311      20.13485
32.5       639.707      272.5868      38.11193     -3.331459      19.08927
32.6      639.3751       272.779      38.23011      -3.32461       19.1153
32.7       639.042      272.6872      37.79108     -3.317743      20.57115
32.8      638.7107      272.5909      37.94006     -3.310864      19.84042
32.9      638.3808      272.9171      38.05887     -3.303983      20.23578
  33      638.0514      273.0567      38.10696     -3.297092      20.59796
33.1      637.7218      272.7477      37.95891     -3.290165      20.62209
33.2      637.3925      272.9201      38.19427     -3.283254      20.32325
33.3      637.0652      272.9786       38.1854     -3.276322      20.20748
33.4      636.7372      273.1749      38.37682     -3.269378       19.9972
33.5      636.4116      273.2625      38.38421     -3.262423      20.32849
33.6      636.0849      273.2495      38.33832     -3.255465      18.43667
33.7      635.7597      273.5711      38.24089     -3.248496      20.41072
33.8      635.4358      273.3402      38.22297     -3.241501      19.70831
33.9      635.1111      273.4504      38.01947     -3.234506      20.59837
  34      634.7884      273.6505      38.22325     -3.227504      19.74958
34.1      634.4654      273.7044      38.44283     -3.220483      20.44342
34.2       634.144      273.6547      38.49063     -3.213464      20.99819
34.3      633.8236      273.7309      38.67054     -3.206421      20.06765
34.4      633.5027      273.7314      38.53163     -3.199364      20.33801
34.5      633.1831      274.3565      38.38391     -3.192307      20.01407
34.6      632.8649      273.8435      38.24896     -3.185235      19.99452
34.7      632.5462       274.266      38.70047     -3.178169      20.07114
34.8       632.229      273.9557      38.23812     -3.171062      19.74516
34.9      631.9123       274.129      38.91319     -3.163956      20.41269
  35      631.5958      274.0612      38.57577     -3.156842      21.15649
35.1      631.2806      274.4704      38.79839     -3.149725      20.60095
35.2      630.9655      274.2351      38.77448     -3.142597      19.47145
35.3      630.6518      274.7084      38.57614     -3.135455      20.02673
35.4      630.3389      274.4252       38.4037     -3.128274       20.6881
35.5      630.0256      274.5364      38.82758     -3.121109       20.6402
35.6      629.7144      274.8601      38.79774     -3.113944      20.13976
35.7      629.4033      274.3547      38.94558     -3.106756      19.30918
35.8      629.0935      274.7251      38.45034     -3.099558      20.47405
35.9      628.7835      274.9534      39.08462     -3.092349      19.82048
  36       628.474      274.8459      38.90259     -3.085129      19.19065
36.1      628.1667      274.8483      39.12002     -3.077891        20.511
36.2      627.8589       274.921      39.11006     -3.070652      20.19994
36.3      627.5521      275.0781      38.87429     -3.063401      20.97016
36.4      627.2465      275.3056      38.73984     -3.056141      19.50417
36.5      626.9411      275.2715       39.0718     -3.048866      20.44723
36.6      626.6373      275.0572      39.06896     -3.041575      19.85705
36.7      626.3338       275.589      38.98498     -3.034275      20.12034
36.8      626.0295      275.2473      38.83022     -3.026965      18.98805
36.9      625.7278      275.6283      39.02248     -3.019659      20.31847
  37      625.4262      275.7043      39.16557     -3.012337        21.408
37.1      625.1248      275.8131      39.05182     -3.005003       19.0536
37.2      624.8245      275.8768      39.00316     -2.997648      20.01395
37.3      624.5261      276.1792      39.27262     -2.990287      21.55857
37.4       624.228      275.7976      39.34674     -2.982909      20.07779
37.5      623.9287      276.0067      39.45697     -2.975544      20.50877
37.6      623.6318      276.1252      39.55039     -2.968147      20.75248
37.7      623.3357      276.3219      39.22635     -2.960752      19.12343
37.8      623.0397       276.219      39.39418     -2.953338      19.09614
37.9      622.7446      276.5141      39.62171     -2.945913      20.68861
  38      622.4506      276.1988      39.67792     -2.938477       20.1343
38.1      622.1565      276.5869      39.82747     -2.931031      18.91272
38.2      621.8633      277.0969      39.24552     -2.923575      19.60858
38.3      621.5721      276.5308      39.58484     -2.916109      20.36431
38.4      621.2819      277.0095      39.53775     -2.908645      19.25465
38.5      620.9906      276.6173      39.72029     -2.901153      20.22884
38.6      620.7012      276.9204      39.45785      -2.89365      19.93725
38.7      620.4127      276.9834      39.37063     -2.886152      20.33307
38.8      620.1237      277.2841        39.593     -2.878639      19.89512
38.9      619.8364       277.009      39.34615     -2.871097      20.79514
  39      619.5493      277.4531      39.76238     -2.863571      19.06071
39.1      619.2629      277.4499      39.76157     -2.856016       20.6857
39.2      618.9791      277.5331      39.48666     -2.848454      19.18647
39.3      618.6937      277.6835      39.62944     -2.840886      19.68547
39.4       618.411       277.712      40.15519     -2.833309      20.69872
39.5      618.1268      277.3749      39.67765     -2.825717       20.0541
39.6      617.8455      277.9003      39.56648     -2.818121      20.56359
39.7      617.5634      277.8873       39.8462     -2.810502      20.64282
39.8      617.2821      278.3535      39.77259     -2.802881      20.31799
39.9       617.003      277.9234      39.97341     -2.795247      20.53401
  40      616.7239      277.8768      40.04059     -2.787591      20.16448
40.1      616.4462      278.3264      39.98244     -2.779944      20.21639
40.2      616.1677      278.1066      39.80882     -2.772287      20.69381
40.3      615.8917      278.3507      39.92771     -2.764601      20.16453
40.4      615.6155      278.5206       39.8414     -2.756917      20.31008
40.5      615.3392      278.6665      40.34043     -2.749229      20.03445
40.6      615.0646      278.4739      39.97309     -2.741535      20.92892
40.7      614.7916      278.8807      40.14877     -2.733811      19.32556
40.8      614.5186      278.8705      40.27329     -2.726088      20.90239
40.9      614.2463      278.6137      40.09261     -2.718341      20.55229
  41       613.975       278.863      40.25027     -2.710592      20.19827
41.1      613.7034      278.8324        40.313     -2.702849      19.10763
41.2      613.4338       279.484      40.50194     -2.695077      20.60692
41.3       613.166      278.9782      40.24066       -2.6873      19.37152
41.4      612.8965      279.0843      40.43001     -2.679514      20.12088
41.5      612.6288      279.3455       40.1448     -2.671702      19.88659
41.6      612.3629      279.1833      40.36181     -2.663899      19.92184
41.7      612.0971      279.4877      40.54708     -2.656093      19.08057
41.8      611.8311         279.7      40.52445     -2.648259      19.23736
41.9      611.5659      279.5112      40.28284     -2.640423      20.39108
  42      611.3034      279.7424      40.49721     -2.632563      19.08999
42.1      611.0401      280.0674      40.09958       -2.6247      20.27003
42.2      610.7781       279.582       40.1733     -2.616834      20.60427
42.3       610.517      279.8382      40.39681     -2.608955      19.59551
42.4      610.2557      280.5206      40.29195      -2.60107      20.03666
42.5      609.9958      280.2799      40.55314     -2.593174      20.23195
42.6      609.7378       280.135      40.36097     -2.585261      19.31488
42.7      609.4797      280.4149      40.44293     -2.577342      20.12117
42.8      609.2221      280.0403      40.38458     -2.569418      19.93067
42.9      608.9653      280.3606       40.4719     -2.561472      20.91792
  43      608.7098      280.6448      40.31413     -2.553525      20.28104
43.1      608.4557      280.5218      40.75418     -2.545556      20.71954
43.2      608.2004      280.6952      40.73149      -2.53759      20.40566
43.3      607.9477      280.7252      40.84562     -2.529608      20.49102
43.4      607.6931      280.8562      41.07126     -2.521615       19.5705
43.5      607.4427      281.1588      40.72269     -2.513613      20.80574
43.6      607.1926      280.9557      40.77768     -2.505606      20.09778
43.7      606.9427       280.971      40.79098     -2.497595      20.94349
43.8      606.6932      281.1233      40.89294     -2.489554      19.70948
43.9      606.4437      281.3223       40.8096     -2.481503      19.84279
  44      606.1966      281.3628      41.06263     -2.473461      19.72889
44.1      605.9491      281.5556      40.81121     -2.465406      19.63108
44.2      605.7028      281.3117      40.64985     -2.457341      19.30768
44.3      605.4584      282.0215      40.61948     -2.449262      19.47403
44.4      605.2135      281.5508      40.77903     -2.441158      20.48288
44.5      604.9691      281.5341      41.15119     -2.433062      20.09932
44.6      604.7257      281.7924      40.84032     -2.424955      20.45663
44.7      604.4841      282.1753      40.77642     -2.416838      19.81445
44.8      604.2433      282.2127       41.0209     -2.408716      20.10416
44.9      604.0028       282.279      41.04736     -2.400568      20.68623
  45      603.7636      282.1552      41.36331     -2.392419      20.30617
45.1       603.525      282.4305      41.22516     -2.384266      20.61819
45.2      603.2858       282.188      41.19884     -2.376094      20.97976
45.3      603.0487      282.5696       41.1271     -2.367916      19.90746
45.4      602.8134      282.5417      41.04369     -2.359725       21.1045
45.5      602.5779      282.5285      41.50178     -2.351532      18.94354
45.6      602.3419      282.9296      41.42591     -2.343326      19.07844
45.7      602.1088      282.9358      41.20052      -2.33512      20.52883
45.8      601.8747       282.828      41.43729     -2.326894       20.6446
45.9      601.6424      282.9698      41.42731     -2.318648      19.54087
  46      601.4117      283.0174       41.4295     -2.310399      20.37711
46.1      601.1803      283.2544      41.19533     -2.302148      19.53427
46.2      600.9518      283.0025      41.17978     -2.293882       19.2153
46.3      600.7223      283.4446      41.47923     -2.285611      19.55604
46.4       600.494      283.6465      41.61018     -2.277329      20.12247
46.5      600.2664      283.4874      41.51602     -2.269033      20.31994
46.6      600.0397      283.6135      41.51695     -2.260741      20.63018
46.7      599.8149      283.9825      41.69233      -2.25243      19.99074
46.8      599.5883      283.7076      41.78774     -2.244112      19.31999
46.9      599.3651      283.6496      41.66502     -2.235772      20.15588
  47       599.143      284.0515      41.43206     -2.227436      20.47087
47.1      598.9207      283.9457      41.57163     -2.219087       19.3649
47.2      598.6991      284.0134      41.14082     -2.210727      20.73766
47.3      598.4787       284.452      41.80032     -2.202358      19.74857
47.4      598.2588      284.3095      41.15058     -2.193987      20.14105
47.5      598.0396      284.3793      41.84501     -2.185603      18.82536
47.6      597.8213      284.6265      41.89507     -2.177203       20.9141
47.7      597.6032      284.4685       41.5864     -2.168804      19.67753
47.8      597.3873      284.8361      42.00645     -2.160394      18.59736
47.9      597.1723      284.9759       41.6848     -2.151961      19.65916
  48      596.9568      284.8573      41.91319     -2.143536       20.8226
48.1      596.7442      285.1371      41.80456     -2.135099      18.52066
48.2      596.5308      284.7309      41.94587     -2.126625      19.09624
48.3       596.318      285.0684      41.43022     -2.118182      20.11008
48.4      596.1051      285.3487      41.97059      -2.10972      20.24164
48.5      595.8962      285.4534      41.97915     -2.101235      20.96278
48.6      595.6863      285.1615      42.07835     -2.092756      20.31327
48.7      595.4761      285.7296      41.88644     -2.084252      20.34807
48.8      595.2691      285.4784      41.95608     -2.075738      19.14753
