   7      540.8049      285.0342      49.52359     -3.300806      20.37515
 7.1      540.4744      285.2298      49.86243     -3.292646      19.85553
 7.2      540.1462       284.923       49.7031     -3.284492      19.24956
 7.3      539.8181       285.075      49.66805     -3.276329      19.50342
 7.4        539.49      284.8681      49.95692     -3.268135      19.61134
 7.5      539.1635      284.8982      49.66123     -3.259923      20.08008
 7.6      538.8395      284.7415      49.93182     -3.251705      19.05932
 7.7      538.5142      284.4656      50.09324     -3.243469      20.28121
 7.8        538.19      284.4281      49.85761     -3.235233      19.54375
 7.9      537.8667      284.2504      50.15949     -3.226956      20.03611
   8      537.5444      284.2088      50.17329     -3.218682      19.91272
 8.1      537.2228      284.2713      49.96214     -3.210387      20.61886
 8.2      536.9043      284.4003      49.77406     -3.202077      19.91755
 8.3       536.582      284.1233      50.07674     -3.193758      19.74717
 8.4      536.2648      284.2811      49.99701     -3.185414      20.69649
 8.5      535.9463      283.5813      50.37923     -3.177062      20.81491
 8.6       535.628      283.5811      50.32838     -3.168697      20.35089
 8.7      535.3115      283.8321      50.44346     -3.160307      20.17914
 8.8      534.9964      283.8167      50.08564     -3.151917      20.35641
 8.9      534.6816       283.545       50.4002      -3.14349      21.09134
   9      534.3669      283.3345      50.42212     -3.135079      20.41597
 9.1      534.0543      283.3418      50.80009     -3.126621      19.66198
 9.2      533.7438      282.8741      50.77927     -3.118159      21.37805
 9.3      533.4308       283.089       50.9818     -3.109697      19.93602
 9.4      533.1206      282.9691      50.66895     -3.101209      20.44986
 9.5      532.8103      283.1154       50.8226     -3.092703       19.5273
 9.6      532.5012       282.999      50.87952     -3.084184      19.64077
 9.7      532.1945      283.0054      50.66223     -3.075655      19.61701
 9.8      531.8866      283.1098      50.77512     -3.067115      19.94989
 9.9      531.5815      282.5393      50.85741     -3.058542      19.69809
  10      531.2749      282.5734      50.83575      -3.04997      20.11546
10.1      530.9706      282.6451      51.25763     -3.041379      19.88096
10.2      530.6657        282.32      50.80423     -3.032771      19.52017
10.3      530.3631      282.3194      51.01713     -3.024138       20.2167
10.4      530.0618      282.2509      51.43742     -3.015514      20.23182
10.5      529.7604      281.7876      51.00166      -3.00686      20.76571
10.6      529.4616       282.152      51.59637     -2.998198       20.3909
10.7      529.1612      282.0523      51.37759     -2.989507      18.92936
10.8      528.8626      281.8988      51.67326     -2.980812      18.65914
10.9      528.5665      281.5605       51.3846     -2.972108      19.74451
  11      528.2689      281.1504       51.4979     -2.963378      19.76117
11.1      527.9724      281.5829      51.32676     -2.954645      20.04337
11.2      527.6772      280.9375      51.67888     -2.945899      19.45225
11.3      527.3836      281.3864      51.52435     -2.937121      21.18227
11.4      527.0912      281.2967       51.7074     -2.928338      19.52387
11.5      526.7976      280.7128      51.62275     -2.919528      20.11495
11.6       526.507      281.0859      51.39745     -2.910735      19.21737
11.7      526.2154      280.8638       51.6047     -2.901894      20.66367
11.8      525.9253      280.3468      51.79502      -2.89305      20.94289
11.9      525.6374      280.5967      51.77573     -2.884191      19.16644
  12       525.348      280.5649       51.9157     -2.875324        18.693
12.1      525.0614      280.3446      52.08872     -2.866435      19.97751
12.2       524.775      280.5308      51.99435      -2.85754      20.66582
12.3      524.4905      280.1463      51.77093     -2.848619      19.12545
12.4      524.2056      280.0904      51.93672     -2.839687      20.83764
12.5      523.9219        279.74      52.04572     -2.830753      19.77123
12.6      523.6396      279.9629      52.34722     -2.821783      20.03455
12.7      523.3581      279.9972      52.37621     -2.812798      20.78752
12.8      523.0767      279.6729      52.50655     -2.803823      19.55873
12.9      522.7971      279.7928      52.00043      -2.79483      20.72052
  13       522.517      279.4524      52.19544     -2.785808      20.44755
13.1      522.2405      279.0897      52.63818     -2.776776      20.63135
13.2      521.9631       279.191      52.41144     -2.767727      21.02373
13.3      521.6859       279.138      52.57711     -2.758669      20.84535
13.4       521.411       279.329      52.24479      -2.74958      20.61433
13.5      521.1359      278.8348      52.80413     -2.740503      20.06307
13.6      520.8637      278.7357        52.202     -2.731399      19.77891
13.7       520.591      278.5896      52.76731     -2.722279      20.15341
13.8      520.3181      278.5493      52.53102      -2.71314      19.11528
13.9      520.0469         278.6      52.69876     -2.704006      20.58328
  14      519.7786       278.397      52.78536     -2.694839      18.84148
14.1      519.5081       278.276      53.01224      -2.68565      20.28612
14.2      519.2407      278.2558      52.65442     -2.676471      20.16363
14.3      518.9714      278.3552      53.13315     -2.667264      19.80558
14.4      518.7066      277.9697      52.99737     -2.658045      21.36245
14.5      518.4419      277.7664      53.20247     -2.648818      19.60351
14.6      518.1771      277.5224      53.27453     -2.639568      19.58849
14.7       517.913      277.9475      52.93289     -2.630305      19.15117
14.8      517.6515      277.1194      52.89967     -2.621041       19.9691
14.9      517.3896      277.4175      52.95829     -2.611751      20.15842
  15      517.1285      277.1682      53.43894     -2.602452      20.45051
15.1      516.8698      277.1226      53.47307     -2.593128      19.74628
15.2        516.61      276.9698      53.25618     -2.583791      20.21464
15.3      516.3528      276.7672      53.44459     -2.574442      20.12901
15.4       516.096      276.6603      53.35421     -2.565088      20.58174
15.5      515.8392      276.6583        53.397     -2.555722      20.10146
15.6      515.5834      276.1462      53.28411     -2.546324      19.99112
15.7      515.3302      276.7762      53.49395     -2.536925      20.70826
15.8      515.0762      276.3741      53.70615      -2.52752      18.68466
15.9       514.824      276.2318      53.45218     -2.518083       19.7572
  16      514.5732      276.1124      53.66905     -2.508648      20.70785
16.1      514.3226       276.291      53.57046     -2.499189      21.02233
16.2      514.0738      275.8872      53.92385      -2.48972      21.37847
16.3      513.8248      275.7884      53.78443     -2.480243      18.94425
16.4      513.5773      275.8132      53.97507     -2.470733      19.68497
16.5      513.3313      275.2657      54.03642     -2.461222      19.65274
16.6      513.0839      275.2092      53.87129     -2.451685      19.40869
16.7      512.8397      275.1817      54.25791      -2.44216      19.92042
16.8      512.5962      275.2812      54.05797     -2.432599      20.79926
16.9      512.3542      275.2268      53.74798     -2.423011      20.52422
  17      512.1117      274.8768      54.40949      -2.41345      19.42452
17.1      511.8718      274.8994      54.10978     -2.403846      19.76585
17.2      511.6309      274.6263       53.9761     -2.394244      20.03834
17.3       511.392      274.6659      54.22671     -2.384623      19.61131
17.4      511.1545      274.3387      54.17449     -2.374997      20.27382
17.5      510.9169        274.25      54.11621     -2.365348      20.24106
17.6      510.6811      274.1023      54.15309     -2.355684      18.97823
17.7      510.4458      274.3324      54.14948     -2.346004      19.91346
17.8      510.2126      274.0444      54.66945     -2.336312      18.95169
17.9      509.9794      273.9542      54.52546     -2.326608      19.73436
  18      509.7468      273.7507      54.38837     -2.316903      21.13167
18.1      509.5156      273.7657      54.58107     -2.307174      19.52252
18.2      509.2846      273.0524      54.18638     -2.297438      18.80644
18.3      509.0561      273.3471      54.09877     -2.287684      19.80731
18.4      508.8275      273.1466      54.19845     -2.277914       19.7075
18.5      508.6003      273.0919      54.39724     -2.268129      20.20976
18.6      508.3737      273.1381      54.52588     -2.258325      20.20285
18.7      508.1496       272.865      55.05238     -2.248538      20.93652
18.8      507.9238      272.4162      54.62917     -2.238711      20.47499
18.9      507.7011      272.5623       54.5746     -2.228874      20.21771
  19      507.4781      272.3103      54.78135     -2.219019      20.20557
19.1      507.2565      272.2269      55.09411     -2.209175      20.42858
19.2      507.0368      272.1979      54.85745     -2.199309      20.92458
19.3      506.8173      271.9177      54.90712     -2.189414      19.22198
19.4       506.598      272.0954       55.0746     -2.179505      19.79104
19.5      506.3817      272.1047      55.13361     -2.169604       20.3695
19.6       506.164      271.9532       54.8384      -2.15969      20.44117
19.7      505.9496       271.617      54.97907     -2.149748      20.35318
19.8      505.7349      271.3185      55.52749       -2.1398      19.11232
19.9      505.5218      270.9166      55.20631     -2.129829      18.74962
  20       505.308      271.3654      55.09781     -2.119867      20.15536
20.1      505.0971      270.8897      55.25416     -2.109876      20.34352
20.2      504.8871      270.6838       55.5456     -2.099866      20.80166
20.3      504.6779      270.8192      55.36971     -2.089863       20.5788
20.4      504.4697      270.8253      55.55781     -2.079834      20.45821
20.5      504.2624      270.3203      55.21319     -2.069803      19.67082
20.6       504.055      270.4903      55.34455     -2.059741      20.13615
20.7       503.849      269.9752      55.51278     -2.049687      19.34274
20.8      503.6448       270.077      55.76255     -2.039606      19.22047
20.9      503.4417      269.9389      55.78529     -2.029528      19.90036
  21      503.2387        270.09      55.77297     -2.019442      19.60328
21.1      503.0369      269.4123      55.54762     -2.009317       19.9991
21.2       502.837       269.523      55.79276     -1.999189       20.0965
21.3      502.6376      269.1755      55.48381     -1.989062      19.34972
21.4      502.4386      269.4784      55.84862     -1.978908      20.09441
21.5      502.2437      269.2774      55.75269     -1.968762      20.05916
21.6      502.0447      269.1285       55.8785     -1.958587      20.28106
21.7        501.85      268.9794      55.77603     -1.948414      19.64699
21.8      501.6562      269.0305      56.04747     -1.938215       20.0777
21.9      501.4621      268.8187      56.04963     -1.927994      19.51885
  22      501.2703      268.5783      55.82086     -1.917779      18.84406
22.1      501.0801      268.8713      55.98965     -1.907565      19.38151
22.2      500.8887      268.2421      55.91995     -1.897316      19.73304
22.3      500.6992      267.7943      55.99863     -1.887054      20.37501
22.4       500.512      267.9434      56.23104     -1.876797      20.24631
22.5      500.3254      267.8859      56.16072     -1.866519      20.16193
22.6      500.1382      267.7559      56.17437     -1.856232      19.61599
22.7      499.9539      267.5017      56.30777     -1.845932      18.91803
22.8      499.7697      267.4293      56.22095     -1.835621      20.59036
22.9      499.5863      267.0027      56.40158     -1.825293      20.91052
  23       499.403      267.1287      56.12712     -1.814964       19.1474
23.1      499.2229      266.9609      56.56268     -1.804621      19.78905
23.2      499.0433      266.6332      56.38734     -1.794271      20.12113
23.3      498.8634       266.697      55.97675       -1.7839      19.89632
23.4      498.6872      266.9026      56.73237     -1.773512      19.63882
23.5      498.5084      266.5115       56.3454      -1.76311      19.92628
23.6      498.3335      266.1605      56.24803     -1.752712      19.29487
23.7      498.1591      266.1357      56.59935     -1.742307      19.59649
23.8      497.9852      265.6682      56.62508      -1.73189       19.8113
23.9      497.8113       265.987      56.61915     -1.721449      20.03779
  24      497.6408      265.4402      56.55118     -1.711008      20.29503
24.1      497.4704      265.4778      56.67156     -1.700555      20.41602
24.2      497.3018      265.5664      56.74012     -1.690097      20.07104
24.3      497.1325      265.3203      56.67651     -1.679607       19.7033
24.4      496.9646      264.8464      56.97228     -1.669126      19.12264
24.5       496.799      264.8913      57.05683     -1.658617      20.03461
24.6       496.633      264.9048      57.06317     -1.648117      20.46854
24.7      496.4694      264.5355      56.94655     -1.637607      20.28127
24.8      496.3053       264.777      56.92508      -1.62708      19.37458
24.9      496.1445      264.4046      56.99932      -1.61653      21.07803
  25      495.9827      264.2436      57.07298     -1.605974      19.25251
25.1       495.822       264.181      57.09251     -1.595413      19.76747
25.2      495.6635       264.011        57.079     -1.584843      20.13224
25.3      495.5049      264.0322      56.65935     -1.574257      19.14797
25.4      495.3486      263.4332      57.16289     -1.563674      20.83709
25.5      495.1927      263.4003      57.15513     -1.553075      19.65882
25.6      495.0378      263.2975      57.19025     -1.542476      19.94458
25.7       494.883      263.0668      57.21183     -1.531842      20.23186
25.8       494.731      262.9669      57.33183     -1.521191      20.11484
25.9       494.579      262.9454      57.22981     -1.510567       20.5011
  26      494.4288      262.5359      57.32884     -1.499919      20.83124
26.1      494.2793      262.7663      57.28307     -1.489274      19.25082
26.2       494.131      262.2882      57.30709     -1.478595      20.31117
26.3      493.9853      262.2631      57.39492     -1.467899      20.22005
26.4      493.8381      262.2045      57.14041     -1.457221      19.76804
26.5      493.6926      261.7068      57.34398     -1.446513      20.22107
26.6      493.5492        261.89      57.47093     -1.435808       19.5084
26.7       493.406      261.5026      57.47867     -1.425085      18.45933
26.8      493.2636      261.4541      57.24298      -1.41437      20.20173
26.9      493.1223      261.0292      57.64957     -1.403633      19.79414
  27      492.9827      261.1861      57.61031     -1.392892      20.06529
27.1      492.8443      261.3325      57.18542     -1.382136      18.63756
27.2      492.7067      260.9602      57.76014     -1.371374      20.53112
27.3      492.5704      260.6537      57.93029     -1.360608      20.17107
27.4      492.4345      260.4405      57.47312     -1.349808      18.22087
27.5      492.3007      260.1043      57.32232     -1.339019      20.38961
