  12      720.8861      260.6463      32.49229     -4.517198      19.19023
12.1       720.433      260.2199      32.29982     -4.512431      19.94428
12.2      719.9834      260.4328      32.21627     -4.507631      19.40661
12.3      719.5335      261.0643      32.25044      -4.50284      18.49107
12.4      719.0821      260.5328      32.42507     -4.498005      20.59213
12.5      718.6325      260.7452      32.45898     -4.493202      20.83449
12.6      718.1841      260.4483      32.39671     -4.488389      19.90741
12.7      717.7346      260.7738      32.58486     -4.483542      20.83773
12.8      717.2875      260.5444      32.86077     -4.478685      20.58978
12.9      716.8388      260.9438      32.45728     -4.473831      20.84175
  13      716.3916      260.4444      32.75823     -4.468974      20.11077
13.1      715.9459       260.747      32.73328     -4.464103      19.64071
13.2      715.4993      261.2453      32.59639     -4.459225      20.52653
13.3      715.0535      260.9298      32.86524     -4.454323      20.71775
13.4      714.6074      261.1806      32.46242     -4.449427      20.11756
13.5      714.1649      261.1182      32.63498     -4.444519      20.56315
13.6      713.7194      261.3618      32.75567     -4.439591      19.78377
13.7      713.2763      261.3301      32.67461     -4.434655      20.41262
13.8      712.8326      261.4484      32.80805     -4.429729      20.16718
13.9      712.3908      261.3877      32.75817     -4.424783      19.63195
  14      711.9484      261.3523      32.47933     -4.419817      19.59357
14.1       711.505      261.2415      32.91166     -4.414857      19.46722
14.2      711.0642      261.5717      33.05988     -4.409878      20.64987
14.3      710.6241       261.473      33.14304     -4.404893      20.35504
14.4      710.1842       261.403      32.94181      -4.39989      19.45221
14.5      709.7439      261.6099      32.94676     -4.394885      19.59999
14.6      709.3051      261.6143       33.0163     -4.389877      20.32023
14.7      708.8667      261.7898      33.06026     -4.384868      19.35214
14.8      708.4285      261.9361      32.70889     -4.379822      20.35123
14.9      707.9897      261.9225      33.29642     -4.374774      20.24109
  15      707.5532      261.9343      33.30993     -4.369728      20.38035
15.1      707.1157      262.1219      32.85275     -4.364662      20.30285
15.2      706.6802      261.9189      33.65586     -4.359601      19.82498
15.3      706.2431      262.1965      33.37927     -4.354519      20.52157
15.4      705.8097      262.2458       33.0517     -4.349424      19.05937
15.5      705.3746      262.4626      33.33865     -4.344325      20.15392
15.6      704.9406      262.1331      33.38084     -4.339232       20.1389
15.7       704.507      262.0863      33.06119     -4.334109      19.69775
15.8      704.0737      262.2746      33.15788     -4.328973      19.33529
15.9      703.6405      262.2313      33.45516     -4.323849      19.47979
  16      703.2094      262.4592      33.21072     -4.318704       20.1901
16.1      702.7763        263.05      33.11552     -4.313555      19.29393
16.2      702.3461      262.5303       33.3193     -4.308391      20.38565
16.3      701.9159      262.6234      33.70401     -4.303204      20.56322
16.4      701.4849      262.4849      33.62894     -4.298033       19.8436
16.5      701.0563      262.7476      33.33827     -4.292839      20.59039
16.6      700.6265      262.5731      33.44887     -4.287629      20.39961
16.7       700.198      262.5524      33.49326     -4.282425      19.23066
16.8      699.7706      262.7101      33.62518       -4.2772       19.5314
16.9      699.3438      262.9743      33.57275     -4.271953      19.90427
  17      698.9157      263.1846      33.88388     -4.266732       19.4958
17.1      698.4888      262.6157      33.84207     -4.261472      19.68592
17.2      698.0638      263.2351      33.58465     -4.256218      20.10693
17.3      697.6389      263.0825      33.88816      -4.25095      20.65213
17.4       697.214      263.1899      33.62334      -4.24566      20.99183
17.5      696.7891      263.0998      34.09751     -4.240378      19.17838
17.6      696.3646      263.0288      33.59122     -4.235069      19.11072
17.7      695.9428      263.5174       33.9059     -4.229775      19.83019
17.8      695.5189      263.1735       33.9589     -4.224437      19.46732
17.9       695.097      263.0322      33.88635     -4.219115       20.6624
  18      694.6758      263.3532      33.91659     -4.213778      20.53559
18.1      694.2544      263.7637      33.83373     -4.208432      19.43789
18.2       693.833      263.6981      34.09809     -4.203078       19.6515
18.3       693.413       263.474      34.00798     -4.197707      20.10078
18.4      692.9942      263.6929      34.08621     -4.192327      20.26016
18.5      692.5759      264.0396      34.21188     -4.186948      19.48978
18.6      692.1563      263.7186      34.28032     -4.181534      19.71743
18.7      691.7389      263.7779      33.98862     -4.176139      20.61814
18.8       691.322      263.8681      34.24982     -4.170717      20.08339
18.9      690.9049        263.87      34.26586     -4.165286      19.51904
  19      690.4882      264.0661      34.22967     -4.159855       20.1843
19.1      690.0739      264.1342      34.25111     -4.154409      20.07064
19.2      689.6575      264.1941      34.47229     -4.148959      20.29922
19.3      689.2424       264.163      34.61082     -4.143482      19.95808
19.4      688.8288      264.4144      34.23542     -4.138008      20.00409
19.5      688.4149       264.102       34.5695     -4.132525      19.49378
19.6      688.0028      264.3756      34.27023     -4.127025      19.68956
19.7      687.5895       264.515      34.53444     -4.121524      19.95534
19.8       687.177      264.3157      34.40958     -4.115997      19.50838
19.9      686.7677      264.8907      34.44013     -4.110478       20.3531
  20      686.3561      264.6152      34.58075     -4.104928      20.11723
20.1      685.9455      264.6293       34.6941      -4.09939      19.55696
20.2      685.5353      264.6861      34.69807     -4.093846      20.77141
20.3      685.1275      264.6061      34.48627     -4.088273      18.83973
20.4      684.7193      264.4988      34.74277      -4.08269      19.61556
20.5      684.3104      265.0995      34.41948       -4.0771      20.08137
20.6      683.9027      265.0907      34.65166     -4.071512       20.1775
20.7      683.4957       264.935      34.48109     -4.065907      20.54483
20.8      683.0902      265.0396      34.75076     -4.060295      20.45991
20.9      682.6844      265.0038      34.69418     -4.054667      20.82492
  21      682.2795       265.191      34.65776     -4.049027      20.80921
21.1      681.8737      265.0533      35.07787     -4.043396      18.87331
21.2      681.4703      265.2787      34.72335     -4.037714      18.91993
21.3      681.0671      265.5278      34.79354     -4.032059      20.04979
21.4      680.6631      265.4566      35.23703       -4.0264      21.09326
21.5      680.2612      265.2056      34.95401     -4.020701      20.18995
21.6      679.8613      265.8078      34.86474     -4.014999      20.17359
21.7      679.4584      265.8631       35.3121     -4.009297      20.04855
21.8       679.058      265.5702      34.92643      -4.00357      19.65727
21.9      678.6585      265.3105      34.78335     -3.997851      19.40749
  22      678.2572        265.75      35.21236     -3.992108      18.14312
22.1      677.8592      265.7837      34.98143     -3.986364      21.28636
22.2      677.4612      265.7992      35.07926     -3.980594      19.93237
22.3      677.0635      266.0026      35.03227     -3.974829      21.33318
22.4      676.6649      266.0355      34.89367     -3.969048      20.33675
22.5      676.2706      266.0992      34.93248     -3.963259      19.39497
22.6      675.8732       266.101      34.95916     -3.957461      19.58924
22.7      675.4783      266.2809      35.20641      -3.95166      20.29927
22.8      675.0831      266.1408      35.20048     -3.945832      20.56054
22.9      674.6887      265.8119      35.01443     -3.940008      19.12759
  23      674.2951      266.1799      35.34906     -3.934163       19.7136
23.1      673.9022       266.383      35.51462     -3.928319      20.55597
23.2      673.5095      266.3886      35.64663     -3.922458      20.60155
23.3      673.1189      266.5054      35.34993     -3.916585      20.05416
23.4      672.7274      266.5941      35.40674     -3.910689      19.89421
23.5      672.3349      266.5925      35.38378     -3.904805      20.83889
23.6      671.9457      267.1383      35.49426     -3.898903      19.20539
23.7      671.5551      266.6443      35.49848     -3.893005       20.2791
23.8      671.1665      267.0397      35.41505     -3.887071      21.24181
23.9      670.7783      266.8332      35.64207     -3.881129      19.54963
  24      670.3905      266.9855      35.77876     -3.875197      20.91503
24.1       670.003       266.785      35.55444     -3.869253      19.58153
24.2      669.6158      266.9944      35.63063     -3.863276      20.71767
24.3      669.2317      266.9026      35.83936     -3.857304      20.09334
24.4      668.8452      267.2185      35.72914     -3.851319      20.20776
24.5      668.4598      266.9651      35.97056     -3.845329      19.69982
24.6      668.0757      267.1584      35.49244     -3.839307      20.50029
24.7      667.6919      267.4729      35.61026     -3.833304      19.23244
24.8      667.3094      267.3338      35.62151     -3.827278       20.0509
24.9      666.9266      267.4824      35.94307     -3.821237      20.16223
  25       666.545       267.282      35.58116     -3.815184      20.38638
25.1      666.1644      267.5834      36.24537     -3.809135      20.41065
25.2      665.7838      267.6493      35.73214     -3.803062         20.16
25.3      665.4029      267.5585      36.44428     -3.796995      19.37847
25.4      665.0238      267.6088      36.02929     -3.790897      20.30547
25.5      664.6452      267.7435      35.60668     -3.784794      19.83699
25.6      664.2664      267.8163      36.18023     -3.778681      19.97423
25.7      663.8896      268.1085      36.09382     -3.772571      20.84388
25.8      663.5122      267.8115      35.84408     -3.766439      18.73148
25.9      663.1353      267.7798      36.20509     -3.760298      19.66907
  26      662.7604      268.1885       36.2911     -3.754143      20.93169
26.1      662.3854      268.0508      36.11916     -3.747982      19.73224
26.2      662.0106      268.0516      36.25417     -3.741804      19.99456
26.3      661.6364      268.4172      36.44372     -3.735618      20.90347
26.4      661.2642      268.4572      36.07348     -3.729427      20.51251
26.5       660.891      268.5899      36.40274     -3.723227      19.99432
26.6      660.5194      268.5346      36.40924     -3.717006      20.73884
26.7      660.1476      268.4022      36.28168     -3.710775      20.41849
26.8      659.7779      268.3036      36.50341     -3.704542      20.53528
26.9      659.4058      269.0929      36.27248     -3.698297      20.10422
  27      659.0368      268.6622      36.65086     -3.692043      19.75421
27.1      658.6681      268.8455      36.42934     -3.685769      19.15686
27.2      658.2996      268.9953      36.45991     -3.679495      20.75124
27.3      657.9325       268.997      36.58303     -3.673188      20.57255
27.4      657.5646      269.2666       36.6806     -3.666905      19.58958
27.5      657.1988      269.2748      36.47233     -3.660602      20.26381
27.6      656.8336      269.4202      36.96594     -3.654264      20.42232
27.7      656.4688      269.5066      36.80618     -3.647939      20.84607
27.8      656.1034      269.3287      36.97676     -3.641596      20.44238
27.9      655.7395      269.1656      36.62045      -3.63524      19.82387
  28      655.3767      269.0314      36.65937     -3.628878      19.29144
28.1      655.0153      269.4642      36.65642       -3.6225      21.10882
28.2      654.6525      269.3827      36.34602     -3.616126      20.23173
28.3      654.2904      269.6036       36.9078     -3.609729       21.3004
28.4      653.9307      269.6898      36.81185     -3.603322      20.76351
28.5      653.5704      269.2081      36.77091     -3.596903      20.51085
28.6      653.2104      269.8357      36.77682     -3.590478      20.16832
28.7      652.8524      269.8395      36.60867     -3.584036      20.34156
28.8      652.4948      269.7478      36.66859     -3.577593      20.21363
28.9      652.1366      270.1927      36.90089     -3.571134      20.86913
  29      651.7806      269.9383       37.0954     -3.564662      19.86233
29.1      651.4227      270.2904      36.95531     -3.558179      19.95173
29.2      651.0679      270.1678      37.14414     -3.551685      20.07249
29.3       650.713      270.1732      37.27492     -3.545197      20.58891
29.4      650.3598      270.0061      37.09879     -3.538669      20.04555
29.5      650.0053        270.38      37.40284     -3.532144      19.16013
29.6       649.652       270.551      37.25703     -3.525612      19.99153
29.7      649.3015      270.3621      37.14551     -3.519073       19.2222
29.8      648.9482      270.5429      36.89491     -3.512517      20.16187
29.9      648.5984      270.6211      37.33786     -3.505954      19.17214
  30      648.2466      270.6644      37.17994     -3.499373      19.88353
30.1      647.8985      270.7812      37.40328     -3.492789      20.19514
30.2      647.5492      270.4996      37.48327     -3.486191      19.86481
30.3      647.2008      271.0078      37.39207      -3.47958      20.25067
30.4      646.8525       271.033      37.57452     -3.472957      20.76589
30.5       646.506      270.8986      37.45296     -3.466334      19.94094
30.6      646.1601      271.1513      37.73577     -3.459684      20.28428
30.7      645.8148      271.0831      37.27302     -3.453042      20.94825
30.8      645.4689      271.0118      37.53156      -3.44637      19.94124
30.9      645.1254      271.1174      37.44556     -3.439711      19.36397
  31      644.7803      271.3031      37.13053     -3.433017      19.95214
31.1      644.4382      271.3889      37.44413     -3.426314      19.37133
31.2      644.0962      271.6419      37.51111     -3.419619      20.54921
31.3      643.7548      271.2139      37.59843     -3.412892       19.9141
31.4      643.4136      271.6861      37.84009     -3.406169      20.70756
31.5      643.0744      271.7318      37.72943     -3.399439      19.60836
31.6      642.7347      271.8826      37.81998     -3.392683      19.01657
31.7      642.3942      271.8291      37.96656      -3.38592      20.11361
31.8      642.0565      272.0132      38.01869     -3.379153      19.61765
31.9      641.7193      272.2421      37.78019     -3.372373       20.7371
  32      641.3822      272.4515      37.81961     -3.365591      20.00328
32.1      641.0456      271.9852      37.70645     -3.358779      20.77977
32.2      640.7101      272.5407      37.84767     -3.351974      19.53418
32.3      640.3749      272.4359      37.99848     -3.345154      19.58768
32.4      640.0412      272.4798      37.95939      -3.33831      19.28598
32.5      639.7073      272.7258      38.05577     -3.331482      19.44547
32.6      639.3742      272.6872      37.95872     -3.324606      20.47345
32.7      639.0427      272.6328      38.10904     -3.317738      20.51082
32.8      638.7107      272.1067      38.09963     -3.310878      19.21075
32.9        638.38      273.0147      38.37465     -3.303979      20.43264
  33      638.0512      272.8414      38.24776     -3.297076      20.68869
33.1      637.7207      272.5231      38.26751     -3.290169      20.33378
33.2      637.3922       272.816      38.17035     -3.283245      19.29874
33.3      637.0648      273.1177      38.06467     -3.276313      20.38049
33.4      636.7375      273.1437      38.54248     -3.269379      19.83417
33.5      636.4108      273.1587      38.11621     -3.262419      20.30756
33.6       636.084      273.3158      38.37473      -3.25546       18.9776
33.7      635.7603      273.2503       38.5314     -3.248489      20.99273
33.8       635.436      273.2875      38.31457     -3.241496      18.75297
33.9      635.1119      273.4273       38.2427     -3.234508      20.37179
  34      634.7882      273.1148      38.47363     -3.227499      20.03901
34.1      634.4655      273.4417      38.23318     -3.220479      19.66755
34.2      634.1445      273.7495      38.48726      -3.21346      21.07705
34.3       633.823      273.5293      38.12242     -3.206414      20.30487
34.4      633.5044      273.8154      38.38116     -3.199369       20.2796
34.5      633.1825      273.9142      38.62945      -3.19231      19.78978
34.6      632.8647       273.871      38.44328     -3.185265      19.30581
34.7      632.5458      273.8721      38.59322     -3.178157      20.23944
34.8      632.2295      273.9826      38.42822     -3.171065      19.50036
34.9      631.9126      273.8586       38.3472      -3.16395      19.84361
  35      631.5958       274.415      38.49981      -3.15686      20.75359
35.1       631.282      274.2867      38.76843     -3.149733      20.40683
35.2      630.9662      274.2198      38.78889     -3.142588       19.8063
35.3       630.652      274.3184      38.99628     -3.135435      19.23252
35.4      630.3371       274.475      38.48344     -3.128281      19.85532
35.5      630.0262      274.6793      38.78058     -3.121117      19.76847
35.6      629.7147      274.9147      39.00252      -3.11395      20.73594
35.7      629.4033      274.6238      38.57007      -3.10676      20.92898
35.8      629.0926      274.9342        38.828     -3.099562      20.68209
35.9      628.7836      274.8071      38.65595     -3.092352      19.94194
  36      628.4746      274.8556      38.73041     -3.085127      19.63805
36.1      628.1667      274.9471      38.73904       -3.0779      20.34529
36.2      627.8591      275.2467      39.15699     -3.070645      18.97441
36.3      627.5534      275.4103      39.32535     -3.063397      19.79456
36.4      627.2458      275.1392      39.06209     -3.056131      19.31614
36.5      626.9424      275.4353      39.30328     -3.048866      20.13136
36.6      626.6374      275.4932      39.00762     -3.041575      20.04295
36.7      626.3331      275.2874      39.08443     -3.034283      19.16317
36.8      626.0293      275.3677      39.16137     -3.026984      19.76436
36.9      625.7273       275.528      39.50385     -3.019655      19.07389
  37      625.4259       275.461      39.23336     -3.012334      20.15332
37.1      625.1252      275.6981      38.99716     -3.004996      18.32102
37.2      624.8251      275.8925      39.02821     -2.997643      19.52769
37.3      624.5259      275.8656      39.05493     -2.990288      20.00944
37.4       624.227      276.3945       39.3306     -2.982919      19.84464
37.5      623.9293      276.2064      39.21345     -2.975547      19.63469
37.6       623.632      276.4871      39.32962     -2.968145      19.11258
37.7      623.3348      276.2712      39.11881     -2.960748      19.82952
37.8      623.0385      276.1108      39.40788     -2.953331      19.48631
37.9      622.7448      276.4328      39.22769     -2.945914      20.77155
  38      622.4517       276.243      39.62474     -2.938478       20.3526
38.1      622.1564      276.3356      39.52278     -2.931027      19.50444
38.2      621.8635       276.479      39.61828     -2.923574      20.59095
38.3      621.5729      276.7589      39.44408     -2.916113       20.0747
38.4      621.2805      276.8545      39.72343     -2.908634      20.54358
38.5      620.9911      276.8403      39.10194     -2.901148      20.25586
38.6      620.7014      277.0514       39.4996     -2.893661       20.4117
38.7      620.4116      277.1322      39.52194     -2.886149      19.78747
38.8      620.1255      276.9743      39.80636     -2.878627      20.64212
38.9      619.8355      277.0655      39.74047     -2.871114      20.41558
  39       619.551      277.6364      39.67525     -2.863568      19.68981
39.1      619.2637      277.5643      39.59345     -2.856021      19.58742
39.2      618.9787      277.4559      39.74312     -2.848459      19.39294
39.3      618.6939      277.7946      39.67416     -2.840887      20.69465
39.4      618.4094      277.7154      40.06898     -2.833302      19.45983
39.5       618.128      277.7077      40.33757     -2.825718      20.39007
39.6      617.8452      277.7465       39.6457     -2.818111       19.7446
39.7       617.564      277.6515      39.97481     -2.810505      20.20831
39.8      617.2828      278.0626      39.96372     -2.802875      20.09945
39.9      617.0029      277.8357      39.80559     -2.795246      19.74611
  40      616.7245      278.0318       39.9626     -2.787613      19.39587
40.1      616.4445      278.2239      39.82199     -2.779951      20.94376
40.2      616.1674      277.9988      39.94209     -2.772293      19.61421
40.3      615.8903      278.0986      39.86096     -2.764621      19.57834
40.4      615.6155      278.2691      40.25065     -2.756928      18.78256
40.5      615.3397      278.5264       39.9986     -2.749225      20.50073
40.6      615.0651      278.6367      39.86869     -2.741525      20.63934
40.7      614.7919      278.7937      40.22302     -2.733808      20.69828
40.8      614.5191      278.4896      40.21308     -2.726079      20.73848
40.9      614.2463      278.8719       40.0386     -2.718341      19.44782
  41      613.9749      278.7504      39.97896      -2.71061      19.82148
41.1      613.7038      279.3501      40.19075     -2.702846      19.27621
41.2      613.4335       279.289      40.15629     -2.695074      18.54238
41.3      613.1655      279.2429      40.04107     -2.687308      20.77436
41.4      612.8961      279.2202      40.29134     -2.679513      20.21973
41.5      612.6294      279.2446      40.25295     -2.671716      19.58978
41.6      612.3626      279.0856      40.43937     -2.663907      18.84725
41.7      612.0962      279.3082      40.20241     -2.656088      21.09661
41.8      611.8315      279.3633      40.38684     -2.648256      20.00418
41.9      611.5663      279.3418      40.24814     -2.640415      19.93367
  42       611.302       279.728      40.22893     -2.632579        19.171
42.1      611.0401      280.0831       40.4323     -2.624708      19.87348
42.2      610.7774      279.6931       40.4532     -2.616847      20.49038
42.3      610.5169      279.9697      40.73306     -2.608961      21.33185
42.4       610.256      280.1196      40.54196     -2.601076      20.17498
42.5      609.9966      279.9048      40.71374     -2.593166      20.06122
42.6       609.738      280.0168      40.53525     -2.585257       19.3502
42.7      609.4794      280.3947      40.57102     -2.577335      20.12461
42.8      609.2232      280.0572      40.37703     -2.569414      19.94586
42.9      608.9665      280.3941      40.57135     -2.561465      20.24131
  43      608.7096      280.3317      40.50903     -2.553519      19.75863
43.1      608.4548      280.4079      40.68249     -2.545563      20.43052
43.2      608.2006      280.6285      40.95318      -2.53759      21.15152
43.3       607.948       280.628      40.74861      -2.52961      20.49446
43.4      607.6954      281.0653      40.54543     -2.521619      19.66754
43.5      607.4432      280.7709       40.5814     -2.513618      19.79973
43.6      607.1928      281.0866      40.58182     -2.505609      20.70924
43.7      606.9424       281.056      40.35817     -2.497589      20.08554
43.8       606.692      281.2098      41.04949     -2.489557      20.39279
43.9      606.4441      281.1793      40.58987     -2.481515      19.82067
  44      606.1963      281.5579      40.76723     -2.473456      20.37509
44.1      605.9492      281.6953      40.89971      -2.46541       21.0466
44.2      605.7034      281.8785      40.91931     -2.457333      20.64212
44.3      605.4574       281.733      40.86039     -2.449259      20.66602
44.4      605.2127      281.8604      41.14281     -2.441166      20.59915
44.5      604.9689      281.9001      40.95496     -2.433061      20.91263
44.6      604.7268      281.9703      41.27691     -2.424946      19.04762
44.7      604.4838      282.2509      40.99465     -2.416832      19.84497
44.8      604.2428      282.0568      41.35877     -2.408702      20.29178
44.9      604.0031      282.0569       40.7173     -2.400563      19.46712
  45      603.7642      282.2417      41.50509      -2.39244      19.39959
45.1      603.5226      282.4097      41.26418     -2.384268      19.20999
45.2      603.2861       282.468      41.34675     -2.376088      18.86233
45.3      603.0484      282.3601      41.29265     -2.367916      20.70331
45.4      602.8126       282.515      41.28223     -2.359731      19.93376
45.5      602.5783      282.6421      40.86018     -2.351528      19.56249
45.6      602.3427      282.6818       41.2275     -2.343313      20.62786
45.7      602.1094      283.2831      41.19625     -2.335102      20.88666
45.8      601.8755      282.8121      41.01419     -2.326895      20.79246
45.9      601.6425      283.1586      41.26114     -2.318656      20.44855
  46       601.413      283.3312      41.32819     -2.310406      20.22936
46.1      601.1812      283.1703      41.44448     -2.302155      20.14806
46.2      600.9509      283.2316      41.42857     -2.293889      19.70832
46.3       600.723      283.0333      41.37582     -2.285609      19.29554
46.4      600.4939      283.4091      41.54009     -2.277324      19.58181
46.5       600.266      283.6497      41.44407     -2.269029        19.014
46.6      600.0408      283.6791      41.26911     -2.260727      18.72273
46.7      599.8147      283.8554       41.5526     -2.252429      20.01942
46.8      599.5896      284.2682      41.51704     -2.244107      20.10023
46.9      599.3661      284.0639      41.69357     -2.235778      21.20469
  47      599.1432       284.173      41.38754     -2.227434      20.67656
47.1      598.9203      284.0947      41.55055     -2.219081       19.5292
47.2      598.6987      284.1537      41.98728     -2.210735      19.05959
47.3      598.4783      283.8843       41.7474     -2.202357      20.42563
47.4      598.2585      283.8278      41.54627     -2.193994      19.40026
47.5      598.0397      284.4219      41.61045     -2.185594      19.94157
47.6      597.8214      284.8597      41.38039      -2.17719      19.83385
47.7      597.6041      284.6678      41.38573     -2.168793      19.35557
47.8      597.3882      284.7893      41.93417     -2.160393      19.44248
47.9      597.1717      284.6175      41.72189     -2.151962      19.83144
  48       596.957      285.4872      41.60832     -2.143529       19.8418
48.1      596.7431      284.9719       41.6295     -2.135091      20.47528
48.2        596.53      285.1392       41.8477     -2.126644      19.25839
48.3      596.3181      285.1945      41.82499     -2.118182      19.80149
48.4      596.1069      285.1647       41.5752     -2.109706       19.4604
48.5      595.8969      284.9698      41.78387     -2.101234      19.53486
48.6      595.6873      285.9561      41.93234     -2.092746      20.13013
48.7      595.4773      285.5552      41.78839     -2.084258      20.60998
48.8      595.2691      285.5021      42.00488     -2.075747      19.63855
