   10      1250.7507      270.12985      29.098131     -5.9233831      19.761784
 10.1      1250.1596      269.86651      28.794747     -5.9221745       20.24167
 10.2      1249.5664      269.84356      28.818497     -5.9209611      19.843957
 10.3      1248.9752      270.07742       28.87933     -5.9197398      20.119711
 10.4      1248.3827       270.1228      29.199316     -5.9185197      20.495915
 10.5      1247.7914      269.90813      29.319816     -5.9173027      19.955822
 10.6      1247.1996      269.98304      29.093192       -5.91608      20.509284
 10.7      1246.6075      270.05395      29.091255     -5.9148481      19.766817
 10.8      1246.0168      270.33732      29.170244     -5.9136243      20.092902
 10.9      1245.4256      270.20615      29.110939     -5.9123972      20.061941
   11      1244.8337      269.68805       29.34414     -5.9111651      19.717101
 11.1      1244.2437      270.23343      29.153801     -5.9099427      20.351172
 11.2       1243.652      270.14426      29.386137     -5.9087188      19.838831
 11.3      1243.0611      269.79185      29.543584      -5.907474      20.275572
 11.4      1242.4706      269.83395      29.404902     -5.9062371      21.312605
 11.5      1241.8804      269.93445      29.448113     -5.9049995      20.820646
 11.6      1241.2886      270.39162      29.568898     -5.9037568      19.526366
 11.7      1240.6984      270.13809      29.523947     -5.9025079      20.102838
 11.8      1240.1091      269.89793      29.317477     -5.9012739      20.372904
 11.9      1239.5194       270.1831      29.285154     -5.9000297       20.54072
   12      1238.9306      270.00351      29.676234     -5.8987727      20.422986
 12.1      1238.3395      269.86443      29.302874     -5.8975317      19.294813
 12.2      1237.7503      270.12813      29.299495     -5.8962675      20.135203
 12.3      1237.1604      269.70114      29.376377     -5.8950242      19.968034
 12.4      1236.5703      269.98255      29.697668     -5.8937834      18.713089
 12.5      1235.9817        270.035      29.426955     -5.8925061      19.472192
 12.6      1235.3916      270.14523       29.45768     -5.8912599      19.591636
 12.7       1234.803      270.05396      29.422736     -5.8899892      19.926878
 12.8      1234.2138      269.91048      29.532924      -5.888729      20.463168
 12.9      1233.6253      270.12352      29.648768     -5.8874671      20.592206
   13      1233.0368      270.31668      29.757469     -5.8862154       19.91118
 13.1      1232.4476      270.15632      29.721943     -5.8849298      20.637151
 13.2      1231.8597      269.89492      29.789361     -5.8836528      20.155338
 13.3      1231.2709       270.0022       29.65197     -5.8823889       19.53774
 13.4      1230.6826      269.87013      29.819481     -5.8811019      20.926711
 13.5      1230.0948      269.99871      29.624192     -5.8798362      19.857681
 13.6       1229.507       269.8813      29.514502     -5.8785617      20.101249
 13.7      1228.9198      269.79579      30.469268     -5.8772855      19.716884
 13.8      1228.3314      270.30314      29.781346      -5.875995      20.103294
 13.9      1227.7452      270.12159      29.987765     -5.8747152      19.678987
   14      1227.1562      270.18929      30.267188     -5.8734345      19.899888
 14.1      1226.5704      270.22448      29.708478     -5.8721393      19.475982
 14.2      1225.9824      269.94245      29.855058     -5.8708374      20.249104
 14.3      1225.3958      269.67717      30.083909     -5.8695568      20.078156
 14.4      1224.8076      270.15131      30.054671     -5.8682662      20.137694
 14.5      1224.2225      269.81533      30.003974      -5.866979      20.139319
 14.6      1223.6345      269.83534      29.965214     -5.8656761      20.728032
 14.7      1223.0478      270.00084      29.670678     -5.8643803      21.016328
 14.8      1222.4624      269.99323      29.689742     -5.8630833       19.67398
 14.9      1221.8755      270.16133      29.895861     -5.8617697       20.66338
   15       1221.289      270.41773      29.960275     -5.8604712      19.776126
 15.1       1220.704      269.90291      29.778703     -5.8591631      19.828036
 15.2       1220.118      270.08513      29.893205     -5.8578518      20.736201
 15.3      1219.5324       269.7792      30.187614     -5.8565399      19.403579
 15.4      1218.9471      270.26121      30.271195     -5.8552342      20.520398
 15.5      1218.3609      269.99687      30.397162     -5.8539185      19.745517
 15.6      1217.7768      269.77337      30.017864      -5.852596      19.989638
 15.7      1217.1902      269.56798      30.146166     -5.8512946      19.856651
 15.8      1216.6055      269.84968      30.120972     -5.8499639        20.4053
 15.9      1216.0206      270.09883      30.203601      -5.848627      20.156038
   16      1215.4354      269.89467      30.412996     -5.8473251       20.63219
 16.1      1214.8509      270.21544      29.942989     -5.8459811      19.340108
 16.2      1214.2666       270.2011      30.495403     -5.8446537      19.760866
 16.3      1213.6818      269.75198      30.253783     -5.8433225      19.677271
 16.4      1213.0983      270.03529      30.637829     -5.8419903      19.862324
 16.5       1212.515      270.06922      30.321309     -5.8406675      20.120175
 16.6      1211.9295      269.79657      30.419605     -5.8393329       20.73066
 16.7      1211.3458      269.94009      30.491057     -5.8379829      19.091931
 16.8      1210.7621      270.13219      30.717631     -5.8366445      19.024045
 16.9      1210.1773      270.16487      30.307155     -5.8352961      19.148096
   17      1209.5944      270.06608      30.395196     -5.8339627      20.175992
 17.1      1209.0122      270.06383      30.234046     -5.8326134      20.384203
 17.2      1208.4288      270.09576       30.40708     -5.8312642      19.928092
 17.3      1207.8448      270.21164      30.575447     -5.8299264      18.857079
 17.4      1207.2631      270.34565      30.792967     -5.8285616      20.227365
 17.5      1206.6805      269.70088      30.572638      -5.827208        20.6037
 17.6      1206.0969      269.85114       30.84331      -5.825851      20.603288
 17.7      1205.5143      270.18446       30.84639      -5.824493      19.917684
 17.8      1204.9324      269.84724      30.222943     -5.8231469      19.997794
 17.9      1204.3507      269.98608      30.880758     -5.8217835      20.076165
   18      1203.7678      270.06377      30.666513     -5.8204123      20.783377
 18.1       1203.186       269.8877       30.77325      -5.819049      19.086088
 18.2      1202.6044      270.14713      31.016142     -5.8176672      19.574772
 18.3      1202.0223      270.23608      31.068571     -5.8163003      19.283471
 18.4      1201.4406      270.07501      30.939795     -5.8149352      20.055045
 18.5      1200.8592      270.03544      31.040315     -5.8135599      19.230314
 18.6      1200.2786      270.07774      30.671444     -5.8121869      20.415647
 18.7      1199.6969      270.28995      30.794273     -5.8107868      19.646824
 18.8       1199.116      270.11153      30.932984     -5.8094166       20.64015
 18.9      1198.5348      270.17275      30.879693     -5.8080416      20.177619
   19      1197.9549      270.07467      30.950381     -5.8066487      19.033096
 19.1      1197.3737      269.72172      30.689127     -5.8052623      20.498245
 19.2       1196.794      269.78515      31.204982     -5.8038757      19.987521
 19.3      1196.2129      269.67349      30.816643     -5.8024889      19.837316
 19.4      1195.6332      270.42879      30.565634     -5.8010921      19.431959
 19.5      1195.0524      269.95705      31.163801     -5.7996973      20.399599
 19.6      1194.4728       269.7383      31.307039     -5.7983013      19.615768
 19.7      1193.8932      270.18216      31.167971     -5.7968983      20.858891
 19.8      1193.3134        270.075      31.332796     -5.7954915      20.099812
 19.9      1192.7338      270.01273      31.347296     -5.7940939       20.22926
   20      1192.1546      270.09238      31.350163     -5.7926884       20.04529
 20.1       1191.576      269.76377      31.535852     -5.7912701       19.26478
 20.2      1190.9976      270.11351      31.267508     -5.7898598      19.878915
 20.3      1190.4188      269.70743      31.070502     -5.7884602      19.501547
 20.4      1189.8381      270.15865      31.437656     -5.7870384      20.638747
 20.5      1189.2601      269.60165      31.464524     -5.7856213      20.542808
 20.6      1188.6827      270.02933      31.473027     -5.7841946        18.9743
 20.7      1188.1034      269.92908      31.222329     -5.7827872      19.513267
 20.8      1187.5249      269.83353      31.178714     -5.7813576      20.311041
 20.9      1186.9458      270.08153      31.267814     -5.7799393      19.065613
   21      1186.3692      270.05364      31.223251     -5.7785051      19.838069
 21.1      1185.7918      269.77656      31.406586     -5.7770667      19.612145
 21.2      1185.2138      269.94432      31.522022      -5.775655       20.45207
 21.3      1184.6365      270.04509      31.788709     -5.7742053       19.56625
 21.4      1184.0599      270.11831      31.631502     -5.7727712      19.801964
 21.5      1183.4814      270.00215      31.828056     -5.7713284      19.747021
 21.6      1182.9052      270.37537      31.487958     -5.7699068      19.944173
 21.7       1182.328      269.70465      31.777771       -5.76845      19.672685
 21.8      1181.7505      269.97786      31.563357     -5.7670147      19.991835
 21.9      1181.1733      270.47195       31.47876     -5.7655684      19.266185
   22      1180.5975      270.12378      31.772595     -5.7641224      20.655393
 22.1      1180.0211      269.99605      31.643612     -5.7626659      20.078798
 22.2      1179.4448      269.85149       32.00225     -5.7612126      19.793514
 22.3      1178.8687      269.99044      32.032539     -5.7597499      19.887743
 22.4      1178.2931      270.13462      31.714117     -5.7583025      20.666387
 22.5       1177.717      269.79718      31.945427     -5.7568384      21.033359
 22.6      1177.1423      269.85866      31.628284     -5.7553665      19.326919
 22.7      1176.5664      269.77726      32.088318     -5.7539157      19.692211
 22.8      1175.9918      270.09701      31.758683     -5.7524473      20.662899
 22.9      1175.4164      270.22921      32.019254     -5.7509637      19.545507
   23      1174.8402      269.92619       31.63914     -5.7494982      20.582454
 23.1      1174.2673      270.31228      31.920683     -5.7480214      19.718612
 23.2      1173.6909      269.92536      32.258583     -5.7465562      19.683509
 23.3      1173.1169      269.78893      32.055468     -5.7450669      18.631507
 23.4      1172.5427      269.83178       32.15098     -5.7435905      21.047484
 23.5      1171.9693      270.05499      32.017863     -5.7421107      20.944744
 23.6      1171.3943      270.13815      32.425601     -5.7406173      19.731244
 23.7      1170.8198      270.16151      32.193593       -5.73914      20.568646
 23.8      1170.2468      270.00156      32.018028     -5.7376451      20.264949
 23.9      1169.6736      270.09763       32.62264     -5.7361617       19.21159
   24      1169.0993      270.28128      32.402151     -5.7346664      20.078539
 24.1      1168.5253       269.9959      32.342842     -5.7331742      18.822325
 24.2      1167.9532      270.66279      32.139121     -5.7316677      20.025142
 24.3      1167.3799      270.04685      32.356468     -5.7301675      19.733082
 24.4      1166.8063      269.95977      32.328249      -5.728666      19.450284
 24.5      1166.2328      270.06658      32.224773     -5.7271586      20.746505
 24.6      1165.6604      269.96235      32.584798      -5.725659      20.578185
 24.7      1165.0887      270.13488      32.732235     -5.7241471      19.186504
 24.8      1164.5151      269.56994      31.998286     -5.7226379      19.641769
 24.9       1163.944      270.47082      32.191338     -5.7211244      20.358348
   25      1163.3719      269.97643      32.542511     -5.7196147      19.786232
 25.1      1162.8004      270.09571      32.568415     -5.7180785      20.499248
 25.2      1162.2278      270.31663      32.323561     -5.7165715      19.371454
 25.3      1161.6563      270.00056      32.360161     -5.7150428      19.565836
 25.4      1161.0842      269.69247      32.642518     -5.7135319      20.130559
 25.5      1160.5144      270.13589      32.349151     -5.7119902      19.381418
 25.6       1159.943      270.29977      32.751306     -5.7104669      20.542526
 25.7      1159.3726      270.15755      32.238883       -5.70893      19.710259
 25.8      1158.8002      270.33357      32.555535      -5.707385       19.23464
 25.9      1158.2305      269.77049       32.38877     -5.7058482      19.605582
   26      1157.6595      270.19278      32.666769     -5.7043062      19.923814
 26.1      1157.0895      269.97334      32.415971     -5.7027766      20.657249
 26.2      1156.5194      269.93494      32.519016       -5.70123      19.730511
 26.3      1155.9481      270.09883      32.462004      -5.699688      19.634416
 26.4       1155.379      270.07165      32.491797      -5.698133      20.370369
 26.5      1154.8091      269.66073      32.779041     -5.6965859      17.831305
 26.6      1154.2399      269.76407      32.473683     -5.6950345      19.402373
 26.7      1153.6706      270.21375      33.048545     -5.6934652      19.949643
 26.8      1153.1012      270.04776      32.727806      -5.691916      20.924797
 26.9      1152.5317      269.85177      33.001942     -5.6903479      20.836552
   27      1151.9627      270.05566      32.645779     -5.6887889      20.517248
 27.1      1151.3937      270.48098      32.910982     -5.6872242      20.597664
 27.2      1150.8274      269.97312      33.099139     -5.6856587      18.987821
 27.3      1150.2575      269.86318      32.917051     -5.6840922      19.711781
 27.4      1149.6889      269.95292      32.954567     -5.6825088      20.139818
 27.5      1149.1211      270.12784      32.984147     -5.6809423      19.996385
 27.6      1148.5524      269.92556      32.912721     -5.6793648      19.337654
 27.7      1147.9836      269.91072      33.125089     -5.6777924      20.483376
 27.8      1147.4172      270.22757      33.129484     -5.6761905      19.580758
 27.9      1146.8496      269.95132      33.179314     -5.6746168      20.591681
   28      1146.2827      270.11463      33.006415     -5.6730322      19.854876
 28.1      1145.7153      269.85323      32.852465     -5.6714365      19.566547
 28.2      1145.1481      270.22492      32.920008     -5.6698545      20.749845
 28.3      1144.5803      270.20328      32.944784     -5.6682574      19.573117
 28.4      1144.0135      269.91184      33.084158     -5.6666427      19.945431
 28.5      1143.4476      269.90141      33.111417     -5.6650537      19.241053
 28.6      1142.8811      270.33293      33.266734     -5.6634592      20.116196
 28.7      1142.3161      269.95115      33.558766     -5.6618571      19.950303
 28.8      1141.7487      269.77695      33.303348     -5.6602453      20.012054
 28.9      1141.1817      270.06962       33.18773     -5.6586392      19.516129
   29      1140.6176      269.91323      33.087217     -5.6570177      19.939852
 29.1      1140.0514      270.14703      33.423861     -5.6554068      21.300027
 29.2      1139.4859      269.97247      33.223422     -5.6537925      19.696782
 29.3       1138.921      270.16014      33.349276     -5.6521614      19.581997
 29.4      1138.3563      269.85057      33.465847     -5.6505522      20.303328
 29.5      1137.7908      269.97643      33.421596     -5.6489319      19.810001
 29.6      1137.2262      270.07081      33.461453      -5.647302      20.322202
 29.7      1136.6609      270.02299      33.707428      -5.645671      19.723451
 29.8      1136.0968      270.08361      33.927197     -5.6440373      20.262881
 29.9      1135.5322       270.0374       33.50537     -5.6423954      19.047062
   30      1134.9681      269.90431      33.766623     -5.6407641      20.773238
 30.1      1134.4036      269.93544      33.971581     -5.6391364      19.858654
 30.2      1133.8403      270.03924      33.660585     -5.6374867      20.416789
 30.3      1133.2768      269.72997      33.621367     -5.6358489      20.072097
 30.4      1132.7136      270.04812      33.676229     -5.6341915      19.810285
 30.5      1132.1506      269.94464      33.713284     -5.6325538      21.318665
 30.6      1131.5868      269.98835      33.698654     -5.6309013      20.906562
 30.7      1131.0232      269.98849      33.762753     -5.6292539      19.615631
 30.8      1130.4608      270.16501      33.658003     -5.6275875      19.479375
 30.9      1129.8981      269.97757      33.469005     -5.6259331      19.866525
   31      1129.3362      270.01084      33.627832     -5.6242602      19.633112
 31.1      1128.7738       269.7429      34.027345     -5.6225959      20.785901
 31.2      1128.2115      270.30072      34.009062     -5.6209285      20.658768
 31.3      1127.6497      269.77432      33.546331     -5.6192744      20.258063
 31.4      1127.0882      270.04576      33.785808     -5.6175925      19.725236
 31.5      1126.5267      269.74042        33.8908     -5.6159303      19.603107
 31.6      1125.9653      269.96164      33.717888     -5.6142319      19.928691
 31.7      1125.4028        270.146       33.86518     -5.6125577      20.473218
 31.8      1124.8414      270.14209      33.881442     -5.6108792      20.740647
 31.9      1124.2808      270.10902      34.234596     -5.6091929      20.903658
   32      1123.7195       270.1008      34.066433     -5.6075052      19.082582
 32.1      1123.1584      270.11327      33.997048     -5.6058167      20.706612
 32.2      1122.5988      269.96729      34.204611     -5.6041239      19.591809
 32.3      1122.0389      269.82352      34.085163     -5.6024418      19.946704
 32.4      1121.4784      269.91367      34.444009     -5.6007418      19.841385
 32.5       1120.918      269.93306      34.161469     -5.5990361      19.319226
 32.6      1120.3573      270.07231      34.356367     -5.5973412      20.040301
 32.7      1119.7994       270.0735      34.374436     -5.5956316      19.185785
 32.8      1119.2394      269.95428      34.099039     -5.5939123       20.41886
 32.9      1118.6803      270.38449      34.166616     -5.5922104      19.262165
   33      1118.1209      269.96011      34.556961     -5.5904798      21.206048
 33.1      1117.5608      269.73577      34.692558     -5.5887828      20.251909
 33.2      1117.0043      270.01905      34.018653     -5.5870594      19.945803
 33.3      1116.4445       269.8696       34.51526     -5.5853336      19.888339
 33.4      1115.8858      269.94396      34.556013      -5.583621      19.304432
 33.5      1115.3277      270.41288      34.639929     -5.5818929      20.051832
 33.6      1114.7687      270.17033      34.429989     -5.5801477      20.108685
 33.7      1114.2121       270.0207      34.183089     -5.5784242      21.500666
 33.8      1113.6543      269.73208      34.654318      -5.576687      20.764296
 33.9      1113.0969      270.09991      34.885828     -5.5749462      19.815109
   34      1112.5383      270.27001      34.371877     -5.5732133      20.137426
 34.1      1111.9812      270.08956      34.573541     -5.5714662      20.693225
 34.2      1111.4246       269.6714      34.868512     -5.5697165      19.375108
 34.3      1110.8669      269.95076      34.828174     -5.5679781      19.703569
 34.4      1110.3105      269.97679      34.668699     -5.5662257      19.450871
 34.5      1109.7551      270.00888      34.960065     -5.5644731      18.868915
 34.6      1109.1985      269.94485      35.000093     -5.5627151      20.333479
 34.7       1108.643      269.78076      34.870821     -5.5609627      20.234406
 34.8      1108.0863        269.903      34.939969     -5.5591876      19.115901
 34.9      1107.5303      269.87326      34.874066     -5.5574317      20.703576
   35      1106.9738      269.95021      34.822301     -5.5556608      20.132643
 35.1      1106.4188      270.14024      34.978661     -5.5538971      20.527513
 35.2      1105.8638      270.04219      35.123717     -5.5521209      19.905577
 35.3      1105.3085      270.24568      34.989982     -5.5503569      18.493072
 35.4       1104.753      269.63983      35.067658     -5.5485788      19.067433
 35.5      1104.1997      270.17998      34.863084     -5.5467867      19.534316
 35.6      1103.6443      269.69984      35.040242     -5.5450013      19.683437
 35.7      1103.0907      270.14534      35.138877     -5.5432227      19.088838
 35.8      1102.5356      270.11985      35.264892     -5.5414312      20.408497
 35.9      1101.9805       269.9633      34.843585     -5.5396405       20.31906
   36      1101.4265      269.77827      35.236342     -5.5378394      20.428426
 36.1      1100.8752       269.9788      35.174276     -5.5360473      20.058767
 36.2      1100.3201      270.02685      35.136893     -5.5342415      20.545139
 36.3      1099.7668      269.81975      35.271692     -5.5324475      20.593044
 36.4      1099.2137      269.82175      35.273928     -5.5306338      20.489898
 36.5       1098.661      269.97562      35.260876      -5.528834      18.589238
 36.6      1098.1093      270.30616       35.13899     -5.5270198      20.913034
 36.7      1097.5559      270.21449      35.603512     -5.5252006      20.113814
 36.8      1097.0028      270.09789      35.456016       -5.52338      19.749536
 36.9      1096.4516       270.1386       35.53457     -5.5215716      20.563015
   37      1095.8988      270.03074      35.242718     -5.5197543      19.505612
 37.1      1095.3473      270.23222      35.501287     -5.5179221      20.433141
 37.2      1094.7941      269.75787      35.707099     -5.5160994      19.365743
 37.3      1094.2442      270.47733      35.580764     -5.5142644      19.928172
 37.4      1093.6924      270.01815       35.55156     -5.5124213      20.664361
 37.5      1093.1415      270.08234      35.422191     -5.5105943      20.301872
 37.6      1092.5896      270.28175      35.666638     -5.5087398      20.024488
 37.7      1092.0407      270.00179      35.291339        -5.5069      19.593155
 37.8      1091.4893      269.67315      35.723477     -5.5050653      20.077465
 37.9      1090.9393      269.78101      35.822089     -5.5032113      20.606927
   38      1090.3885      269.85712      35.753011     -5.5013739      19.998346
 38.1      1089.8385       270.1262       35.88182     -5.4995166      19.415745
 38.2      1089.2884      269.85126      35.763157     -5.4976607      21.207248
 38.3      1088.7372      269.78233      35.660671     -5.4957904      19.679478
 38.4       1088.189       269.9479      35.857173      -5.493938      20.824602
 38.5      1087.6401      270.10362      35.831703     -5.4920665       19.70121
 38.6      1087.0919      269.85994      35.914602     -5.4901984      19.976728
 38.7      1086.5418      270.00646      35.916066     -5.4883387      20.271499
 38.8      1085.9934      269.73994      36.180432     -5.4864635      19.404589
 38.9      1085.4445      270.35099      35.936012     -5.4845845      19.102055
   39      1084.8953      269.99765      36.276994     -5.4826899      20.083582
 39.1      1084.3483      269.85804      36.237919     -5.4808211      18.760204
 39.2      1083.8007      270.19557      35.833607     -5.4789423      20.000267
 39.3      1083.2529       270.0942      36.204105     -5.4770391      21.231299
 39.4      1082.7045      269.98296      36.070154     -5.4751552      20.408558
 39.5      1082.1567      270.09054      36.272944     -5.4732501       20.17712
 39.6      1081.6106      270.18971      36.126754     -5.4713602      19.991756
 39.7      1081.0637      269.99118      36.286308       -5.46946       20.14191
 39.8      1080.5163      270.33471      36.359851     -5.4675583      19.800714
 39.9      1079.9688      270.38688      36.252806     -5.4656541      19.206652
   40      1079.4211       270.1748      36.205713     -5.4637452      20.030886
 40.1      1078.8764      270.11333      36.072126     -5.4618304      19.696573
 40.2      1078.3299      270.13929      36.387421      -5.459922      20.560675
 40.3      1077.7852      270.16695      36.115997     -5.4580005      19.302035
 40.4      1077.2386      270.01171      36.444704     -5.4560789      19.567521
 40.5      1076.6917      269.93399      36.334621     -5.4541542      20.192576
 40.6      1076.1474      270.28501      36.641568     -5.4522307      19.339635
 40.7      1075.6046      269.92639      36.723639     -5.4502976      19.393919
 40.8      1075.0582      270.03447      36.466996     -5.4483659       20.00437
 40.9      1074.5136      269.99807      36.388645      -5.446434      21.349848
   41      1073.9686      269.97465      36.473595     -5.4444878      19.691375
 41.1      1073.4249      270.14694      36.376265     -5.4425483      20.359077
 41.2      1072.8813      269.96002      36.554971     -5.4405988      20.172052
 41.3      1072.3366       269.9072      36.617576     -5.4386479      20.185769
 41.4      1071.7928      270.18543      36.058369     -5.4366951       20.16613
 41.5      1071.2495       269.8945      36.541971     -5.4347491      21.007816
 41.6      1070.7062      269.83663      36.598338     -5.4327888      20.184655
 41.7      1070.1623      270.15395      36.829883     -5.4308249      19.903653
 41.8      1069.6197      269.83802      36.689733     -5.4288755      19.479618
 41.9      1069.0771      269.87173      36.619524     -5.4269068      19.405495
   42      1068.5347      269.58139      36.791363     -5.4249299      19.163947
 42.1      1067.9918      270.02551      36.722962     -5.4229557      20.971252
 42.2      1067.4501      269.85511      37.147889     -5.4209756      20.069417
 42.3      1066.9069      270.02601      36.736557     -5.4190145      20.362112
 42.4       1066.366      270.07923       37.13021      -5.417029      20.365462
 42.5      1065.8244      270.13565      36.814311     -5.4150442      20.451959
 42.6      1065.2829      270.25669      37.023672     -5.4130546       20.26164
 42.7      1064.7412      270.23806      36.704773     -5.4110716      19.559685
 42.8      1064.2008      270.13505      36.868379     -5.4090653      20.375397
 42.9      1063.6607      270.31882      36.948066     -5.4070782      18.876198
   43      1063.1185      270.14598        36.7293     -5.4050755      19.874134
 43.1      1062.5787       269.9638      37.335643     -5.4030656      19.625233
 43.2      1062.0384       269.8578      37.031209     -5.4010587      19.400591
 43.3      1061.4988      270.02636      37.062512      -5.399052      19.551031
 43.4      1060.9591      270.05578      37.381303     -5.3970537      20.278689
 43.5      1060.4187      269.98656       37.28712     -5.3950269      20.121306
 43.6      1059.8794      270.31164      36.775755     -5.3930087      19.027783
 43.7      1059.3397      270.04352      37.197535     -5.3909905      18.516219
 43.8       1058.801      269.79831      37.392891     -5.3889615      19.752394
 43.9      1058.2629      270.11436      37.266501     -5.3869286      20.444792
   44      1057.7249      269.89245      37.465343     -5.3848986       20.34259
 44.1      1057.1861      269.75078      37.177082     -5.3828614      19.841762
 44.2      1056.6467      270.22797      37.725864     -5.3808285      20.228247
 44.3      1056.1104      270.08746      37.045006     -5.3787904      19.268471
 44.4      1055.5714      269.83143      37.500111     -5.3767435      19.522863
 44.5      1055.0346      269.82197      37.579473     -5.3747042      19.393453
 44.6      1054.4964      269.72455      37.493114     -5.3726382      19.970562
 44.7      1053.9593      270.15584      37.603476     -5.3705998       20.20977
 44.8      1053.4223      269.89165      37.452068      -5.368534      20.439454
 44.9      1052.8856      270.14907      37.410585     -5.3664619      19.640018
   45      1052.3497      269.74783       37.98769     -5.3644059      21.534982
 45.1      1051.8136      269.99325      37.416365     -5.3623251      20.828654
 45.2      1051.2773      270.09765      37.600963     -5.3602789      20.506139
 45.3      1050.7412      270.23384      37.847194     -5.3581969      19.346167
 45.4      1050.2052       270.1358      37.827777      -5.356128      21.509404
 45.5      1049.6699      269.99963      37.558072     -5.3540535      19.949773
 45.6      1049.1345      270.21731      37.541133     -5.3519697      20.193432
 45.7      1048.5996      270.01379      37.824505     -5.3498691      20.803206
 45.8      1048.0636      269.86143      37.654577     -5.3477836      20.242219
 45.9      1047.5311      269.97116       38.03199     -5.3457021       19.57898
   46      1046.9947      270.04309      37.965432     -5.3435971      19.826004
 46.1      1046.4609      269.90648       38.11446     -5.3414972      20.140227
 46.2      1045.9277      270.01637      38.197487     -5.3394042      18.926898
 46.3      1045.3929      270.01153      37.598815     -5.3372829      19.838445
 46.4      1044.8601      270.10946      38.357159     -5.3351854      19.244985
 46.5      1044.3262      269.79833      38.222102     -5.3330581      19.229022
 46.6      1043.7931      269.84962      38.174883      -5.330959      20.251301
 46.7      1043.2603      269.90023      37.609057     -5.3288303      19.663534
 46.8      1042.7274      270.15794      38.480938     -5.3267135      20.809546
 46.9      1042.1944       270.0013      38.201348     -5.3245999      20.757019
   47      1041.6628      269.67329      38.348932     -5.3224647       19.90796
 47.1      1041.1281      269.89983      37.982178     -5.3203304      19.697062
 47.2      1040.5977      269.80141      38.565855     -5.3181906      19.802896
 47.3      1040.0655      270.16001      38.196703     -5.3160533      19.605305
 47.4      1039.5338      270.23199      38.287215     -5.3139266      19.440728
 47.5      1039.0032       269.7524      38.693527      -5.311751      19.785316
 47.6      1038.4731      269.89203      38.672407     -5.3096174      19.854932
 47.7       1037.942       270.1021      38.327778     -5.3074649      19.278621
 47.8      1037.4115      269.88164      38.311257     -5.3053095      21.107988
 47.9       1036.881      269.82737      38.363114     -5.3031525      20.048859
   48      1036.3511      270.21481      38.547087     -5.3009836      20.237116
 48.1      1035.8202      270.16838      38.618798     -5.2988247      20.781714
 48.2      1035.2911      270.06828      38.395562     -5.2966446      20.562513
 48.3      1034.7617      269.80683      38.507841     -5.2944934      20.257489
 48.4      1034.2317      270.03935      38.951751     -5.2923178      19.465723
 48.5      1033.7031      270.00574      38.682845     -5.2901261      20.300072
 48.6       1033.174       269.9198      38.511352     -5.2879568      19.914397
 48.7      1032.6459      269.99785      38.542531     -5.2857503        19.9527
 48.8      1032.1164      270.22223      38.623954     -5.2835584      20.742281
 48.9      1031.5883      270.14257      38.913695      -5.281368      19.430825
   49      1031.0611      269.99382      38.901902     -5.2791828      21.415737
 49.1      1030.5329      270.20724      38.600585     -5.2769732      20.283368
 49.2      1030.0052      270.03997      38.812361     -5.2747737      20.821415
 49.3      1029.4773      270.05711      38.874008     -5.2725695      20.249882
 49.4      1028.9503       269.8108      38.673243      -5.270348      18.638962
 49.5      1028.4243      270.08082      38.733824     -5.2681549      20.125151
 49.6      1027.8961      269.85133      38.917628     -5.2659195      20.688324
 49.7      1027.3706      270.13367      39.119916     -5.2637147      19.054364
 49.8      1026.8453      269.67303      39.222971     -5.2614837      20.647874
 49.9      1026.3185      269.57827      39.226271     -5.2592604       19.77768
   50      1025.7922      270.07971      39.041223     -5.2570374      18.936681
 50.1      1025.2673      269.87281      39.000374     -5.2548004      19.775212
 50.2       1024.741       269.8455      39.081045     -5.2525391      20.103791
 50.3      1024.2169      270.02911      39.504945      -5.250316         20.461
 50.4      1023.6913      269.74568      39.653138     -5.2480685      18.957566
 50.5      1023.1671      269.55376      39.272661      -5.245816      19.654303
 50.6      1022.6411      269.99716      39.224102     -5.2435661      20.390781
 50.7       1022.118      269.72862       39.03717     -5.2413072      20.589583
 50.8      1021.5953      269.69166      39.287753     -5.2390512      20.164083
 50.9      1021.0705        270.004      39.696835     -5.2367915      20.866295
   51      1020.5464      269.91525      39.323444     -5.2345193      20.379135
 51.1      1020.0232      270.11779      39.453819     -5.2322538      19.515792
 51.2      1019.5008      269.86471      39.471353     -5.2299843      20.021126
 51.3      1018.9773      269.95426      39.703541     -5.2277118      20.288406
 51.4      1018.4541       270.1016      39.343597     -5.2254346       20.16373
 51.5      1017.9315      270.15156      39.626334     -5.2231493      20.501405
 51.6      1017.4092      269.59756      39.763349     -5.2208516      19.187253
 51.7      1016.8873      270.03446      39.775699     -5.2185602      19.532179
 51.8      1016.3668      270.20126       39.49105     -5.2162696      20.080586
 51.9      1015.8442      269.94157      39.597816     -5.2139678      19.051289
   52      1015.3236      269.61392      39.698271       -5.21167      19.751629
 52.1      1014.8026      270.21375      39.551322      -5.209367      20.074499
 52.2      1014.2812      269.96422      39.800788     -5.2070637      19.868914
 52.3      1013.7606       269.9992      40.051222     -5.2047532      20.475695
 52.4      1013.2396      270.28978      40.053019     -5.2024276      19.233231
 52.5      1012.7204      269.92919      39.754204      -5.200103      20.104634
 52.6         1012.2      269.84044      39.727548     -5.1977864      20.284501
 52.7       1011.681       269.8911      40.143954     -5.1954574       20.06774
 52.8      1011.1613      269.69835      39.625835     -5.1931301      20.051067
 52.9       1010.642      269.54327      40.214328     -5.1907849      20.115621
   53      1010.1225      270.16029      40.049773     -5.1884588      19.414533
 53.1      1009.6037      270.01671      39.884856     -5.1861248      20.076308
 53.2      1009.0867      269.96246      40.251859     -5.1837729       19.92043
 53.3      1008.5676      269.86999      40.582855     -5.1814163      20.215214
 53.4      1008.0498      269.94228      40.147115     -5.1790696       19.39347
 53.5      1007.5316      269.92103      40.008152     -5.1767151      19.333124
 53.6      1007.0146      270.18848      39.815246     -5.1743431      20.460823
 53.7      1006.4969      269.89668      40.245076     -5.1719904      19.777783
 53.8      1005.9803      269.93379       40.05442     -5.1696092      20.461703
 53.9      1005.4631      270.10213      40.710375     -5.1672512      20.509186
   54      1004.9468      270.17555      40.347204     -5.1648633        20.4584
 54.1        1004.43      269.97181      40.504063     -5.1624935      20.075832
 54.2      1003.9145      269.91103      40.075294     -5.1601113      19.449618
 54.3      1003.3995      269.92532      40.313421     -5.1577162      18.679581
 54.4      1002.8822      269.54696      40.617945     -5.1553273      19.084323
 54.5      1002.3663      269.85137      40.396006       -5.15294       19.58821
 54.6      1001.8524      269.82353      40.761317     -5.1505411       20.53114
 54.7      1001.3367      269.73137      40.454838     -5.1481373      20.636427
 54.8      1000.8222      270.02841      41.078107     -5.1457301       18.93606
 54.9      1000.3076      270.40243      40.686551     -5.1433303      20.485662
   55       999.7935      269.75791      40.341113     -5.1409107      19.812465
 55.1      999.27895      270.06531      40.824852     -5.1385008      19.526881
 55.2      998.76704      269.88829      41.020206     -5.1360827      19.886355
 55.3      998.25217      270.20921      41.235886     -5.1336438      19.811218
 55.4      997.73909      269.61109      40.931204     -5.1312311      19.779087
 55.5      997.22623       269.9949      40.794384     -5.1288039      20.472067
 55.6      996.71365      270.32635      40.721601     -5.1263582      20.605016
 55.7      996.20117      269.78909      40.894278     -5.1239187      20.576443
 55.8      995.68899      270.48315       40.86116     -5.1214751      18.878312
 55.9      995.17681      269.80711      40.901268      -5.119039      19.797423
   56      994.66512      269.94448      41.075231     -5.1165738      19.407799
 56.1      994.15344      270.04137      40.792465      -5.114111      19.809672
 56.2      993.64183      270.24272      40.875577     -5.1116658       19.87931
 56.3      993.13024      270.44467      40.916501     -5.1092041      19.270135
 56.4      992.62038      269.85631      41.111111     -5.1067527      21.402089
 56.5       992.1096      269.70167      41.051312     -5.1042648      18.519423
 56.6      991.60002      269.89372      41.319914     -5.1017969      20.310941
 56.7      991.08972      269.82618      41.095466     -5.0993089      20.321432
 56.8      990.58012      269.92964      41.558676     -5.0968397      19.474955
 56.9      990.07021      269.85417      41.128481     -5.0943497      20.168854
   57      989.56115      269.99125      41.170525     -5.0918704      20.540044
 57.1      989.05154      270.21264      41.086389     -5.0893725       20.09262
 57.2      988.54272      270.21626       41.63701     -5.0868635      19.904166
 57.3      988.03373      270.37753      41.584214     -5.0843626       19.85002
 57.4      987.52617      269.88504      41.384989     -5.0818605      20.403131
 57.5      987.01699      269.70918      41.703375     -5.0793413      19.117688
 57.6      986.51073      270.35955      41.473539     -5.0768478       20.48189
 57.7      986.00316      270.17156      41.372285     -5.0743253      20.058568
 57.8      985.49448      270.15076       41.68036     -5.0718077      20.805402
 57.9      984.98821      270.14197       41.80142     -5.0692837      19.555337
   58      984.48194      270.01117      41.679009     -5.0667513      20.710248
 58.1      983.97504      269.95615      41.497305     -5.0642156      20.366283
 58.2      983.46869      270.28045      41.236753     -5.0616851      20.514238
 58.3      982.96293      269.96079      41.721032       -5.05914      19.752641
 58.4      982.45627      269.79488      41.838526     -5.0565991      20.134345
 58.5      981.95105      270.37846      41.674347     -5.0540616      18.975472
 58.6      981.44617      270.37731        41.5093     -5.0514921      19.451379
 58.7       980.9406      269.80661      41.745462     -5.0489456      21.091463
 58.8      980.43564       270.0222      41.699504     -5.0463745      20.728061
 58.9      979.93057      269.92337      42.034602     -5.0438138      20.236258
   59      979.42767      270.05755      41.904747     -5.0412458      19.951318
 59.1      978.92343      270.05109      41.854451     -5.0386784      20.893931
 59.2      978.41976      269.83149      42.014776     -5.0360896       20.09783
 59.3      977.91458       269.8968      42.193659     -5.0335138      19.589798
 59.4       977.4131      269.96991      41.928933     -5.0309293       20.13926
 59.5      976.91033      269.81721      42.086072     -5.0283535      20.332868
 59.6      976.40775      270.16257      41.745929     -5.0257464      18.212039
 59.7      975.90419      269.93722      42.022226     -5.0231501      20.806165
 59.8      975.40295      270.12516      42.045524     -5.0205542      20.113866
 59.9      974.90123      270.14615      42.079195      -5.017942      20.538693
   60       974.3992      269.97027      41.990586     -5.0153312      20.541558
 60.1      973.89769      269.88806      42.309239     -5.0127294      19.335067
 60.2      973.39603      269.95153      42.277744     -5.0101121      20.137161
 60.3      972.89617      269.84606      41.964707     -5.0074875      19.485125
 60.4      972.39493      269.89467      42.415181     -5.0048627      19.671885
 60.5      971.89425      269.79738      42.262102     -5.0022312      19.863125
 60.6      971.39522       270.0097      42.675077     -4.9995963      19.954247
 60.7      970.89548      269.85789      42.562393     -4.9969597      19.243095
 60.8      970.39438      269.99078      42.540566     -4.9943153      19.321092
 60.9      969.89556      270.49365      42.490458     -4.9916812      19.867298
   61      969.39773      269.75333      42.605489     -4.9890224      19.430114
 61.1      968.89753      269.99786       42.49946      -4.986365      20.567611
 61.2      968.39946      270.00308      42.920628     -4.9837066      19.986519
 61.3      967.90104      270.00337      42.591554     -4.9810456      18.740642
 61.4      967.40424      269.83734      43.024362     -4.9783739      19.262432
 61.5      966.90492      270.15503      42.854205      -4.975707      19.642771
 61.6      966.40755      270.10762      42.696668      -4.973039      20.114774
 61.7      965.91076      269.83186      42.706208     -4.9703579      21.046108
 61.8       965.4138      270.05249      42.769633     -4.9676689       20.45079
 61.9      964.91836      269.78588      43.020095     -4.9649829      19.569354
   62       964.4209      269.65728      42.808074     -4.9622904      19.640842
 62.1      963.92498      270.31676      43.294463     -4.9596011      19.677896
 62.2       963.4279       270.1023      43.137354     -4.9568787        20.0196
 62.3      962.93431      269.87904      43.066914      -4.954186      20.028674
 62.4      962.43941      270.07685      43.339659     -4.9514851       18.86598
 62.5      961.94313      270.01736      43.056776     -4.9487713      21.319912
 62.6       961.4482      269.85669        43.1935     -4.9460431      19.370753
 62.7      960.95333      270.05759      43.197316      -4.943323      19.307939
 62.8      960.46003      269.88033      43.284402     -4.9406059       20.44339
 62.9      959.96501      269.96695      43.498438     -4.9378697      20.286486
   63      959.47225      269.95509      43.160965     -4.9351332      20.544729
 63.1      958.97932      270.12514      43.304163     -4.9323975      19.960575
 63.2      958.48547       270.0619       43.05549     -4.9296559      20.358911
 63.3      957.99305      269.90763      43.659342     -4.9269043       18.65483
 63.4      957.49994      269.92422      43.199711     -4.9241585      21.071963
 63.5      957.00803      269.90709      43.285212     -4.9214087      20.544736
 63.6      956.51573      270.00769      43.228412     -4.9186442       19.85564
 63.7      956.02497      270.23887      43.943345     -4.9158802      19.719712
 63.8      955.53362      270.22564      43.572118     -4.9131002      19.795512
 63.9      955.04121      269.77422      43.526046      -4.910334      19.595375
   64      954.55162      270.37137      43.551776     -4.9075515       20.30662
 64.1      954.05909      269.81979      43.483906     -4.9047743      20.292471
 64.2      953.56949      269.94937      43.671768     -4.9019889      19.934968
 64.3      953.07909      269.80519      44.019775     -4.8991935      19.913786
 64.4      952.59028      269.91883      43.473191     -4.8964108      20.201444
 64.5      952.10034      269.95622      43.844268     -4.8936085      20.788827
 64.6      951.61128       270.2204      43.595922     -4.8908063      19.725564
 64.7      951.12108      269.73385      43.822247       -4.88799      20.331394
 64.8      950.63416      270.04542      43.787361     -4.8851717      21.261003
 64.9      950.14525      269.91876      44.085745       -4.88236      19.229171
   65      949.65671      270.04037      43.799136     -4.8795401      20.541077
 65.1      949.16987       270.1627      43.559211     -4.8767145      20.152941
 65.2      948.68158      270.08652      43.751519     -4.8738851      19.956305
 65.3      948.19464      269.70473      43.992853     -4.8710536      20.292244
 65.4      947.70737      269.84775      43.939387     -4.8682119      19.725843
 65.5      947.22055      269.54707      44.160934     -4.8653579      19.246631
 65.6      946.73461      269.98651      44.246486     -4.8625111      19.404219
 65.7      946.24853      270.17262      44.247586     -4.8596761      20.016135
 65.8      945.76255      270.31683      44.318474     -4.8568066      19.138557
 65.9      945.27692      270.09462      43.933789     -4.8539425      19.703549
   66      944.79101      269.88662      44.478321     -4.8510891      20.409647
 66.1      944.30736      269.88026      44.236393     -4.8482143      18.512347
 66.2      943.82223      270.16541      44.528465      -4.845342       20.67733
 66.3      943.33779      269.74887      44.560742     -4.8424577      19.652715
 66.4      942.85383      269.91879      44.544558     -4.8395765      19.795967
 66.5      942.36972      270.00892      44.374408     -4.8366818      20.395918
 66.6      941.88619      269.90291      44.320637     -4.8337932      19.847324
 66.7      941.40333      269.71666      44.464925      -4.830896      20.481524
 66.8      940.92029       269.9947       44.70472     -4.8280069      19.687094
 66.9      940.43714      270.06818      44.885308      -4.825086       20.18448
   67        939.956      269.64674      44.568128     -4.8221865      20.911763
 67.1      939.47256      269.71057      44.558967      -4.819266      20.002779
 67.2      938.99069      269.73198      44.675036      -4.816333      19.441625
 67.3      938.50944       269.9122      44.586971     -4.8134209      20.908544
 67.4      938.03002      269.82704      44.972434      -4.810493       19.39563
 67.5      937.54809      270.01677       44.85864     -4.8075563      19.879767
 67.6      937.06781      269.90692      44.841813      -4.804612      18.934605
 67.7      936.58691      270.10991      44.857758     -4.8016773      19.972185
 67.8      936.10669       270.1585       44.64124     -4.7987334      20.588574
 67.9      935.62718      269.68415      44.875831     -4.7957679      19.642809
   68      935.14679      269.96611      45.204626     -4.7928319      19.894637
 68.1      934.66818      269.95941      45.167421     -4.7898626      19.061665
 68.2      934.19023      270.07893      44.702184     -4.7869059      18.819774
 68.3      933.71156      269.97513      45.074621     -4.7839302      20.051339
 68.4      933.23329      270.17574      45.000293     -4.7809516      19.415417
 68.5      932.75497      269.90923      44.898792     -4.7779783      20.372942
 68.6      932.27694      269.77577      45.316029     -4.7749985      19.942585
 68.7      931.80052      269.89332      44.929874     -4.7720138      19.794369
 68.8      931.32347      269.78642      45.320051     -4.7690086       19.57506
 68.9      930.84648      269.92912      45.363717     -4.7660043      20.797102
   69      930.37045      269.79892      45.266664      -4.763007      19.732606
 69.1      929.89402      270.11546      45.223436     -4.7599963      19.250896
 69.2      929.41808      270.44243      45.532677     -4.7569867      19.723853
 69.3      928.94298      270.00613      45.628845     -4.7539776      19.828029
 69.4      928.46782      269.97435      45.250946     -4.7509536      20.086243
 69.5      927.99103        270.169       45.20842     -4.7479284      18.711754
 69.6      927.51754      270.04306      45.648567     -4.7449005      19.564665
 69.7      927.04253      270.23184      45.557982     -4.7418607      19.518997
 69.8      926.56936      269.98879      45.765473     -4.7388189      19.981032
 69.9      926.09521      270.20331       45.89639     -4.7357686      19.401983
   70      925.62258      269.96232      45.492355      -4.732728      20.470172
 70.1      925.14914      270.07218      45.779385      -4.729673      20.402248
 70.2      924.67677      270.31529      46.001733      -4.726604      19.144172
 70.3      924.20353      269.94485      45.699906     -4.7235443      19.247235
 70.4      923.73072      269.81855      46.035515      -4.720468      20.187922
 70.5      923.26019      270.05006      45.884026     -4.7174033       19.61429
 70.6      922.78643       270.2493      45.668075     -4.7143253      20.589331
 70.7      922.31618        270.002      46.255951     -4.7112396      19.616968
 70.8      921.84507      270.19512       46.12272     -4.7081544      18.896285
 70.9       921.3744      269.81191      46.112056     -4.7050654      20.186735
   71      920.90404      269.88439      46.028864     -4.7019612      19.986798
 71.1      920.43524      269.89387      46.084867      -4.698853      19.937844
 71.2      919.96376      269.65407      46.348604     -4.6957439      20.126783
 71.3      919.49644      270.01633      45.884155      -4.692655      20.091871
 71.4      919.02666      269.82014      46.170224     -4.6895279      19.450372
 71.5      918.55773      269.84961      46.366756     -4.6864006      20.365514
 71.6      918.08757      269.99528      46.223068     -4.6832926      20.242667
 71.7      917.62256      269.79522      46.260618     -4.6801518      19.822911
 71.8      917.15193      270.17863      46.225228     -4.6770152       19.21334
 71.9      916.68499      269.80019      46.524225     -4.6738801      19.907008
   72      916.21735        270.516      46.369523     -4.6707229      19.646113
 72.1      915.75068      270.07277      46.683482     -4.6675721      20.077295
 72.2      915.28373      269.88248      46.526934     -4.6644236      20.154251
 72.3      914.81777       269.9785      46.438598     -4.6612641      19.695328
 72.4      914.35308      269.78612      46.514325     -4.6580997      20.632532
 72.5      913.88677      270.30878      46.590802     -4.6549208      20.604697
 72.6      913.42157      269.86092      46.314831     -4.6517388      19.569676
 72.7      912.95539      269.96857      46.775435     -4.6485816       20.22099
 72.8      912.49188      269.90857      46.891541     -4.6453975      19.293586
 72.9      912.02842      270.05491      46.661087      -4.642192      19.584319
   73      911.56192      270.06811      46.865455     -4.6390019      20.565769
 73.1      911.10011      269.86909      46.902251     -4.6358041      20.067279
 73.2      910.63568      269.84054      46.857822     -4.6326005      19.495422
 73.3        910.173      270.03521      46.970831     -4.6293896      20.773326
 73.4      909.70972      269.83492      46.877331     -4.6261713      19.930181
 73.5      909.24747         269.82      47.077633     -4.6229534      19.713889
 73.6      908.78528      269.90485      46.882757     -4.6197354      20.588509
 73.7      908.32459      269.77786      46.912935     -4.6165013      19.962651
 73.8      907.86209      270.15134      47.259845     -4.6132627      20.113006
 73.9      907.40028       270.1122      47.726098     -4.6100193      19.180482
   74      906.94058      270.26977      47.042784     -4.6067754      20.176112
 74.1       906.4786      270.23413      47.092963      -4.603533      19.050255
 74.2      906.01879      269.87001      47.505453     -4.6002856      19.232048
 74.3       905.5591      269.99907      47.091033     -4.5970233      21.248321
 74.4      905.09978      270.14404        47.1344     -4.5937591      19.849455
 74.5      904.64117      270.01685      47.320908     -4.5904912      20.360676
 74.6      904.18192      270.03208       47.48807      -4.587215      21.401489
 74.7       903.7241      270.02321      47.702751     -4.5839392      21.021203
 74.8      903.26568       269.8295      47.646017     -4.5806488      20.348163
 74.9      902.80619      269.83334      47.480638     -4.5773602      19.653774
   75      902.34877      270.10626      47.531836     -4.5740733      20.441166
 75.1      901.89238      269.79976      47.799447     -4.5707577      20.631058
 75.2      901.43511      270.02173      47.786477     -4.5674677       20.42144
 75.3      900.97931      270.06181      47.579848     -4.5641494      20.183934
 75.4      900.52324      270.11301       47.64723     -4.5608362       20.45022
 75.5      900.06704       270.1943      47.639502     -4.5575212      20.739388
 75.6      899.61141      269.84201      47.512975     -4.5542015      20.284142
 75.7      899.15591      270.31475      47.517012      -4.550852      19.610532
 75.8      898.70133      270.12855      48.173754     -4.5475258      19.582097
 75.9      898.24692      270.36318      47.543477     -4.5441927      19.549434
   76      897.79337      270.15668      48.032588     -4.5408339      19.179878
 76.1      897.33854       269.7947      47.943147     -4.5374921      19.278652
 76.2      896.88428       270.2368       48.05713     -4.5341399      19.866473
 76.3      896.43149      270.12076      48.197949      -4.530764      20.367582
 76.4       895.9783      270.04727      48.177584     -4.5274016      20.196868
 76.5       895.5269      269.82325      48.191188     -4.5240346      20.794358
 76.6      895.07526      270.00754      47.989664     -4.5206592       19.77756
 76.7      894.62307      269.92815      48.345541     -4.5172801      19.843518
 76.8      894.17084      270.03598      48.124454     -4.5138958      20.983592
 76.9      893.71899      270.03276      47.998481      -4.510505      20.573717
   77      893.26824      269.98414      48.453999     -4.5071081      20.564397
 77.1      892.81744      270.01864      48.533241     -4.5037032      19.848231
 77.2       892.3673      269.92397      48.407689     -4.5002966      20.900717
 77.3      891.91794      270.43661      48.542031     -4.4968796      20.127055
 77.4      891.46868      270.09813      48.687508       -4.49346      19.808343
 77.5      891.01791      270.30703      49.005338     -4.4900392       19.98202
 77.6      890.57118      269.91478      48.504524     -4.4866096      19.630768
 77.7      890.12129      269.99735      48.617994     -4.4831757      20.748887
 77.8       889.6731      269.91447      48.357163     -4.4797377        20.2951
 77.9       889.2256      270.05698      48.592541     -4.4762922      19.317456
   78      888.77844       270.1734      48.773584     -4.4728487      20.030362
 78.1      888.32965      270.06216      48.488592     -4.4694014      19.830058
 78.2      887.88471      269.84298      49.071063     -4.4659299      19.779318
 78.3      887.43796      269.96544      48.533334     -4.4624673        20.4742
 78.4      886.99158      270.02948      48.769582     -4.4589961      20.497465
 78.5      886.54675      270.23957       48.98585     -4.4555226      19.510979
 78.6      886.10156      270.05371      48.860761     -4.4520408      20.877215
 78.7      885.65517      269.52133      49.092574     -4.4485616      18.872377
 78.8      885.21134       269.8919      48.996817     -4.4450625      20.585918
 78.9       884.7669      270.19753      49.034828     -4.4415637      20.868726
   79      884.32283      270.07177       48.96598     -4.4380638      20.968355
 79.1      883.87983      270.08318      49.138113     -4.4345547      20.208917
 79.2      883.43598       269.9021       49.15516     -4.4310439       20.16862
 79.3       882.9922      269.86215      49.265186     -4.4275302      20.834257
 79.4      882.54977      269.92579       49.26784     -4.4240143      18.157184
 79.5      882.10784      270.11849      49.496438      -4.420471      20.081323
 79.6      881.66719      270.09642      49.338803     -4.4169232      18.704643
 79.7      881.22456      269.96214      49.115465     -4.4133906      19.603577
 79.8      880.78368      269.93662      49.702189     -4.4098463      20.666698
 79.9      880.34304      270.08275       49.50386     -4.4063014      20.670972
   80       879.9025       270.0037      49.425502     -4.4027478      19.366263
 80.1       879.4624      270.21833      49.570986     -4.3991725      21.082283
 80.2      879.02298      270.17471      49.666588     -4.3956101      20.877851
 80.3      878.58277      270.17427      49.353236     -4.3920465      19.538213
 80.4      878.14397      269.77358      49.447366     -4.3884707      20.025519
 80.5      877.70522      269.98761       49.60463     -4.3848825      19.345893
 80.6      877.26564      270.12864      49.971426      -4.381296      19.849669
 80.7      876.82899      270.37652       49.89709      -4.377718      20.273704
 80.8      876.39116      269.93997      49.700088     -4.3741056      19.206319
 80.9      875.95527      269.89145      49.672477     -4.3705003      20.393683
   81      875.51757      269.88155      49.739898     -4.3668905      20.855099
 81.1       875.0812      270.15615      49.829372     -4.3632733      21.510886
 81.2      874.64488      269.86987      50.435878     -4.3596622       20.59278
 81.3      874.20927      270.03482      49.894458       -4.35603      20.374427
 81.4      873.77322      270.12246      49.718552     -4.3523971      20.760202
 81.5       873.3378      270.05438      50.170239     -4.3487725      19.856166
 81.6      872.90423      269.95522      50.062196     -4.3451258      20.567127
 81.7      872.46959      270.06531      50.094986     -4.3414689       19.67328
 81.8      872.03619      270.01034      50.371954     -4.3378093      19.392973
 81.9      871.60215      270.09884      50.013636     -4.3341469       19.52866
   82      871.16975      270.02773       50.30308     -4.3304887      20.717284
 82.1      870.73656      270.00468      50.544558     -4.3268188      19.456364
 82.2      870.30252      270.14999      50.496139     -4.3231469      19.248535
 82.3      869.87063       270.1263      50.416951     -4.3194656      20.258361
 82.4      869.44037      269.88499      50.276208     -4.3157701       19.25181
 82.5      869.00718      270.06978      50.379823     -4.3120749      18.476379
 82.6      868.57783      269.91908      50.697586     -4.3083872      19.235681
 82.7      868.14549      269.95246      50.620499     -4.3046818      19.228746
 82.8      867.71561       270.2469      50.840981     -4.3009799      20.325093
 82.9      867.28728      270.13244      50.654331     -4.2972684        18.5803
   83      866.85683      269.73207      50.992378     -4.2935369      20.074508
 83.1      866.42695       269.7066      50.774174     -4.2898104      19.261841
 83.2      865.99867      270.08149      50.630493     -4.2860781      20.000427
 83.3      865.57075      270.18024      50.766269     -4.2823442      19.637166
 83.4      865.14209      269.66743      51.089975     -4.2786065      19.115123
 83.5      864.71512      270.20112      50.510856     -4.2748506      19.751395
 83.6       864.2872      269.98108      50.973221     -4.2711011      20.313814
 83.7      863.86121      270.07522      51.026119     -4.2673507      20.262079
 83.8      863.43439      269.52359       50.89426     -4.2635751      19.483236
 83.9      863.00725      270.08381      50.843456     -4.2598073      19.646598
   84      862.58175      269.87109      50.985848     -4.2560192      20.215495
 84.1      862.15623      270.08393      51.146438      -4.252244      20.394107
 84.2       861.7322       270.1376      51.326633      -4.248461      20.475418
 84.3       861.3076       270.0869      51.080135      -4.244659      19.267437
 84.4      860.88299      269.67101      51.517642      -4.240866       20.30031
 84.5      860.45874      269.75473      51.300508     -4.2370742      20.428206
 84.6      860.03463      269.92445      51.357123     -4.2332435      19.206845
 84.7      859.61095      270.28783      51.482753     -4.2294376      20.581429
 84.8      859.18906      269.83903      51.354179     -4.2256118      21.188679
 84.9      858.76702       269.6801      51.391538     -4.2217856      20.296691
   85      858.34514      270.06614      51.503445     -4.2179518      20.719011
 85.1       857.9234      270.18711      51.293768     -4.2141227      20.580575
 85.2      857.50269      269.90219      51.496647     -4.2102725      19.412384
 85.3      857.08097      270.27665      51.770128     -4.2064305      20.616833
 85.4      856.66103        269.874       51.38781     -4.2025678      20.125529
 85.5      856.24119      269.92295       51.43572     -4.1987096      19.812416
 85.6      855.82033      270.03777      51.786052     -4.1948402      19.963926
 85.7      855.40092      269.89717      52.061709     -4.1909577      19.848366
 85.8      854.98233      270.32786      51.919012     -4.1870828       20.18154
 85.9      854.56485      270.56166      52.046673     -4.1831809      19.464197
   86      854.14563      269.99855      51.891434     -4.1793193      20.137951
 86.1        853.728       269.9596      51.767236     -4.1754184      21.020604
 86.2       853.3111      269.96525      51.938186     -4.1715118      19.478302
 86.3      852.89412      269.97722      52.129535      -4.167596      18.857656
 86.4      852.47851      270.08092      52.346442      -4.163701      19.491665
 86.5      852.06147      270.13453      52.271807     -4.1597684      20.239851
 86.6      851.64671      270.21996      52.272326     -4.1558482      20.424534
 86.7      851.22931      269.97382      51.793658     -4.1519256      18.900647
 86.8       850.8154      270.02281      52.220071     -4.1479689      19.852873
 86.9      850.40076      269.64786      52.347994     -4.1440387      19.744896
   87      849.98519      270.21149      52.120253     -4.1400854      18.660132
 87.1      849.57356      269.81177      52.345358     -4.1361393       20.34006
 87.2      849.15876      269.87473      52.546485     -4.1321755       20.39052
 87.3      848.74651      270.08123      52.496108     -4.1282057      21.512465
 87.4      848.33273      269.57711      52.227253     -4.1242308      19.880081
 87.5      847.92187      270.53245      52.357069     -4.1202656      20.077048
 87.6      847.50964      270.24815      52.806954      -4.116263      20.521389
 87.7      847.09775      270.05922      52.596571     -4.1122927      20.048458
 87.8      846.68723      270.35793      52.804003     -4.1082865      20.307998
 87.9      846.27608      269.85029      52.338919     -4.1043031      19.935233
   88      845.86676      269.83321      53.042907      -4.100284      21.125947
 88.1       845.4569      269.84313      52.724879     -4.0962786      20.328481
 88.2      845.04819      270.10072      53.049574     -4.0922547      19.510877
 88.3      844.63832       270.0794      52.758707      -4.088235      20.577761
 88.4      844.22952      269.99717      53.204833     -4.0842067      20.141511
 88.5      843.82031      269.88009      52.983922     -4.0801605      19.338693
 88.6      843.41343      269.98095      53.106275     -4.0761144       19.30895
 88.7      843.00548      269.90046        53.1075      -4.072072       20.14492
 88.8      842.59902        270.074       53.10549     -4.0680207       19.72361
 88.9      842.19223        270.048      53.216332     -4.0639524      20.060751
   89       841.7863      270.18458      53.062335     -4.0598917      19.805379
 89.1      841.37916      269.90153      53.317725     -4.0558292       19.80975
 89.2      840.97464      270.27707      53.190113     -4.0517454       18.27776
 89.3      840.57057      269.66175      53.215206      -4.047655      19.259439
 89.4      840.16465      269.93041       53.41694     -4.0435737      20.291492
 89.5      839.76115      270.12976      53.432507     -4.0394793      20.933034
 89.6      839.35701      270.01225      53.378478     -4.0353827      19.970886
 89.7      838.95443      269.92617      53.492434     -4.0312815      20.750682
 89.8      838.55084      270.16288      53.325417     -4.0271474      20.430746
 89.9      838.14979       269.8638      53.636423     -4.0230336      19.538715
   90      837.74624      269.90108       53.45426     -4.0189061      20.544785
 90.1      837.34534      269.68654      53.684372     -4.0147651      19.648687
 90.2      836.94395      269.96833        53.8683     -4.0106383      20.461212
 90.3      836.54304       270.2015      53.391488     -4.0064943      20.244643
 90.4      836.14194      270.01979      53.932387      -4.002341      20.454189
 90.5      835.74219      269.86554      53.703957     -3.9982054      18.965433
 90.6      835.34333      270.02425      53.688131     -3.9940299      19.324761
 90.7      834.94422      270.08336      53.563991     -3.9898621      20.272773
 90.8      834.54498      269.90377       53.77148     -3.9856847      20.397785
 90.9      834.14621      270.27645      53.937078      -3.981507      19.393032
   91      833.74802      269.82491      54.228504     -3.9773276      19.921407
 91.1      833.35041      270.02725       54.00403     -3.9731417      20.206927
 91.2      832.95394      270.24818       53.96641     -3.9689434      20.387593
 91.3      832.55695       269.9524      54.230258     -3.9647239      18.819555
 91.4      832.16185      270.21976      54.528954     -3.9605291      19.234621
 91.5      831.76443      269.63182       54.46294     -3.9563007      19.734302
 91.6      831.36954      270.23225      54.426636     -3.9520837      20.457017
 91.7      830.97434      269.87284      54.259033     -3.9478583      19.982183
 91.8      830.58033      269.85355       54.34697     -3.9436235      19.062205
 91.9      830.18576      269.98002      54.229177     -3.9393826      20.316088
   92      829.79184      269.76582      54.484633     -3.9351429      21.197735
 92.1      829.39872      270.25891      54.405212     -3.9308923      19.202669
 92.2      829.00558      270.33571      54.465058     -3.9266264      19.360905
 92.3      828.61335      270.15483      54.665171     -3.9223533      18.990247
 92.4      828.22166      270.12115      54.570761     -3.9180911       19.86103
 92.5      827.83024      269.58001      54.760901     -3.9138143      20.469209
 92.6       827.4393       270.1766      54.454571      -3.909527      19.259463
 92.7       827.0481      270.00879      54.711995     -3.9052553      20.777938
 92.8      826.65711      269.94819      54.946145     -3.9009542      19.457773
 92.9      826.26777      269.94987      54.862618     -3.8966502      20.753632
   93      825.87767      269.99783      55.317805     -3.8923407      19.944809
 93.1      825.48814      270.16933      55.031918     -3.8880218      20.600838
 93.2      825.10199      270.27333      54.676256     -3.8837053      19.832159
 93.3        824.714      269.86416      54.845679     -3.8793708      19.330054
 93.4       824.3249      269.93576      55.322237     -3.8750505      20.600552
 93.5      823.93741      269.58274      55.151829     -3.8707115      19.008587
 93.6      823.54982      269.84765      55.233094     -3.8663724      20.754184
 93.7      823.16331      270.03519      55.316122     -3.8620204      19.761104
 93.8       822.7785      269.57167      55.422213     -3.8576719      19.258049
 93.9      822.39224      270.04457      55.382499     -3.8533034      20.345958
   94      822.00675      270.09571      55.206145     -3.8489314      20.548692
 94.1      821.62209      270.02178      55.733509     -3.8445512      19.574975
 94.2      821.23824      269.91963      55.503261     -3.8401808      19.915168
 94.3      820.85506       269.9927      55.719129     -3.8357985      20.599151
 94.4      820.47214       269.9014      55.439863     -3.8313934      19.707675
 94.5      820.08823      270.02089      55.673681     -3.8270027      20.654046
 94.6      819.70605      269.84181      55.962766     -3.8225969      19.740225
 94.7      819.32405      269.62454       55.80091     -3.8181781      19.363039
 94.8      818.94196      269.91583      55.551264     -3.8137675      19.933212
 94.9       818.5612      269.93173      56.106978     -3.8093348       19.66274
   95      818.18153       269.7874      56.068587     -3.8048991      21.436967
 95.1      817.79975      270.29379      55.586101     -3.8004662      20.020964
 95.2      817.42012       270.3387      56.202886     -3.7960259      20.495661
 95.3      817.04098      270.06566      55.825673     -3.7915842      19.288126
 95.4      816.66276      269.95986      56.209309     -3.7871167      20.594379
 95.5      816.28357      270.21964      55.873726     -3.7826646      18.210025
 95.6      815.90606      270.13055      56.135222     -3.7781887      21.048763
 95.7      815.52698      270.03792       56.36394     -3.7737205      19.968817
 95.8      815.15024       270.0352      56.345903     -3.7692308      19.896909
 95.9      814.77427      270.08387      56.236749     -3.7647493      20.603843
   96      814.39763      270.09382      56.405274     -3.7602546      20.527366
 96.1      814.02118      270.24105      56.368625     -3.7557565      20.460232
 96.2      813.64676      270.15795      56.371739     -3.7512452      21.190169
 96.3      813.27159       269.9093      56.376374      -3.746732       19.80042
 96.4      812.89801      269.95958      56.584103     -3.7422199      19.612601
 96.5      812.52306      270.03133      56.369184     -3.7377047      20.904794
 96.6      812.15111      269.97149      56.452685     -3.7331643       19.72401
 96.7      811.77691      270.01567      56.590566     -3.7286357       20.08842
 96.8      811.40514      269.91024      56.781111     -3.7240816      19.397167
 96.9      811.03311      269.86549       56.85789     -3.7195399      20.255848
   97      810.66081      269.88393      56.839995     -3.7149635      19.897652
 97.1      810.28885       270.1892      56.899733     -3.7104106      19.907393
 97.2      809.91847      270.27508      56.775932     -3.7058401      19.550239
 97.3      809.54848      269.92676      56.864907     -3.7012689      20.162674
 97.4      809.17797      269.93659      56.669631      -3.696692      20.321367
 97.5      808.80756      269.82228      56.975014     -3.6920885      19.941771
 97.6       808.4405      269.89539      56.991762     -3.6875067      20.871005
 97.7      808.07111      269.99123      57.104439     -3.6829176      19.657887
 97.8      807.70341      269.97329       56.94556     -3.6782976      19.872285
 97.9      807.33481       270.1931      57.143687     -3.6736933      18.507211
   98      806.96809       269.9485      57.223791     -3.6690663      19.520804
 98.1      806.60082      270.24973      57.063882     -3.6644364      19.453935
 98.2      806.23515      270.02489      57.444674     -3.6598143      20.541066
 98.3      805.87029      269.90944      57.931697     -3.6551671      19.608359
 98.4      805.50461       269.9911      57.407496     -3.6505303      20.181057
 98.5      805.13917      270.00423      57.335914       -3.64587      20.709878
 98.6      804.77622       269.7159      57.712873     -3.6412175      19.809673
 98.7      804.41145       270.0501      57.278671     -3.6365541      20.848895
 98.8      804.04835      269.85458       57.49413      -3.631874      19.230233
 98.9      803.68504      269.89893       57.61609     -3.6272133       20.37188
   99      803.32286      269.92751      57.625788     -3.6225168      19.814589
 99.1        802.961      270.11801       57.56786     -3.6178371      20.250233
 99.2      802.59892      269.70378      57.681979     -3.6131302      20.128104
 99.3      802.23854       269.7462      57.590413     -3.6084326      19.747076
 99.4      801.87619      270.14725      57.929664     -3.6037284      20.648096
 99.5      801.51834      269.88101       58.07609     -3.5990149      19.070673
 99.6      801.15779      269.75527      57.759076     -3.5942972      19.616192
 99.7      800.79816      270.04059      58.047367     -3.5895771      20.373635
 99.8      800.43922      269.98338      57.725826     -3.5848408      21.087142
 99.9      800.08092      270.20868       57.86995     -3.5800898      19.761741
  100      799.72319       270.0325       57.93829     -3.5753476      19.299955
100.1      799.36586      270.39737      57.981478     -3.5706003      19.405482
100.2      799.00891      269.81654      58.191732     -3.5658231      21.009402
100.3      798.65319      269.93099      58.225874      -3.561056      19.323096
100.4      798.29666      270.08793       58.13955     -3.5562831      18.794032
100.5       797.9414      269.68636      58.404362     -3.5515016       19.63336
100.6      797.58717      270.10733      58.291772     -3.5467184      19.431082
100.7      797.23291      270.19369       58.55419       -3.54193      19.772105
100.8      796.87894      269.78528      58.622453     -3.5371427        19.8572
100.9      796.52411      270.18337      58.902083     -3.5323422      19.666452
  101      796.17222      269.79599      58.915909     -3.5275183      19.025771
101.1      795.81959      269.70543      58.675422     -3.5226961      20.135106
101.2      795.46762       269.8395      58.725045      -3.517885      19.141332
101.3      795.11544       270.0541      59.127261     -3.5130567      20.949762
101.4      794.76504      269.83246      58.866997      -3.508206      19.315515
101.5      794.41479      270.17284      58.461448     -3.5033781      18.789545
101.6      794.06417      270.00737      59.031619     -3.4985174      19.932571
101.7      793.71528      269.67428        58.8184     -3.4936614      19.118147
101.8       793.3642      270.14182      59.040681     -3.4887895      19.721002
101.9      793.01555      269.93064      59.218687     -3.4839382      20.543663
  102      792.66893      270.14177      59.166486      -3.479064       20.44992
102.1       792.3205      269.86704      59.000709      -3.474169      19.530656
102.2      791.97402      269.94862       59.28072     -3.4692894      20.369393
102.3      791.62704      269.77144      59.169837     -3.4643825      20.409291
102.4      791.28124      269.96264      59.477499     -3.4594843      19.636904
102.5      790.93502      269.83773      59.464135     -3.4545729      20.630801
102.6      790.58996      270.20365      59.416263     -3.4496485       20.73878
102.7      790.24537      270.11401      59.287025     -3.4447431      19.451347
102.8      789.90106      270.14789      59.383069     -3.4398017       20.78122
102.9      789.55727      269.86954      59.434784     -3.4348753      19.015029
  103      789.21334      269.98922      59.639534     -3.4299318      20.667411
103.1      788.87263      269.84438      59.608686      -3.425005       18.58733
103.2      788.52862      269.58491        59.7133     -3.4200359      19.898228
103.3      788.18823       270.2038      59.440847     -3.4150818       20.29599
103.4      787.84587      270.11529      59.534097     -3.4101121      20.205073
103.5      787.50488      269.87921      59.875083      -3.405142      20.406932
103.6      787.16559      269.84911      59.739762     -3.4001644      19.568669
103.7      786.82558      269.75724      59.920977     -3.3951875       19.70045
103.8      786.48489      269.95511      59.965491     -3.3901832      19.481855
103.9      786.14827      270.07936      59.563839     -3.3851824      20.388689
  104      785.80701      270.30246      59.888922     -3.3801806      19.428074
104.1      785.47117      269.80406      60.116641     -3.3751794      20.014188
104.2      785.13358      270.15507      60.454292     -3.3701494      20.931992
104.3      784.79752      269.76287      60.308032     -3.3651196      19.553987
104.4      784.46047      270.08244      60.185458     -3.3600917       19.45686
104.5      784.12465      270.26165      60.322242     -3.3550491      20.083899
104.6      783.78979       269.6861       60.59873     -3.3500163      20.094518
104.7       783.4545      269.99383      60.369977     -3.3449646      19.471302
104.8      783.12166      269.85064       60.65339     -3.3399033      20.348061
104.9      782.78709      269.79896      60.355004     -3.3348434      19.151305
  105      782.45426      269.77832      60.519502     -3.3297693      20.486661
105.1      782.12026      269.87031      60.530196     -3.3246931      18.826881
105.2      781.78944      269.60336      60.528323     -3.3196118      19.741651
105.3      781.45686      269.83543      60.532097     -3.3145102      19.554362
105.4      781.12625       269.9884       60.74416     -3.3094259      20.605214
105.5      780.79624      269.88869      60.884457      -3.304318        19.9643
105.6      780.46576      269.85789      60.980552     -3.2992114      20.657212
105.7       780.1364      269.67236      60.957632     -3.2941018      20.750435
105.8      779.80662      269.75925       61.34145     -3.2889739       18.58175
