   5       1145.793      259.12431      33.557056      -1.904481      20.373415
 5.1       1145.604      259.15442      33.497238     -1.9004089       20.77187
 5.2      1145.4125       258.8442      33.352411     -1.8963376      20.362051
 5.3       1145.225      259.22997      33.303797      -1.892257      20.166224
 5.4      1145.0362      259.29797      33.457151      -1.888167      20.641318
 5.5      1144.8465      259.34787      33.362354     -1.8840833      19.980851
 5.6      1144.6587       258.9512       33.76612     -1.8799959      20.874176
 5.7      1144.4705      259.49149      33.634554      -1.875914      19.220234
 5.8      1144.2831      259.39972      33.426138     -1.8718241      19.621721
 5.9      1144.0966      259.52221      33.486335     -1.8677243      21.058242
   6      1143.9091      259.57657      33.069026     -1.8636322      19.465428
 6.1      1143.7232      259.54077      33.370705     -1.8595371      20.108139
 6.2      1143.5368      259.39058      33.631288     -1.8554362      19.167887
 6.3      1143.3524      259.83596      33.564126     -1.8513327      19.656298
 6.4      1143.1671      259.69751      33.581052     -1.8472289      19.926338
 6.5      1142.9838      259.78525      33.747209     -1.8431305      18.583419
 6.6      1142.7978      259.78226       33.75724      -1.839029      20.522985
 6.7      1142.6146      259.75816      33.318326     -1.8349133       19.67323
 6.8      1142.4314        259.674      33.729485     -1.8308141      19.404776
 6.9      1142.2496      259.69388      33.679455     -1.8266921      19.737743
   7      1142.0669      259.90009      33.276478     -1.8225795      18.847924
 7.1      1141.8847      259.87128      33.570974     -1.8184659      19.990401
 7.2      1141.7028      260.03721      33.850901     -1.8143433      20.933134
 7.3      1141.5206      260.08105      33.604167     -1.8102312      18.912912
 7.4      1141.3402      259.91293      33.800779     -1.8061052      18.629211
 7.5      1141.1594      259.96108      33.755391      -1.801962      20.021197
 7.6        1140.98      260.03002       33.59512     -1.7978574      20.457475
 7.7      1140.8011      260.01498      33.345858     -1.7937185      20.175211
 7.8      1140.6217       260.1828      33.780432     -1.7895781      19.471547
 7.9      1140.4425      259.98495      33.186971     -1.7854698      19.994185
   8      1140.2643      260.39516       33.70104     -1.7813325      19.747602
 8.1      1140.0869      260.37887      33.426338     -1.7771926      20.285184
 8.2      1139.9094      260.29468      33.947815     -1.7730526       21.17879
 8.3      1139.7323      259.91017      33.936517      -1.768917       19.19342
 8.4      1139.5545      260.39159      33.665285     -1.7647657      18.648131
 8.5      1139.3798      260.75718       33.86311     -1.7606198      19.232569
 8.6      1139.2047      260.63491      33.494389     -1.7564898      19.502014
 8.7      1139.0274      260.91383      33.777328     -1.7523251      20.383236
 8.8      1138.8532      260.64182      33.962272     -1.7481748      19.329248
 8.9      1138.6781      260.53772      33.716074     -1.7440342      20.656435
   9      1138.5038      260.64985      33.970313     -1.7398811      20.077538
 9.1        1138.33      260.72768      33.567794     -1.7357152      19.531414
 9.2      1138.1573      260.73009      33.458486     -1.7315612      18.611462
 9.3      1137.9846      260.94818      33.771395     -1.7274005      19.934977
 9.4      1137.8107      260.94371      33.900452     -1.7232392      20.811737
 9.5      1137.6396      261.06266      33.581026     -1.7190688      18.082013
 9.6      1137.4672      260.90704      33.648828      -1.714905       20.19055
 9.7       1137.296      261.29928      33.616264     -1.7107512      20.240844
 9.8      1137.1246      261.21535      34.087839     -1.7065749      19.606718
 9.9       1136.954      261.05185      33.841892     -1.7024078      19.655663
  10      1136.7844      261.17451      33.862804     -1.6982366      20.132948
10.1      1136.6154      260.88973      33.854073     -1.6940594      19.440802
10.2      1136.4463      261.63358       33.92308     -1.6898837      19.118673
10.3      1136.2768      261.09263      33.856159     -1.6857076      20.584614
10.4      1136.1092      261.17547      34.051253     -1.6815238      19.681764
10.5      1135.9404      261.55111      33.712996     -1.6773411      20.610593
10.6       1135.773      261.50191      33.943516     -1.6731506      20.432062
10.7      1135.6061      261.71803      33.670835     -1.6689648      19.413908
10.8      1135.4408      261.57692      33.921941     -1.6647873      21.113501
10.9      1135.2739      261.60288      33.831226     -1.6605917      19.660945
  11      1135.1072      261.58901      33.860996     -1.6563973      19.044913
11.1      1134.9413      261.62167      34.112761     -1.6522066      20.793357
11.2      1134.7765      261.41617      33.779406     -1.6480221      19.959278
11.3      1134.6121      261.52334       33.80482      -1.643819      20.968606
11.4      1134.4486      261.79459      33.650598     -1.6396267      19.583789
11.5      1134.2845      261.90501      33.967516     -1.6354221      20.566705
11.6      1134.1211      261.68239      33.547077     -1.6312157      20.594541
11.7      1133.9602      262.09126      33.834676     -1.6270109      19.283824
11.8      1133.7956       261.6873      33.894513     -1.6228138        19.7602
11.9      1133.6342      262.08409      33.964253     -1.6186018      20.569365
  12      1133.4715      261.58789      33.986415     -1.6143864      20.644766
12.1      1133.3104      262.07239      33.702535     -1.6101861      20.617782
12.2      1133.1509      262.33022      33.837011     -1.6059645      20.291565
12.3      1132.9894       262.3981      33.933867     -1.6017445      20.525538
12.4      1132.8291      262.14337      34.047617     -1.5975282      20.069884
12.5      1132.6715      262.19488      34.197938     -1.5933196      20.724993
12.6      1132.5111      262.20071      34.040523     -1.5890954      20.281369
12.7      1132.3518      262.16043      34.305651     -1.5848565      20.576128
12.8      1132.1947      262.26465       34.08814     -1.5806391      19.373853
12.9      1132.0362      262.80459      34.256352     -1.5764247      20.310305
  13      1131.8785      262.45836        34.2049     -1.5721802      20.526102
13.1      1131.7218      262.43246      34.525391     -1.5679665      19.366549
13.2      1131.5653       262.6947      34.006567     -1.5637306      20.769528
13.3      1131.4092      262.78244      34.222351     -1.5594982      20.392874
13.4      1131.2541      262.55819      34.209152     -1.5552536      19.802018
13.5      1131.0981      262.58248      34.067414     -1.5510212      19.436273
13.6      1130.9437       262.8754      34.085298     -1.5467858      20.871263
13.7      1130.7889      262.64093      34.050787     -1.5425514      19.941267
13.8      1130.6339       262.5952      34.133298     -1.5383009      19.046388
13.9      1130.4822      263.01805      34.351744     -1.5340544      19.972086
  14      1130.3276      262.49463      33.941292     -1.5298201        20.3437
14.1      1130.1756      263.20425      34.704435     -1.5255657       19.18294
14.2      1130.0222      263.15084      34.379765      -1.521317      20.500999
14.3      1129.8701      263.27595      34.181954     -1.5170655      20.046276
14.4      1129.7192      263.06111      34.286491     -1.5128165      21.109299
14.5      1129.5683      263.21254       34.11185     -1.5085599      20.722166
14.6      1129.4173      262.96035      33.996914     -1.5043049      19.280549
14.7      1129.2671      263.13982      34.146042     -1.5000472      20.810964
14.8      1129.1179      263.19719      34.489439     -1.4957929      19.230475
14.9      1128.9684      263.51028       34.06987     -1.4915273      19.756172
  15      1128.8195        263.431      34.255452     -1.4872579      20.082728
15.1      1128.6705      262.98369      34.277473     -1.4830103      20.628763
15.2      1128.5221      263.50257      34.298741     -1.4787276      20.212236
15.3      1128.3759      263.69056      34.371621     -1.4744626      20.080773
15.4      1128.2275      263.31551      34.532235     -1.4701959      21.297741
15.5      1128.0807      263.87616       34.48156     -1.4659351      20.138167
15.6      1127.9345      263.65036      34.111305     -1.4616553      19.597639
15.7      1127.7882      263.80038      34.153679     -1.4573826       20.83006
15.8      1127.6432      264.00735      34.458852     -1.4531021      19.637261
15.9      1127.4977      263.89008      33.995756     -1.4488212      19.474762
  16      1127.3531       263.9302      34.209119     -1.4445528      19.927107
16.1      1127.2095      263.96219      34.423681     -1.4402655      19.254619
16.2      1127.0651      263.82065      34.283928     -1.4359843      19.538408
16.3      1126.9227      264.07531      34.334903     -1.4316952      19.891257
16.4      1126.7794      264.46843      34.143752     -1.4274121      19.878685
16.5      1126.6372      264.27711      34.473857     -1.4231188      21.201115
16.6      1126.4955      263.51912      34.193779     -1.4188283      19.579097
16.7      1126.3521      263.71242      34.294177      -1.414535      18.339095
16.8       1126.211      264.14017       34.53892     -1.4102285      18.628017
16.9      1126.0706      264.31428      34.212731     -1.4059529      20.208678
  17      1125.9301      264.55459      34.478801     -1.4016543      20.088157
17.1      1125.7897      264.43639      33.933713     -1.3973686      20.200358
17.2      1125.6504      264.17995      34.491758     -1.3930513      20.130032
17.3      1125.5108      264.36959      34.212852     -1.3887624      20.387924
17.4      1125.3737      264.13151      34.385071     -1.3844558       20.75536
17.5      1125.2344      264.44828      34.549942     -1.3801583      19.905537
17.6      1125.0974      264.34457      34.295274     -1.3758498      19.996713
17.7      1124.9602       265.0462      34.098037     -1.3715371      19.834292
17.8      1124.8229      264.93781      33.967487     -1.3672448      19.785743
17.9      1124.6865      264.62618      34.423865     -1.3629165      19.089484
  18      1124.5503      264.80955      34.702891     -1.3586087      19.549263
18.1      1124.4154       264.7479      34.277523     -1.3543021      21.421277
18.2      1124.2787      264.88227      34.291606     -1.3499825      20.131197
18.3      1124.1441      264.43141       34.58373     -1.3456638      19.527132
18.4      1124.0088       265.0092      34.253728     -1.3413556      19.869849
18.5      1123.8766      264.97472      34.609299     -1.3370236      20.528952
18.6      1123.7427      265.02694      34.200748     -1.3327154      20.919996
18.7      1123.6088      264.93948       34.18971     -1.3283926      21.336748
18.8      1123.4766      265.06463      34.021874     -1.3240702      19.089681
18.9      1123.3449      265.06666      34.181035     -1.3197388      20.439294
  19      1123.2133      265.44178      34.747143     -1.3153983      19.790305
19.1       1123.082       265.0949      34.482687       -1.31107      20.667881
19.2      1122.9508      265.04832      34.553876     -1.3067418      20.183839
19.3      1122.8211      264.80072      34.331763     -1.3024051       19.50592
19.4      1122.6915      265.29362      34.419063     -1.2980765       20.10381
19.5      1122.5605      265.40919      34.430662     -1.2937313        19.8948
19.6      1122.4321      265.25003      34.327904     -1.2894089      19.357842
19.7      1122.3017      265.70785      34.103017     -1.2850679      19.713722
19.8      1122.1755      265.21573      34.405602     -1.2807374      19.746108
19.9      1122.0462      265.70866      34.325657     -1.2763777      19.130617
  20        1121.92      265.51646      34.340258     -1.2720332      19.812469
20.1      1121.7919      265.73747      34.548713     -1.2676965      19.982275
20.2      1121.6652      265.60645      34.241963     -1.2633537      19.672227
20.3      1121.5398      265.96485      34.429771     -1.2590094      19.237508
20.4      1121.4128      265.58435        34.4654     -1.2546582      20.053921
20.5      1121.2878      265.87465      34.564268      -1.250306      21.197499
20.6      1121.1632      265.98713      34.497837     -1.2459588       20.02978
20.7      1121.0396      265.78007      34.547675     -1.2415965      20.009782
20.8      1120.9158      265.65848      34.352051     -1.2372594      18.786243
20.9      1120.7913      266.18418      34.452365     -1.2329029      19.427916
  21      1120.6682      266.11565       34.37619     -1.2285281      21.102117
21.1      1120.5473      265.78719      34.461915     -1.2241727      19.603663
21.2      1120.4244      266.17207      34.781787     -1.2198133      20.942109
21.3      1120.3013      266.15574      34.222618      -1.215455      19.015842
21.4      1120.1815      266.02426      34.914224     -1.2110921      19.735135
21.5      1120.0603      266.07809      34.636535     -1.2067196      19.929534
21.6      1119.9404      266.20419      34.532902     -1.2023715      20.102067
21.7      1119.8221      266.07255      34.810416     -1.1979852      19.148287
21.8      1119.6991      266.29579      34.931847     -1.1936321      19.115141
21.9      1119.5814      266.33268      34.745254     -1.1892554      19.495571
  22      1119.4627      266.55451      34.223653     -1.1848823      18.910863
22.1      1119.3434      266.35862      34.810746     -1.1805041      19.669815
22.2      1119.2262      266.66873      34.523382     -1.1761491      20.974106
22.3      1119.1086       266.7943      34.626598     -1.1717572      20.211363
22.4      1118.9915      266.70505      34.754313     -1.1673807      20.303403
22.5      1118.8754      266.99373      34.416597     -1.1630055      19.154956
22.6      1118.7584      266.54889      34.657624     -1.1586173      19.445504
22.7      1118.6444      266.84253      34.941442      -1.154257      19.638615
22.8      1118.5276      267.22354      34.745977     -1.1498614      20.833774
22.9      1118.4138      266.98261      34.752955     -1.1454743       19.86285
  23      1118.2998      267.20716      34.622682     -1.1410954      20.753996
23.1      1118.1861       267.0194      34.711951     -1.1366881      19.098026
23.2      1118.0718       267.0037       34.59872     -1.1323143      20.046059
23.3      1117.9597      267.14252      34.691189     -1.1279351      19.799764
23.4      1117.8458      267.36525      34.619495     -1.1235351      19.634886
23.5      1117.7345       267.1736      34.574968     -1.1191508      19.810187
23.6      1117.6231      266.94412      34.504504     -1.1147587      19.457774
23.7      1117.5121      267.47487      34.433236     -1.1103632       19.62738
23.8      1117.4009      267.18099      34.783687     -1.1059599      19.996839
23.9      1117.2892      267.45729      34.814828     -1.1015632      20.857693
  24      1117.1795      267.54119      34.843664     -1.0971524      19.481592
24.1      1117.0712      267.58407      34.677089      -1.092765      19.031091
24.2      1116.9621      267.26165      34.472727     -1.0883465      18.724014
24.3      1116.8524      267.44555      34.740486     -1.0839649      20.073706
24.4      1116.7447       267.4093      34.778646     -1.0795553      18.901902
24.5      1116.6372      267.54788      35.105839     -1.0751245      19.088992
24.6      1116.5296      267.31558      34.994935     -1.0707496      20.050124
24.7      1116.4224      267.73607      34.980591     -1.0663308      19.285485
24.8      1116.3168      267.96147      34.933258     -1.0619269      20.363225
24.9      1116.2107      267.86956      34.696063     -1.0575117       19.55928
  25      1116.1035      268.00251      35.064887     -1.0531048      20.233601
25.1      1115.9999      268.03498      34.643962     -1.0486869      20.181241
25.2      1115.8953      267.84013      34.763793      -1.044264      20.104643
25.3      1115.7909      267.93101      34.863896     -1.0398566      20.547372
25.4      1115.6878      267.99587      34.654383     -1.0354385      19.498718
25.5      1115.5847      268.36498      34.660117     -1.0310285       20.27859
25.6      1115.4815      268.21233      34.591886     -1.0266039      20.221448
25.7      1115.3785      268.37818      34.794271     -1.0221829      20.866836
25.8      1115.2777      268.12678       34.95155     -1.0177546      20.070533
25.9      1115.1744      268.43762      34.859506     -1.0133429      20.427714
  26      1115.0747      268.36325      34.970316     -1.0089147      19.900925
26.1      1114.9731      268.39498       34.73087     -1.0044879      20.227283
26.2      1114.8728      268.57658      34.749814     -1.0000537      19.687136
26.3      1114.7738      268.53695      34.717951    -0.99563469      20.014153
26.4       1114.674      268.34575      35.040209    -0.99120096      21.402531
26.5      1114.5751      268.48035       35.19713    -0.98677483      20.343051
26.6      1114.4758       268.8184      35.053534    -0.98234358      19.478066
26.7      1114.3788      268.85363      34.786271    -0.97790277      20.528225
26.8      1114.2804      268.66304      34.449332    -0.97348808      19.941112
26.9      1114.1831      268.44063      35.026989     -0.9690363      20.247065
  27      1114.0884      268.90323      34.849907    -0.96459419       20.17622
27.1       1113.992      268.75082      34.895408    -0.96016963      18.761011
27.2       1113.895      268.97058      34.972257    -0.95572996      19.954713
27.3      1113.7999      268.95263      34.734426    -0.95129469      20.615635
27.4       1113.705      268.75445      34.591177    -0.94684749      19.490877
27.5      1113.6114      269.01677      34.742203    -0.94241219      20.225395
27.6      1113.5153      268.86932       34.84747    -0.93796441      20.530181
27.7      1113.4228      269.29794      35.047608    -0.93352842       20.11749
27.8      1113.3291      269.12146      35.055078      -0.929075      20.550114
27.9      1113.2363      269.29482       34.81457    -0.92463342      20.393879
  28      1113.1444      269.27766      34.959681    -0.92018296      20.185169
28.1      1113.0536       269.2199      34.861463    -0.91573852      20.001271
28.2       1112.961      269.20744      34.758943    -0.91128621      19.419042
28.3      1112.8706      269.43552      35.468886    -0.90682637      19.282559
28.4      1112.7802      269.66836      35.019292    -0.90238852      19.519625
28.5      1112.6907      269.57652      35.117244    -0.89794164      20.082321
28.6      1112.6005      269.32865      34.726251      -0.893471      19.866457
28.7      1112.5114      269.51503      34.925904     -0.8890276      19.024859
28.8      1112.4228      269.44405      34.996721    -0.88456709      19.220575
28.9       1112.335       269.4775      34.700056    -0.88011353      20.557711
  29      1112.2468      269.81888      34.621508    -0.87565604      20.710396
29.1      1112.1603      269.69803      34.917426    -0.87120021      19.798375
29.2      1112.0723      270.19796      35.257926    -0.86672545      18.194277
29.3      1111.9861       270.1707      34.921908    -0.86226499       20.57089
29.4      1111.9003      269.88255      34.798786    -0.85780569      19.706871
29.5      1111.8147      269.87675      35.126957     -0.8533418      20.305939
29.6        1111.73       269.9995      34.830925    -0.84887826       20.47815
29.7      1111.6447      269.98335      35.282213    -0.84440833      21.243233
29.8      1111.5601      270.12818      35.117214    -0.83994977      20.755906
29.9      1111.4773      269.84987      35.078857    -0.83547692      19.877499
  30      1111.3938      270.13434      35.153107    -0.83100255      19.338809
30.1      1111.3121      269.88459      34.927629    -0.82654016      20.287231
30.2      1111.2294       270.1825      35.071013    -0.82205769      20.010592
30.3      1111.1457      270.39654      34.718763    -0.81759092      19.905903
30.4       1111.065      270.14119      34.854036    -0.81311754      19.388594
30.5      1110.9841      269.91759      34.603669    -0.80865145      19.590636
30.6      1110.9023      270.75881      35.066256    -0.80417165      20.257662
30.7      1110.8225      270.50613      35.032848    -0.79969169      21.269479
30.8      1110.7429      270.54142      35.276786    -0.79522919      19.904287
30.9      1110.6631      270.53183      34.945863    -0.79075113      19.872035
  31      1110.5848      270.72353      35.023986    -0.78626715      20.565107
31.1      1110.5062       270.9194      35.163923    -0.78179811      20.848157
31.2      1110.4283      271.08163       35.06882    -0.77730931      18.709632
31.3      1110.3511      270.58508      35.121993    -0.77282188      19.303984
31.4      1110.2734      270.97652      34.786284    -0.76835023      20.132727
31.5       1110.196      271.06946      35.297493    -0.76385147      19.896132
31.6      1110.1204      270.79782      35.014113    -0.75937482      20.429266
31.7      1110.0458      271.04346      35.072842    -0.75488851      19.299018
31.8      1109.9698      271.37827      35.207405    -0.75040011       19.88888
31.9      1109.8957      271.35552      35.193493    -0.74591197      20.050332
  32      1109.8219      270.89373      34.908856    -0.74142568       20.23943
32.1      1109.7475      270.99929      35.237904    -0.73694368      19.096154
32.2      1109.6741      271.18291      34.923244    -0.73245977      19.822615
32.3       1109.601      270.96383      35.139822     -0.7279576      18.916293
32.4      1109.5279      271.34212       35.00707    -0.72346411      19.652839
32.5      1109.4563      271.21184      35.393498     -0.7189821      19.832277
32.6      1109.3838      271.39179      34.999593    -0.71447747      21.108432
32.7      1109.3128      271.14792      35.136974    -0.70998745      19.942078
32.8      1109.2423      271.47427      35.194505    -0.70548374      20.093473
32.9      1109.1714      271.70544      35.159727    -0.70099155      20.952279
  33      1109.1015        271.545      35.215508    -0.69650692      20.313405
33.1      1109.0323      271.58511      35.192927    -0.69200845      20.467625
33.2      1108.9637      271.32877      35.042095    -0.68749534      20.653765
33.3      1108.8946      271.57087      35.148566    -0.68300568      20.896751
33.4      1108.8258      271.75572      34.757376    -0.67849168      19.270054
33.5      1108.7602      271.78895      34.979814    -0.67399506      18.887111
33.6      1108.6918      271.79961      35.018563    -0.66949752      19.492321
33.7      1108.6253      272.04086       35.30307    -0.66499366      21.069836
33.8      1108.5592      271.62122      34.863374    -0.66049581      19.743763
33.9      1108.4943      272.14077      35.140837    -0.65598392      18.882706
  34       1108.428      271.95642      35.130745    -0.65148715      19.035047
34.1      1108.3635      272.11049      35.150656    -0.64697187      20.214679
34.2       1108.299      272.18512      35.371606    -0.64247701      20.120513
34.3      1108.2354       272.2286      34.938891    -0.63795951      21.042139
34.4      1108.1716      272.14127      35.123933    -0.63345094      20.457955
34.5      1108.1088      272.20108      35.270192    -0.62893146      18.938317
34.6      1108.0459      272.32948       34.86969    -0.62443723      19.724023
34.7      1107.9822       272.6132      35.609167    -0.61993156      19.029869
34.8      1107.9225      272.62437      34.871388    -0.61542607      19.853677
34.9        1107.86      272.43563       35.05125    -0.61089674      19.774275
  35      1107.7994      272.85496      34.906446    -0.60639384      18.337662
35.1      1107.7375      272.48557      34.824612    -0.60187218      20.029851
35.2      1107.6784      272.75524        35.1727    -0.59735715      18.215365
35.3      1107.6192      272.92377       35.14187    -0.59284703      19.748401
35.4      1107.5606      272.73984      35.291445    -0.58833503       20.91938
35.5      1107.5017      272.65052      35.010066    -0.58381369      20.028652
35.6      1107.4443      272.96724      35.026873    -0.57929652      19.258397
35.7       1107.386      272.93813      35.264666    -0.57477245      20.096005
35.8      1107.3277      273.00584      35.187447    -0.57025958      19.585321
35.9      1107.2718      272.80461       35.18816    -0.56574534      20.025162
  36      1107.2163      273.31931      35.252553    -0.56122016      19.830592
36.1      1107.1584      273.14234       35.22972    -0.55669645      20.878508
36.2      1107.1037      273.22291      35.513758    -0.55217921      19.460932
36.3      1107.0499      272.92106      35.264019    -0.54765155       21.00051
36.4      1106.9941      273.15324      35.669579    -0.54312228      20.180495
36.5      1106.9414      273.45025      35.009934    -0.53860488      19.375327
36.6       1106.887       272.9176      35.134688    -0.53408207       19.73867
36.7      1106.8334      273.60673      35.459459     -0.5295689       20.53016
36.8      1106.7819      273.30579      35.075547    -0.52502956      21.846255
36.9      1106.7287      273.35954      35.154155    -0.52049879       21.08348
  37      1106.6781      273.60729      35.301165    -0.51597615       18.74525
37.1      1106.6262      273.63872      34.992891    -0.51146497      18.223385
37.2      1106.5736       273.1436      35.202995    -0.50692362      19.585007
37.3      1106.5234      273.45089       34.96152    -0.50239099      20.265167
37.4      1106.4736      273.62604      35.227454    -0.49786066      19.134753
37.5      1106.4248      273.42701      35.429453    -0.49332331      18.714144
37.6      1106.3759      273.81582      35.427937    -0.48881396      20.167651
37.7      1106.3278      273.58838      35.413587     -0.4842684      19.430809
37.8      1106.2788      274.17939      34.962858    -0.47973787      21.065592
37.9       1106.231      274.00305       35.21754    -0.47521489      19.439136
  38       1106.183      273.88853      35.180155      -0.470679      20.611187
38.1      1106.1378      274.02582      35.037668    -0.46614631      20.180009
38.2       1106.091      274.24873      35.074802    -0.46160483       19.19677
38.3       1106.045      274.40037      34.876066    -0.45708347      20.344041
38.4      1105.9989      274.09689      35.106135    -0.45252891      19.327609
38.5      1105.9537      274.02875      35.224152    -0.44800141      20.180637
38.6      1105.9089      274.05195      35.252239    -0.44346441      20.151049
38.7      1105.8652      274.16438      35.232457    -0.43893569      20.849381
38.8      1105.8209      274.54389      35.554109    -0.43440313      19.946116
38.9       1105.777      274.23603      35.082668    -0.42985739      20.364536
  39      1105.7361      274.27587      34.832641     -0.4253185      20.386562
39.1      1105.6922       274.2413      35.195664    -0.42076863      19.627787
39.2      1105.6516       274.4412      35.167342    -0.41623388      19.758096
39.3      1105.6104      274.38388      35.260969    -0.41170596      20.801552
39.4      1105.5691      274.56771      35.318388    -0.40716015      19.883237
39.5      1105.5289      274.74273      34.950766    -0.40261468      20.115567
39.6      1105.4879      274.57993       35.25997    -0.39807797      19.352956
39.7      1105.4487      274.86653      35.401074    -0.39352749      19.744604
39.8      1105.4094      274.77435      35.079707    -0.38899844      20.438794
39.9      1105.3714      275.02539      35.532074    -0.38444736      19.673439
  40      1105.3332      274.64741        35.0752    -0.37989266      19.472417
40.1      1105.2953      275.12984      35.257216    -0.37535547      21.330963
40.2      1105.2572      274.99971      35.284269    -0.37081059      20.878227
40.3      1105.2211       274.9157      35.148807    -0.36626607      20.125442
40.4      1105.1857      275.02654      35.365344    -0.36172389      19.883253
40.5      1105.1486      275.20114       35.41282    -0.35717029      19.689921
40.6      1105.1129      275.49969      35.132381    -0.35262414      19.527635
40.7      1105.0789       275.2864      35.249973    -0.34809011      19.316141
40.8      1105.0442      275.55632      35.458846    -0.34353469      20.801053
40.9      1105.0096      275.30958      34.997014     -0.3389816      19.719394
  41      1104.9754      275.38811      35.715761    -0.33443632      20.817409
41.1      1104.9433      275.36742      35.298732    -0.32990011       19.97809
41.2      1104.9105       275.7812      35.107013    -0.32533752      19.995649
41.3      1104.8782      275.41602      35.371797        -0.3208      19.851894
41.4      1104.8446      275.56167       35.27861    -0.31624976      20.443727
41.5       1104.814      275.42194      35.159444    -0.31169673      18.855898
41.6      1104.7828       275.6883      35.397211    -0.30714071      19.636684
41.7      1104.7513        275.635      35.324882    -0.30260767      19.934449
41.8      1104.7231      275.87201      35.184307    -0.29802652      20.232984
41.9      1104.6933      275.79385      35.081446    -0.29348895      20.352205
  42      1104.6632      276.01564       35.10226    -0.28894645      18.571947
42.1      1104.6355      276.11052      35.524116    -0.28438099      19.783232
42.2       1104.607      276.10286      35.167068    -0.27983394      20.738412
42.3      1104.5798      275.87029      35.303212    -0.27527425      19.402978
42.4      1104.5527       275.8194      35.433755    -0.27072695      19.245101
42.5      1104.5245      276.39616      35.368236    -0.26618093      19.945565
42.6      1104.4984      276.46211      35.620094    -0.26161851      19.473675
42.7      1104.4735      276.15236      35.368837     -0.2570744      18.725184
42.8      1104.4462      276.36342      35.119561    -0.25250797       19.96511
42.9       1104.422      276.17531      35.553015    -0.24796028      19.973191
  43      1104.3968      276.30751      35.323943    -0.24340227      19.743211
43.1      1104.3742      276.34407      35.154271    -0.23885279      19.733701
43.2       1104.349      276.19034      35.328283     -0.2342901      19.595382
43.3      1104.3287      275.99124      35.328314    -0.22972845      19.159639
43.4      1104.3058      276.46148      35.349103    -0.22517141      19.894054
43.5      1104.2824      276.69706      35.292943    -0.22062515      19.516491
43.6      1104.2597      276.76142      35.423264    -0.21606161      19.883148
43.7      1104.2376      276.54195      35.295402    -0.21149798       19.62692
43.8      1104.2176      276.48871      35.311052    -0.20694194      20.513253
43.9       1104.197      276.74541      35.362021    -0.20238002      20.056078
  44      1104.1768      276.71783      35.081315    -0.19782403      20.770764
44.1      1104.1579      276.74282      35.370421    -0.19327212      20.617069
44.2      1104.1394      277.04601      35.309808    -0.18871903      20.221624
44.3      1104.1198      276.83774      35.007445    -0.18415504      19.810643
44.4      1104.1025      277.01281      35.325626    -0.17959636      19.488936
44.5      1104.0838      277.27275      35.238741    -0.17504541        21.0194
44.6      1104.0655      277.52531      35.177523    -0.17047896      19.778558
44.7      1104.0493       277.1734      35.120907    -0.16590986      20.888612
44.8      1104.0328      277.47328       35.43142     -0.1613469         20.927
44.9      1104.0176      277.02412      35.166558    -0.15680059      19.657763
  45      1104.0017      277.24464      35.079541    -0.15222797       20.24132
45.1       1103.987      277.30405       35.43026    -0.14767448      19.635626
45.2      1103.9725       277.5323      35.313378    -0.14310408      20.528733
45.3      1103.9585      277.67738      35.258991    -0.13855252      19.593847
45.4      1103.9458      277.41939      35.633693    -0.13400146      18.494665
45.5      1103.9326      277.27076      35.422219    -0.12943957      19.544103
45.6       1103.919      277.44682      35.346737    -0.12487631      20.102738
45.7      1103.9071      277.75675      35.325783    -0.12031159      20.422455
45.8      1103.8949      277.98439      35.375762    -0.11574579      19.379819
45.9      1103.8841      277.71154      35.230327    -0.11118284      20.229623
  46       1103.873       278.1248      35.529094    -0.10661711      19.205151
46.1      1103.8621      277.53111      35.192406    -0.10206426      21.094681
46.2       1103.853      277.71001      35.326293   -0.097497029      20.494561
46.3      1103.8427      277.97796      35.089977   -0.092939949      19.930699
46.4      1103.8347      277.81634       35.22281   -0.088367487      20.056714
46.5      1103.8239       277.8174      35.542593   -0.083813121      20.733018
46.6       1103.817      277.88402      35.490755   -0.079242914      19.532332
46.7      1103.8102      277.98235      35.401637   -0.074690587      20.377372
46.8      1103.8032      278.27625      35.421023   -0.070119632       19.98086
46.9      1103.7943      277.86978      35.242077   -0.065552801      20.030207
  47      1103.7889      278.01916      35.416864   -0.060990101      20.301567
47.1      1103.7826      278.43466      35.136941   -0.056433392      20.614676
47.2      1103.7781      277.89975      35.457229   -0.051868128      19.890314
47.3      1103.7718       278.5245      35.384671   -0.047311636      20.056252
47.4      1103.7689      278.37715      35.142476   -0.042740198      20.936744
47.5      1103.7638      278.24429      34.964088   -0.038172788      18.751402
47.6      1103.7601      278.59441      35.073364   -0.033623966      19.404404
47.7      1103.7568      278.52502      34.968988   -0.029044626      19.473831
47.8      1103.7548      278.63202      35.282593   -0.024473191      20.503264
47.9      1103.7526      278.29094      35.378267   -0.019921542      20.671868
  48      1103.7514      278.57191      35.591292   -0.015358753      19.952414
48.1      1103.7495      278.63383      35.427802    -0.01080619      20.221388
48.2      1103.7494      278.87101       35.47655  -0.0062310411      21.459049
48.3      1103.7477      278.98123      35.418147  -0.0016720138      19.253533
48.4      1103.7471       278.6998      35.444118   0.0028855977      20.280144
48.5      1103.7484      278.88644      35.137822   0.0074593093      20.954084
48.6        1103.75       278.9338      35.150158    0.012026548      20.558678
48.7      1103.7513      278.90853      35.450668    0.016578937       20.17334
48.8      1103.7535      279.13246      35.573291    0.021151764      19.290065
48.9      1103.7552      279.15501      35.422735    0.025707473      20.472605
  49      1103.7591      279.17317      35.202311    0.030271491      18.752251
49.1      1103.7619      279.16817      35.163478    0.034844605      18.828761
49.2      1103.7646      279.44514      35.110584    0.039398466      19.899756
49.3      1103.7687      279.43378      35.672979    0.043964549      20.444897
49.4      1103.7736      279.18515      35.245659    0.048525097      20.371297
49.5      1103.7792      279.40415      35.287331    0.053091662      19.679487
49.6      1103.7847      279.34692      35.298528    0.057662714      20.223371
49.7      1103.7908      279.63786      35.329571    0.062223339      20.920212
49.8      1103.7964      279.54517      35.057167    0.066788213      20.029928
49.9      1103.8038       279.4271      35.335586     0.07134817      19.473579
  50      1103.8114      279.70045      35.291613    0.075906236      21.157946
50.1      1103.8181      279.48468      35.205949    0.080462677      19.443775
50.2      1103.8274      279.55226      35.232295    0.085037942      20.034521
50.3      1103.8363      279.30922      35.170704      0.0895893       18.98895
50.4      1103.8451      279.88139      35.372045    0.094164034       20.51935
50.5      1103.8552       279.7753      35.390585    0.098709743      20.615148
50.6      1103.8647      279.96466       35.31478     0.10328813      19.375522
50.7      1103.8751      279.67482      35.326165     0.10784126      18.735004
50.8      1103.8881      279.59215      35.394053     0.11241314      19.460903
50.9      1103.8988      279.76425      35.434919     0.11696601      19.820959
  51      1103.9107      279.96381      35.670017     0.12152791      20.296263
51.1      1103.9229      280.32766      35.328294      0.1260814      19.152775
51.2      1103.9352      280.22396      35.475029     0.13065308      19.368309
51.3      1103.9484      280.05246      35.365782     0.13521245      20.714606
51.4      1103.9625      280.19476      34.945308     0.13977735      20.471597
51.5      1103.9759      280.58734      35.096414     0.14433744      20.701908
51.6      1103.9909      280.64557      35.275594     0.14889485      19.831309
51.7      1104.0062      280.73937      35.258756     0.15346133      20.173724
51.8      1104.0219      280.82979      35.341732      0.1580189      20.700356
51.9      1104.0383      280.51217      35.029899     0.16258384      20.156032
  52      1104.0545      280.51487       35.03255     0.16714034      21.278926
52.1      1104.0709       280.5565      35.687367     0.17169919      20.521193
52.2      1104.0888      280.61479      35.227406     0.17625311      18.771074
52.3      1104.1062      280.86181      35.445193     0.18082085      20.188902
52.4      1104.1234      280.88825      35.556376     0.18537221      20.332972
52.5      1104.1436      281.06026      35.222551     0.18993535      20.261902
52.6      1104.1623      280.59316      35.171501      0.1944971      19.979607
52.7      1104.1825      281.00167      35.126234     0.19905708      20.477028
52.8      1104.2016      280.94287      35.224067     0.20360509      18.928304
52.9      1104.2237      281.13957      35.339297     0.20817238      20.254521
  53      1104.2446      281.10226      35.066095       0.212734      18.831563
53.1      1104.2651      281.26382      35.371104     0.21728164      20.312168
53.2      1104.2871      281.60877       35.17973     0.22183951      18.720197
53.3      1104.3108      281.33075      35.589596     0.22640056      19.740958
53.4      1104.3336      281.16028      35.396533     0.23095656      21.008112
53.5      1104.3559      281.52946      35.293085     0.23551024      19.792274
53.6      1104.3798       281.2411       35.15884     0.24005222      19.470896
53.7      1104.4046      281.28925      35.451354     0.24462128      19.855101
53.8       1104.429       281.5809      35.005832     0.24917136      20.045414
53.9      1104.4543      281.91995      35.498115     0.25373747      20.016823
  54      1104.4789      281.49262      35.415821      0.2582789      19.919199
54.1      1104.5057      281.82837      35.149551     0.26284113      20.141711
54.2      1104.5327      281.70767      35.239124     0.26739153      19.791289
54.3      1104.5587      281.98755      35.201105      0.2719479      20.081237
54.4      1104.5874      281.57862       35.27572     0.27650134      21.489488
54.5      1104.6143      281.79438       35.07762      0.2810475      19.479733
54.6      1104.6423      281.87526      35.403103      0.2856133      19.697985
54.7      1104.6713      282.07724      35.449302     0.29015296      18.750963
54.8      1104.7011      281.93182      35.107949     0.29471061      20.203762
54.9      1104.7309      282.09541      35.095417     0.29926075      20.095866
  55      1104.7604         281.72      35.533548     0.30381648      20.642151
55.1      1104.7917      282.19599      35.343398     0.30835167      19.327005
55.2       1104.823      282.35438      35.317262     0.31290396      21.040562
55.3      1104.8535      282.19141      35.220772     0.31745911      20.193428
55.4      1104.8851      282.07896       35.18439     0.32201933      20.912746
55.5      1104.9186      282.51373      35.575835     0.32656382      19.870574
55.6      1104.9509      282.14099      35.045035     0.33111453      20.846771
55.7      1104.9842      282.47546      35.243539     0.33565565      20.332579
55.8      1105.0172      282.19072      35.209766     0.34019538      19.946427
55.9      1105.0518      282.53829      34.882323     0.34476488      18.693785
  56      1105.0871      282.65547      35.120818     0.34931183      19.500478
56.1      1105.1227      282.41483      35.102976     0.35385441      20.503691
56.2      1105.1574      282.63984      35.221923     0.35838666      19.339442
56.3      1105.1945       282.6994      35.487116     0.36294205      19.680749
