   7      540.8049      285.1465      49.57088     -3.300802      20.22128
 7.1      540.4743      285.0284      49.64396     -3.292647      21.09142
 7.2      540.1457       285.187      49.90576     -3.284503      20.93055
 7.3      539.8171      285.0713      49.78955     -3.276321      20.56283
 7.4      539.4912      284.7899      49.62803      -3.26814      20.14948
 7.5      539.1649      285.2374      49.56581     -3.259932      19.99567
 7.6      538.8388      284.7599       49.9715     -3.251707      20.12121
 7.7      538.5133      284.6993      49.49811     -3.243478       21.5818
 7.8        538.19      284.8076       50.1215     -3.235227      20.13549
 7.9      537.8662      284.3627      50.02085      -3.22697      19.92459
   8       537.544      283.9875      50.29862     -3.218694      20.67969
 8.1      537.2232      283.9964      50.58806     -3.210386      19.99327
 8.2      536.9026      284.0653        49.974     -3.202092      19.12874
 8.3      536.5835      284.2523      50.53988     -3.193747      20.99513
 8.4      536.2626       283.871       50.3649     -3.185426      18.63039
 8.5      535.9457       284.219      50.37257     -3.177057      19.55823
 8.6      535.6269      283.7601      50.36495     -3.168698      21.10686
 8.7      535.3112       284.106      50.65104     -3.160311      19.99494
 8.8      534.9966      283.5029      50.35279     -3.151913       20.6039
 8.9      534.6818      283.2745      50.69726     -3.143495      19.79851
   9      534.3677      283.2502      50.39968     -3.135064      20.61997
 9.1      534.0539      283.4885      50.49946     -3.126635       20.7512
 9.2      533.7426      283.4198      50.62526     -3.118163      20.86513
 9.3      533.4305      283.2951      50.89198       -3.1097      20.65171
 9.4      533.1201      283.1146      50.96436      -3.10121      20.02458
 9.5      532.8111      282.7034      50.79638     -3.092699      20.41019
 9.6      532.5026      282.5146      51.24323     -3.084181       19.9711
 9.7      532.1928      282.5193      50.42253     -3.075643      19.52997
 9.8      531.8863       282.873      50.61319     -3.067105      18.85772
 9.9       531.581      282.5281      50.67263     -3.058541      19.98822
  10      531.2754      282.3837      50.93368     -3.049972      19.07081
10.1      530.9699      282.3164      50.87832     -3.041375      18.89525
10.2      530.6666       282.458      50.81889     -3.032768      20.14668
10.3      530.3644       282.208       50.9006     -3.024149      20.88444
10.4      530.0625      282.1908      51.36673     -3.015516      20.88092
10.5      529.7607      282.0149      51.49922     -3.006861      21.28312
10.6      529.4595      281.7468      51.19547      -2.99819      20.23913
10.7      529.1601      281.8526      51.23215     -2.989509      20.73918
10.8      528.8624       281.708      51.42147     -2.980814      20.66889
10.9      528.5648      281.6149      51.36613     -2.972112       20.9592
  11      528.2683      281.5719      51.53709      -2.96338      19.98085
11.1      527.9729      281.8261      51.41547     -2.954639      19.87771
11.2      527.6772      281.6541      51.51913     -2.945881      18.98978
11.3       527.383      281.4679      51.48919      -2.93712      20.56057
11.4      527.0905      280.7865      51.52892      -2.92833      21.25675
11.5      526.7962      280.9503      51.68271     -2.919535      20.14927
11.6      526.5069      280.8625      51.69951     -2.910733      19.56177
11.7       526.216      280.7096      51.79367     -2.901889      19.82128
11.8      525.9259      280.6831      51.76472     -2.893058       19.8938
11.9      525.6371      280.3502      52.06431      -2.88419      18.94448
  12      525.3486      280.6762       51.8991     -2.875325      19.16526
12.1      525.0606       280.499      52.16706     -2.866445      20.37661
12.2      524.7748        280.36      51.95946     -2.857526      20.14299
12.3      524.4902      279.9828      52.19925     -2.848624      20.07781
12.4       524.206      280.3643      52.20254     -2.839681      19.93491
12.5      523.9216      280.3387      51.96948     -2.830757      20.43805
12.6      523.6396       279.691      51.79179     -2.821787       20.7315
12.7      523.3566      279.7822      52.43876      -2.81281      19.91898
12.8      523.0769      279.7293      52.31683     -2.803828      20.12802
12.9      522.7969      279.3821       52.1164     -2.794815      20.19948
  13      522.5183       279.204      52.53035     -2.785801      19.72197
13.1      522.2397      279.0943      52.24178     -2.776778      20.33704
13.2      521.9622      278.9613      52.45543     -2.767719      18.92103
13.3      521.6869      279.1999      52.17582     -2.758666       20.3907
13.4      521.4105      278.8174      52.33407     -2.749592      19.81533
13.5      521.1365      278.7662      52.59415     -2.740498      20.37774
13.6      520.8628      278.6563      52.55608     -2.731408      19.83228
13.7      520.5904      279.0125      52.82759     -2.722276       20.7104
13.8      520.3185      278.6234      52.77302     -2.713154      20.80637
13.9      520.0466      278.6184       52.1937     -2.703993      19.97601
  14      519.7772      278.5132       53.3493      -2.69484      19.57481
14.1      519.5081      278.2683      53.15371     -2.685661       19.4529
14.2        519.24      278.0648      52.95479     -2.676473      20.60316
14.3      518.9738      277.8331      53.01539     -2.667263      19.68738
14.4      518.7067      277.8625      52.83233     -2.658043      20.24414
14.5      518.4409      277.9238      52.72707     -2.648817      19.21437
14.6       518.178      277.4741      53.18248     -2.639571        20.066
14.7       517.913      277.3989      53.01966     -2.630306      18.96117
14.8      517.6502      277.5119      53.00077     -2.621039      20.41483
14.9      517.3885      277.4895      52.82032     -2.611749      19.44418
  15      517.1301      277.5696      53.28802     -2.602446      19.61694
15.1      516.8683      277.0346       53.2804     -2.593125      19.81168
15.2      516.6104      277.0995      53.46412     -2.583801      20.97012
15.3      516.3513      276.8202      53.20774     -2.574448      20.42468
15.4      516.0947      276.6366      53.20035     -2.565085      19.03098
15.5      515.8393       276.671      53.26112     -2.555709      19.80824
15.6      515.5854      276.4236      53.37549     -2.546333      20.14468
15.7      515.3303      276.8514      53.38986     -2.536928      19.70053
15.8      515.0765      276.0838      53.62072     -2.527507      17.86683
15.9      514.8247      275.9374      53.68338     -2.518081      20.13306
  16      514.5733      276.1212      53.72768     -2.508639      20.55302
16.1      514.3229      275.9357      53.80928      -2.49919      19.58079
16.2      514.0722      275.5408      53.50596     -2.489712      20.46804
16.3      513.8236      275.8313      54.13279     -2.480226      19.70056
16.4      513.5767      275.4547      53.54526     -2.470735      19.02311
16.5      513.3304      275.4912      53.87434     -2.461213      19.39202
16.6      513.0848      275.4847      53.82692     -2.451695      20.23988
16.7      512.8403      275.2378       54.1775     -2.442157      19.60394
16.8      512.5969      275.3095      54.00078     -2.432592      18.41709
16.9      512.3538      275.0073      53.78154     -2.423041      19.89861
  17       512.111      275.1603      54.01746     -2.413455      20.20705
17.1      511.8713      275.1213      54.04785     -2.403853      19.81615
17.2      511.6309      274.6779      54.14952     -2.394246       20.5281
17.3      511.3924      274.7297      54.04144     -2.384627      19.74107
17.4      511.1542      274.5837      54.33383     -2.374988      19.21941
17.5      510.9165      274.6156      54.04021      -2.36534      20.16199
17.6        510.68      274.2931      54.34824     -2.355689       19.5309
17.7       510.446      273.6719      54.29629     -2.346007      20.45389
17.8       510.212       273.871      54.05704     -2.336319      20.24661
17.9       509.979      274.2833      54.69729     -2.326618      19.61336
  18      509.7469      273.9502      54.39739     -2.316902      20.52592
18.1      509.5149        273.87      54.62007     -2.307176      21.12127
18.2      509.2842      273.3221      54.59521     -2.297431      19.77521
18.3      509.0552      273.4805      54.66402     -2.287684      20.12304
18.4      508.8269      273.1001      54.86129     -2.277916      19.33698
18.5      508.6013      272.7394      54.87019     -2.268138      18.91073
18.6      508.3735      272.8834      54.73337     -2.258333       19.6757
18.7      508.1486      272.9077      54.48962     -2.248532      19.65941
18.8       507.923      272.7951      54.84614     -2.238706      20.34562
18.9      507.7003      272.7393      54.61135     -2.228879      20.41756
  19      507.4782      272.7456      54.77556     -2.219035      20.84504
19.1      507.2571      272.3542      54.83516     -2.209171      20.27717
19.2      507.0382      272.2795      54.84176     -2.199282        19.517
19.3      506.8181      272.1656      54.86713     -2.189412      20.64792
19.4      506.5982      271.9663      55.06865     -2.179514      19.17313
19.5      506.3817      271.8058      54.93236     -2.169604      19.53293
19.6      506.1651       271.669      55.34941     -2.159684      20.60403
19.7      505.9485      271.7325      54.66611     -2.149742      20.17295
19.8      505.7346      271.3209      55.04923     -2.139792      19.60146
19.9      505.5215      271.4052      55.08839     -2.129837      19.61665
  20      505.3098       271.205      55.27772     -2.119858      20.62185
20.1      505.0973      271.0239       55.5193     -2.109866       19.3151
20.2      504.8875      270.9338      55.16868     -2.099878      20.68403
20.3      504.6777      270.6625      55.64447     -2.089862      20.47125
20.4      504.4691      270.6681      55.49071     -2.079844      19.28386
20.5      504.2619       270.528      55.48253     -2.069798       19.4968
20.6      504.0553      270.5528      55.01186     -2.059746      20.05272
20.7      503.8504      270.4874      55.65847     -2.049692      19.82123
20.8      503.6453      269.9395      55.49078      -2.03962      21.25131
20.9      503.4406      270.0526      55.50733     -2.029523      20.96937
  21        503.24      270.0929      55.50998     -2.019418      19.45394
21.1      503.0388      269.5356      55.68731     -2.009329      18.76794
21.2      502.8369      269.5507      55.70447       -1.9992      18.75273
21.3      502.6392      269.3469      55.72225     -1.989067      19.68951
21.4      502.4393      269.5577      55.69241     -1.978918      20.08492
21.5      502.2423      269.1842      55.80495     -1.968746      20.68179
21.6      502.0463      268.7713      55.80765     -1.958581      20.17198
21.7      501.8497      269.0866      55.92136     -1.948404      19.10395
21.8      501.6553      268.7806      55.54973     -1.938221      20.17912
21.9      501.4634      268.6461      56.04237     -1.928004      20.59344
  22      501.2701      268.6573      55.91271     -1.917772      18.73867
22.1      501.0817      268.3088       56.2804      -1.90755      20.31459
22.2      500.8895       268.256      55.96109     -1.897321      19.85633
22.3      500.7006      268.3239      56.18401     -1.887065      20.19275
22.4       500.511      268.0251      56.23914     -1.876795       19.2803
22.5      500.3242      267.7332      56.10101     -1.866513      20.38249
22.6      500.1383       267.383      56.39826     -1.856229      19.58045
22.7      499.9537      267.1102      56.30075     -1.845917      19.92162
22.8      499.7691      267.3294      56.42363     -1.835621      20.40129
22.9      499.5856        267.18      56.21389       -1.8253      20.90503
  23      499.4038      267.1052      56.35791     -1.814964      20.49082
23.1      499.2232       266.934      56.41619     -1.804629       20.9452
23.2      499.0441      266.5679      56.30741     -1.794253      20.11136
23.3      498.8646      266.8344      56.14183     -1.783886      20.35407
23.4      498.6862      266.6404       56.5347     -1.773506      20.15749
23.5      498.5099       266.518       56.6362      -1.76312      20.43982
23.6      498.3335      266.1039      56.80539     -1.752726      20.56651
23.7      498.1589      266.2423      56.64161     -1.742317      20.91878
23.8       497.986      266.2265      56.47275     -1.731898      20.07458
23.9       497.813      265.6985      56.81151     -1.721454      20.57633
  24      497.6396      265.9864       56.1487     -1.710997      18.97326
24.1      497.4707      265.4862      56.75651      -1.70056      21.11078
24.2      497.3017      265.1634      56.85526     -1.690092      18.67835
24.3      497.1323      265.4653      56.49799     -1.679617      20.11927
24.4      496.9648      264.6571      57.09438     -1.669122      19.82984
24.5      496.7993      265.0063      56.54383     -1.658629      20.93582
24.6      496.6333      264.7758       56.8298     -1.648116      20.02644
24.7      496.4685      264.8069      56.96697     -1.637589      21.05717
24.8      496.3042      264.3179      56.73587     -1.627069      20.48467
24.9      496.1434      264.3822      56.86286     -1.616524      20.00815
  25      495.9824      264.0574      56.79167     -1.605979      20.94732
25.1      495.8222      263.9844       56.9709     -1.595424      19.34997
25.2      495.6628      263.8698      57.01493      -1.58484      20.48437
25.3      495.5059      263.7064      56.89556     -1.574259      18.98149
25.4      495.3486      263.5767      57.13832     -1.563662      20.22154
25.5      495.1928      263.4605      57.02243     -1.553071      20.87221
25.6      495.0374      263.3482      57.11853     -1.542459      20.74996
25.7      494.8846      263.8754      57.18011     -1.531838      20.21565
25.8      494.7317      263.2468      56.79934      -1.52121      20.62747
25.9        494.58      263.1333      57.33796     -1.510563      20.01876
  26      494.4286      262.6804       57.5811     -1.499923      19.07461
26.1      494.2793       262.373      57.54779     -1.489265       19.6997
26.2       494.131      262.4892      57.37486     -1.478595      21.07082
26.3      493.9851      262.5144       57.0117     -1.467909      20.61301
26.4      493.8388      262.0828      57.56617     -1.457216      20.05997
26.5      493.6915      262.0978      57.52473     -1.446516      19.14778
26.6       493.547      261.7503      57.33315     -1.435809      19.40247
26.7      493.4051      261.8144      57.35106     -1.425092      20.33799
26.8      493.2632      261.5786      57.38572     -1.414358      19.02188
26.9      493.1224      261.0016      57.53207     -1.403635      20.24711
  27      492.9832      261.1055       57.4324     -1.392877      21.00768
27.1      492.8445      260.7114      57.98715     -1.382133      19.78127
27.2       492.707      260.7002        57.678     -1.371369      19.41427
27.3      492.5695      260.4934      57.64336     -1.360603      20.12676
27.4       492.434      260.7221      57.81271     -1.349811        19.114
27.5      492.2991      260.3518      57.71338     -1.339029      19.65552
