  20      507.4539      257.4636       54.7905      3.666743       20.0893
20.1      507.8215      257.5298      54.68211      3.674915      20.85837
20.2      508.1886       257.679      54.85017      3.683065      19.28413
20.3      508.5579      257.5509      54.86541      3.691193      19.46222
20.4      508.9273      257.8668      54.76767      3.699307       20.1392
20.5      509.2977       257.383      54.47761      3.707401      19.77386
20.6      509.6682        257.69      54.61775      3.715476      20.37044
20.7      510.0415      257.7617      54.28292      3.723534      18.95375
20.8      510.4135      257.8547      54.67789      3.731584       20.0391
20.9      510.7887      258.2924      54.17843      3.739606      20.07679
  21      511.1612      258.3005      54.16812      3.747599      18.76725
21.1      511.5365      258.2868      54.12178      3.755607      20.04565
21.2      511.9124      258.3206      54.02066      3.763569      20.14224
21.3      512.2899      258.5157      54.08292      3.771522      19.92486
21.4       512.666      258.4499      53.89194      3.779453      20.78766
21.5      513.0453      258.6547      54.12026      3.787367      20.21604
21.6      513.4239      258.5672      53.75294      3.795273      19.86674
21.7      513.8041       258.581      53.75908      3.803164      20.82247
21.8      514.1847      258.4502      53.67714      3.811017      19.47663
21.9      514.5647      258.3264      53.41938      3.818869      20.48234
  22      514.9482      259.0092      53.50114      3.826712      19.93194
22.1      515.3321      258.9561      53.34245      3.834511      20.25328
22.2      515.7155      258.7169      53.28088      3.842308      20.15723
22.3      516.1006      259.1943      53.66986      3.850077      19.84105
22.4      516.4857      259.2632      53.31225      3.857837      19.46345
22.5      516.8722      259.0091      53.00382       3.86559      19.10223
22.6      517.2583      259.1253      53.20562       3.87331      20.08891
22.7      517.6465      258.9669      53.01169      3.881036      19.36866
22.8      518.0344      259.2575      52.96109      3.888717      20.01077
22.9      518.4243      259.3404      52.80762      3.896381      19.39151
  23      518.8139      259.5903      52.66709      3.904038      20.98225
23.1      519.2048      259.5648      52.82349      3.911676       19.2224
23.2      519.5969      259.5607      53.00458      3.919316      19.61263
23.3      519.9886      259.8807      52.62908       3.92691      19.95844
23.4      520.3815      259.4976      52.73812      3.934496       19.9821
23.5      520.7751      259.9678      52.58906      3.942066      20.55939
23.6      521.1701      259.9492      52.65058      3.949611      20.19197
23.7      521.5663      259.7054      52.54022      3.957141       19.5894
23.8      521.9613      260.1179      52.42309      3.964664      19.92735
23.9      522.3586      259.7173      52.43234      3.972177      19.97082
  24      522.7563       259.766      52.38043      3.979652      20.72369
24.1      523.1544      260.0792       52.1926      3.987109      19.64224
24.2      523.5531      260.2725      52.31827      3.994576      19.66862
24.3      523.9526      260.1518      52.32582       4.00201      19.78934
24.4      524.3542      260.2563      51.93625      4.009422      19.76602
24.5      524.7552      260.0903      52.10041      4.016821      19.20658
24.6      525.1569       260.097      51.98144      4.024203      20.43137
24.7      525.5603      260.4183      51.89048       4.03156      19.68174
24.8      525.9638      260.4514      51.56811      4.038907      19.20108
24.9      526.3677      260.8332      51.70646      4.046238      19.89703
  25      526.7722      260.4922      51.87359      4.053558      19.78734
25.1      527.1781      260.6553      51.79871      4.060857      19.10442
25.2       527.584      260.7222      51.49315      4.068136      20.36713
25.3      527.9935      260.7241      51.44192      4.075399      20.14559
25.4      528.3997       261.087      51.45294      4.082643      20.68937
25.5       528.808      260.7384       51.4232      4.089865      19.97376
25.6      529.2169      260.9166      51.18368       4.09708      20.58985
25.7      529.6276      260.9576      51.39212      4.104285      19.11728
25.8      530.0394      261.0867      51.12809      4.111461      19.91363
25.9      530.4502      261.0708      50.94912      4.118626       19.8386
  26       530.863       260.529      50.71138      4.125768      19.19014
26.1      531.2763      261.1948      51.23077      4.132889      19.49014
26.2      531.6895      261.3865      51.11418      4.140006      19.98143
26.3      532.1024      260.9352      50.58472      4.147095      19.86754
26.4       532.519      261.5492      50.72527      4.154186      18.80447
26.5      532.9352      261.6214        50.953      4.161247      20.38514
26.6      533.3506      261.1295      50.91324      4.168289       19.9041
26.7      533.7671       261.618      50.74367      4.175318      20.04891
26.8      534.1861      261.7103       50.5279      4.182318       20.1993
26.9      534.6046      261.7661      50.51418      4.189326      19.90997
  27      535.0239      261.4145      50.41784        4.1963      20.18964
27.1      535.4436       262.001      50.48621      4.203272       20.2195
27.2      535.8643      261.7705      50.48044      4.210219       21.5194
27.3      536.2864      261.8664      50.25624      4.217139      19.62582
27.4      536.7086      261.8101       50.4891      4.224058      19.29274
27.5      537.1305      261.9921      50.00465      4.230952      20.57989
27.6      537.5539      262.0144      49.76009      4.237832      19.77778
27.7      537.9778      262.2257      50.34349      4.244708      20.17195
27.8      538.4035       262.085       49.6102      4.251554      19.72134
27.9      538.8289      261.7774       50.0632      4.258377      20.47645
  28      539.2557      262.2759      49.68011      4.265188       20.0452
28.1      539.6823      262.3099      49.95683      4.272001      21.13645
28.2      540.1083      262.0746       49.3793      4.278788      19.63798
28.3      540.5376      262.1084      49.75841      4.285547      20.19301
28.4      540.9664      262.1514      49.65854      4.292307      20.18576
28.5       541.396       262.164      49.48271      4.299041      19.93121
28.6      541.8253       262.366      49.17422      4.305752      20.85568
28.7      542.2564      262.3911       49.3081      4.312459       20.1808
28.8      542.6874      262.1662      49.71129      4.319153      19.07861
28.9      543.1207      262.0848      49.31141      4.325818      19.69473
  29      543.5528      262.5809      49.51987      4.332476      18.47114
29.1      543.9862      262.8138      49.10787      4.339102      20.82539
29.2       544.422      262.9417      48.85576      4.345733      19.53491
29.3      544.8554      262.9715      49.22357      4.352343       19.7787
29.4      545.2929      262.4268      48.87833      4.358936      20.62915
29.5      545.7295      262.9437      48.83559      4.365508        20.588
29.6       546.164      262.5746      49.24892      4.372068      19.71338
29.7      546.6028      262.9054      48.58802       4.37861       19.2844
29.8      547.0424      262.9488      49.04213      4.385129      20.01776
29.9      547.4788       262.987      48.67554      4.391654      18.89203
  30      547.9189      263.3149      48.40748      4.398144      19.70649
30.1      548.3598      263.1381      48.85903      4.404634       20.0822
30.2      548.8001      263.1304      48.22223      4.411092      19.86576
30.3      549.2424      263.1714      48.68963      4.417543      20.00207
30.4       549.684      263.0839      48.52918       4.42398      20.05019
30.5       550.126      263.1784      48.74382      4.430394      19.87373
30.6      550.5698      263.3998      48.40394      4.436798      19.35857
30.7      551.0144      263.7568      48.27959      4.443186      18.83696
30.8      551.4592      263.2673      48.13954      4.449556      19.58808
30.9       551.904      263.4589      48.17263      4.455919      20.45492
  31      552.3488      263.2339      48.03499      4.462262      19.68214
31.1      552.7957      263.6806      48.20837      4.468581      20.78315
31.2      553.2433      263.5735      47.87224      4.474889      20.16935
31.3       553.692      263.3094      47.80402      4.481179      19.86984
31.4      554.1398      263.7728      48.08319       4.48747      19.26284
31.5      554.5886      263.6647      48.11362      4.493729      19.94878
31.6      555.0384      263.8891      47.82011      4.499986      20.73427
31.7      555.4873      263.7586      47.83124      4.506217       19.6703
31.8      555.9386      264.1275      47.52568      4.512433      20.48503
31.9      556.3904      264.3539      47.42267      4.518647      20.43755
  32      556.8421      263.9393       47.6347      4.524829      20.11221
32.1      557.2947      264.3167      47.41085      4.531011       18.3508
32.2      557.7499      263.9203      47.31726      4.537162      19.96182
32.3      558.2029      263.8545      47.23788      4.543289      20.56255
32.4       558.658      264.1256      47.44925      4.549435      20.06033
32.5      559.1134       264.061      47.28937      4.555554      20.20368
32.6      559.5692      264.1915      47.43218      4.561639      19.52833
32.7      560.0256      264.2232      46.99037      4.567718      21.00137
32.8      560.4821      264.0196      47.10605      4.573793      20.82382
32.9      560.9397      264.4385      46.62728       4.57984      20.77459
  33      561.3987       264.264      46.62844      4.585889      19.47092
33.1      561.8568      264.3127       46.9916      4.591918       19.7437
33.2      562.3171      264.4891      46.74015       4.59792      20.93413
33.3      562.7773      264.7646      46.91738      4.603909      20.89986
33.4      563.2379       264.282      46.57996      4.609901      20.54743
33.5      563.6991      264.4548      46.56186      4.615854      21.25442
33.6      564.1604      264.7713      46.99923       4.62181      20.88122
33.7      564.6233      264.6425      46.86717       4.62775      20.39365
33.8      565.0859      264.7113      46.51314      4.633667       20.8804
33.9      565.5511      264.7051      46.75292      4.639576       19.1915
  34      566.0142      264.6715      46.57549      4.645459      20.53799
34.1       566.479      264.7278      46.30273      4.651337       20.4927
34.2      566.9438      264.6406        46.299        4.6572      19.36085
34.3      567.4115      265.3832       46.2692      4.663041        19.357
34.4      567.8775      264.8332      46.24644      4.668869       20.2447
34.5      568.3451      264.7312      46.20144      4.674704      20.36104
34.6      568.8118      265.0747       45.5075      4.680503      18.97862
34.7      569.2801      264.5933       46.0948      4.686299      20.58645
34.8      569.7494      265.0675      45.75783      4.692072      19.87749
34.9      570.2178      265.1844      46.07126      4.697816      19.41721
  35      570.6891      264.9721      45.96437      4.703587      20.08161
35.1      571.1605       265.072      45.95063      4.709316       19.9143
35.2        571.63      265.2205      45.67773       4.71503       20.7759
35.3      572.1017       265.544      45.88661      4.720743      20.44166
35.4       572.575      265.2111      45.33945      4.726425      20.01716
35.5      573.0481      265.2667      45.49878        4.7321       20.3339
35.6      573.5214      265.1962      45.51277      4.737766      20.26218
35.7      573.9969      265.4615      45.31797      4.743411       20.0123
35.8      574.4704       265.403       45.4088      4.749044      20.02717
35.9      574.9456      265.6251      45.06295      4.754663      19.81163
  36      575.4204      265.6532      44.98227       4.76028      20.19936
36.1      575.8975      265.5643      45.41121      4.765862      19.51155
36.2      576.3738      265.7722      45.27751      4.771445      20.56717
36.3       576.851      265.4289      45.23354         4.777      19.61415
36.4      577.3297      265.7313      45.26488      4.782556      20.31908
36.5      577.8077      265.8395       44.7801      4.788091      19.32503
36.6      578.2873       265.718      44.89583      4.793615      19.57104
36.7       578.767      265.8571      44.96051      4.799122       20.2346
36.8      579.2474      265.5462       44.9362      4.804632      19.10282
36.9      579.7283      265.9721      44.89598      4.810102      20.16159
  37      580.2099      265.7021      45.03028      4.815566      20.04349
37.1      580.6912      265.9265      44.75033      4.821032      19.82963
37.2      581.1731      265.9939      44.68983      4.826457      19.66176
37.3      581.6559      265.9084      45.27761      4.831891      19.81104
37.4      582.1401      266.1859      44.59651      4.837306      18.08169
37.5      582.6247      265.9263      44.54033      4.842698      20.07994
37.6       583.109       265.932      44.53261      4.848097      20.36107
37.7      583.5927      265.8336      44.63708      4.853471      20.21082
37.8      584.0797      265.8431      44.30494      4.858828      20.58236
37.9       584.565      266.0486      44.38208      4.864173      20.68866
  38      585.0518      266.4233      44.05382      4.869507      20.03336
38.1      585.5383      266.0865       44.0026      4.874823      18.63124
38.2      586.0264      266.1557      44.18247      4.880138      20.16963
38.3       586.515      266.6705      44.23882      4.885427      19.80973
38.4      587.0034      266.1319       44.1676      4.890698      19.95061
38.5      587.4932      266.4754      43.90581      4.895955      19.52045
38.6      587.9833       266.306      43.73902      4.901228      19.74846
38.7      588.4729       266.497      44.00622      4.906453       19.8433
38.8      588.9642      266.6626      43.86424      4.911683      20.07079
38.9      589.4547      266.7376      43.64583       4.91689      20.25625
  39      589.9478      266.7882      43.81145      4.922093      19.45622
39.1      590.4412      266.3771      43.80442      4.927282      20.50366
39.2      590.9329      266.3099      43.80872      4.932462      21.03453
39.3      591.4264      266.7497      43.78098      4.937624      20.27169
39.4      591.9208      266.7505      43.41166      4.942783       19.8683
39.5      592.4155      266.7256      43.45405      4.947896      19.76737
39.6      592.9108      266.6326      43.31883      4.953026      19.74511
39.7      593.4061      266.3933      43.60002      4.958143      20.48278
39.8      593.9024      266.8965      43.55086      4.963237      20.26624
39.9      594.3991      266.7129      43.65419      4.968323      20.02086
  40      594.8963      266.6737      43.48916      4.973393      19.66074
40.1      595.3938      267.0944      43.18643      4.978445      19.66704
40.2      595.8912      266.7894      43.08621      4.983489      20.33739
40.3       596.391      266.9028      43.49384       4.98852      19.73089
40.4      596.8892      267.1466      43.20822      4.993538      20.21191
40.5       597.389      266.7282      43.26516      4.998544      19.74091
40.6      597.8888      267.0621      42.90004      5.003548      20.68688
40.7      598.3901      266.9025      42.82318      5.008536       20.1867
40.8      598.8907      266.8633      42.84651      5.013495      19.65922
40.9      599.3915      266.8087       42.6779      5.018447      19.79087
  41      599.8939      267.1577      42.33636      5.023404      20.09914
41.1      600.3967      267.2418      43.19458      5.028346      19.10364
41.2      600.8995      267.0814      42.84314      5.033245      19.41817
41.3      601.4033      267.2664      42.57556      5.038159      20.75498
41.4      601.9068       267.337      42.57026      5.043049      20.80155
41.5      602.4125      267.3192      42.47373      5.047933      20.55022
41.6      602.9169       267.314       42.5254      5.052807      19.65048
41.7      603.4218      267.5116       42.4467       5.05767      20.20267
41.8      603.9282      267.3516       42.3593       5.06251       20.6398
41.9      604.4344      267.3161      42.45178      5.067341      19.95526
  42      604.9416      267.0178      42.13317      5.072175      20.42245
42.1      605.4485      267.4002      42.13461      5.076976      19.95046
42.2      605.9567      267.6287      42.06381       5.08178      19.60189
42.3      606.4657      267.5732      42.31301      5.086564      20.23178
42.4      606.9743      267.5783      42.00847      5.091333      20.30412
42.5      607.4842       267.638      41.90897      5.096103      19.34915
42.6      607.9934      267.4442       41.7289       5.10085      19.73036
42.7      608.5043      267.5552      41.70849      5.105581      20.01447
42.8      609.0151      267.6126      41.65533      5.110289      20.41605
42.9      609.5262      267.6615      41.56128      5.115014      20.06462
  43      610.0378      267.7339      41.69639      5.119726       20.5399
43.1      610.5497      267.7381      41.34218      5.124403      20.07832
43.2      611.0627      267.9087      41.69501      5.129079      20.70604
43.3      611.5753      267.6248      41.68165      5.133754      18.97914
43.4        612.09      267.6256      41.61769      5.138401      19.36929
43.5      612.6041      268.0145      41.32425      5.143051      21.30007
43.6      613.1184      267.7536      41.14793      5.147677      21.05681
43.7      613.6338      267.7516      41.36887      5.152295      20.72655
43.8      614.1482      268.3669      41.12129      5.156898      20.15763
43.9      614.6643      268.0523      41.51415      5.161503      21.17858
  44      615.1808      267.8988      41.22532      5.166068      20.30714
44.1      615.6986      268.0373      41.18698      5.170646      20.53744
44.2      616.2153      268.2193      41.02466      5.175209      19.54501
44.3      616.7332      268.2785       40.8204      5.179753       21.2744
44.4      617.2506      268.0565      41.17074      5.184293      20.33048
44.5      617.7692      268.2159      41.32562      5.188816      19.87536
44.6      618.2889      268.2653      40.75137      5.193324      20.11519
44.7      618.8084        268.44      41.00678      5.197842      20.46235
44.8      619.3274       268.147      40.95355      5.202327      20.58798
44.9      619.8495      268.2856      40.84006      5.206811      19.45382
  45      620.3703       268.089      40.70271      5.211283      19.12616
45.1      620.8905      268.6956      40.92534      5.215725       19.8373
45.2      621.4134      268.2886      40.57268      5.220183      19.96503
45.3      621.9351      268.3762      40.63273      5.224606      19.05078
45.4      622.4587      268.2294      40.76154      5.229036      20.51737
45.5      622.9812       268.681      40.40444      5.233454      19.80132
45.6      623.5044      268.3337      40.55495      5.237847      19.60298
45.7      624.0281      268.8295      40.62195      5.242253      21.25615
45.8      624.5531      268.8431      40.24902      5.246623      18.99729
45.9      625.0782      268.3936      40.24562      5.250994      20.06276
  46      625.6033        268.25       40.4366      5.255343      20.29306
46.1       626.131       268.491      40.23966      5.259701      19.12846
46.2       626.655      268.5094      40.41175      5.264032      20.54088
46.3      627.1822      268.7664      40.35005      5.268352      20.89261
46.4      627.7085       268.718      39.94893      5.272661      19.81482
46.5      628.2361      268.5725      39.86223      5.276966      20.09909
46.6      628.7647      268.6074      39.89363       5.28126      19.74814
46.7      629.2922       268.913      39.65693      5.285539      19.51895
46.8      629.8213      268.7232        39.966      5.289806      20.62937
46.9      630.3503       268.656      39.89237      5.294059      19.87321
  47      630.8804      268.7087      39.74169      5.298305      20.45697
47.1      631.4102      268.7968       39.7303      5.302534      18.83586
47.2      631.9407      268.6914      39.35927      5.306767      20.24464
47.3      632.4716      268.6835      39.73911      5.310993      20.62502
47.4      633.0015      268.8004      39.42515      5.315193      18.38234
47.5       633.535      269.1424      39.37041       5.31939      19.43978
47.6       634.066      269.0539      39.39388      5.323565      20.49037
47.7      634.5986      268.8911      39.43031      5.327749      20.68452
47.8      635.1329        268.82       39.1613      5.331906      19.55556
47.9      635.6656      269.1692      39.28418      5.336063      19.85889
  48      636.1994      269.0321      39.28272      5.340205      19.91817
48.1      636.7341      269.1682      39.46374      5.344325       20.6744
48.2      637.2682      268.9694      39.10471      5.348452      19.97104
48.3      637.8032      268.9313      39.15687      5.352562      20.14865
48.4       638.338      268.8852      39.01402      5.356666      20.31779
48.5       638.875      269.0964      39.09995      5.360756      19.82216
48.6      639.4107      269.1621      39.16809      5.364838      20.56571
48.7      639.9484      269.5274      39.21273      5.368893      20.40031
48.8       640.485      269.3848      39.00738      5.372955      20.95403
48.9      641.0229      269.2568      39.18185      5.376998      20.15353
  49        641.56      269.0525      38.48235      5.381035      20.32582
49.1      642.0983      269.4849      39.02356      5.385074      20.13928
49.2      642.6362      269.3457      38.66042      5.389096      19.18327
49.3      643.1763      269.9524      38.75258      5.393092      19.90256
49.4      643.7156      269.5859      38.63635      5.397092      20.38682
49.5      644.2566      269.2604      38.30524      5.401078      20.31864
49.6      644.7947      269.4617      38.84623       5.40506      21.10712
49.7      645.3361      269.1309      39.03902      5.409015      20.79934
49.8      645.8784      269.5853      38.89861      5.412981      19.72932
49.9      646.4204      269.6776      38.37557      5.416919      19.68757
  50      646.9613      269.6113      38.41819      5.420873      20.98808
50.1      647.5028       269.348      38.38027       5.42478      19.94908
50.2      648.0465      269.5713       38.2344      5.428704      20.46701
50.3      648.5895      269.6997       38.5036      5.432614      20.30796
50.4      649.1321      269.7477      37.99687      5.436526      19.68133
50.5       649.676      269.6942      38.49532      5.440393      20.65423
50.6      650.2214       269.345      38.46662      5.444274      19.42657
50.7      650.7658       269.404      37.97844      5.448145      19.71045
50.8      651.3102      269.6838      38.13077      5.452004       20.7401
50.9      651.8563      269.6359      37.76143      5.455841      19.38597
  51      652.4018      269.8473      38.20125      5.459684      19.67828
51.1      652.9485      269.8341      37.89174      5.463517      19.99241
51.2      653.4949      269.7194      37.88772      5.467331      20.49439
51.3       654.042      269.8047      37.99167      5.471147      18.94703
51.4      654.5891      269.9177      37.95155      5.474947      19.63566
51.5      655.1362      269.9883      37.58727      5.478734      19.27612
51.6      655.6847      269.8256      37.64062      5.482514      19.76766
51.7      656.2324      269.6506      37.90127      5.486279      20.01849
51.8      656.7816      270.1253      37.70284       5.49004      20.25009
51.9      657.3311      270.1717      37.65603      5.493803      20.43588
  52      657.8804       269.994      37.42792      5.497541      19.68375
52.1      658.4304      269.9518      37.29194      5.501281      18.83461
52.2      658.9808       270.315       37.6381      5.505005      20.98252
52.3      659.5305      269.9107      37.22646      5.508716      19.61954
52.4      660.0823      270.2445      37.59712      5.512425       19.6263
52.5      660.6338      270.1534      37.57643      5.516123      20.50845
52.6      661.1866      270.1227       37.2319      5.519801      18.80788
52.7      661.7377       270.263       37.3651      5.523478      20.16797
52.8      662.2903      270.1523      37.23375      5.527145      20.17387
52.9      662.8423      270.1074       36.9918      5.530806      19.78129
  53      663.3968      270.1068       37.1432      5.534472      18.70295
53.1      663.9499      270.3626      37.15958      5.538094       19.6625
53.2      664.5038      270.3432      37.05007       5.54171      19.09388
53.3      665.0573       270.608      36.96144      5.545351      20.25758
53.4      665.6137      270.5914       37.0195      5.548947      20.25997
53.5       666.168      270.3665      36.98617      5.552579      19.91139
53.6       666.723      270.1193      36.88466      5.556153      19.79237
53.7      667.2789      270.4944      36.79233      5.559748      20.10164
53.8       667.836      270.5833      36.77398      5.563318      20.03609
53.9      668.3911      270.4912      36.63809      5.566886      20.16917
  54      668.9488      270.5393       36.8719      5.570448       20.7384
54.1      669.5056      270.5805       36.7625      5.573996      19.92927
54.2      670.0642      270.4499      36.18166      5.577535      19.54442
54.3      670.6229      270.6113      36.76237      5.581076      20.17185
54.4      671.1798      270.4435      36.68253      5.584589      20.37672
54.5      671.7385      270.5696      36.69957      5.588104      19.91758
54.6      672.2977      270.6022      36.67409      5.591615      19.71218
54.7      672.8571      270.2428      36.65254      5.595115      19.96082
54.8      673.4158       270.374      36.37595      5.598594      20.56753
54.9      673.9769      270.4638      36.33512      5.602078      21.00607
  55      674.5375      270.6099      36.27603      5.605546         20.02
55.1      675.0984      270.3788      36.04729      5.609015       20.5115
55.2      675.6589      270.6839      36.26235      5.612466      20.63966
55.3      676.2194      270.6878       36.2316      5.615896      19.46047
55.4      676.7824      270.8559      36.44894      5.619346      20.25351
55.5      677.3427      270.4081      36.12133       5.62276      19.67443
55.6      677.9067      270.8892      36.03387      5.626183      19.69624
55.7      678.4694       270.976      35.99396      5.629599      19.23885
55.8      679.0331      270.7277      35.99466      5.632993      19.86318
55.9      679.5966       270.673      35.93724      5.636382      20.41988
  56      680.1593      270.6203      35.92296       5.63976      19.50035
56.1      680.7239      270.5531      35.73454      5.643153      20.27811
56.2      681.2881      270.8276      35.83759      5.646514      20.91709
56.3      681.8523      271.0076       36.1434      5.649874      21.05829
56.4      682.4186      271.0142      35.45169      5.653222       19.2211
56.5      682.9833      270.9916      35.20165      5.656568      20.51873
56.6      683.5494      270.9566       35.6306      5.659896      20.02725
56.7      684.1159      271.0661      35.12336      5.663231      19.68761
56.8      684.6812      270.7422      35.59336      5.666542      19.56966
56.9      685.2496      270.8352      35.39494      5.669838      19.19768
  57      685.8173      271.1966       35.6172      5.673159      19.93183
57.1      686.3838       270.922      35.84666       5.67644      19.58602
57.2      686.9524      271.2432      35.17495      5.679724      20.24744
57.3      687.5193      271.0374      35.55058      5.683002      19.27987
57.4       688.087      270.9541      35.34061       5.68626       20.2953
57.5      688.6575      271.0067       35.0222       5.68952      19.35217
57.6      689.2267      271.1549      35.15269      5.692778      20.47992
57.7      689.7948      271.3948       35.0183      5.696021      19.55614
57.8      690.3653      271.0288      35.23092      5.699261       21.0857
57.9      690.9354      271.3027      34.96236      5.702479      20.25015
  58      691.5053      271.1317      35.36017      5.705704      19.47193
58.1      692.0771      271.3439      35.21416      5.708902      20.01488
58.2      692.6474      271.2387      34.82011      5.712116      20.54205
58.3      693.2194      271.3928      35.33136      5.715317      20.01179
58.4        693.79      271.3991      35.13261      5.718493      20.23241
58.5      694.3622      271.3284      35.07602      5.721674      20.21441
58.6       694.935      271.2444      34.88715      5.724859      20.53982
58.7       695.508      271.1545      35.00727      5.728014      19.32205
58.8      696.0788      271.3278      35.29572      5.731161      20.07127
58.9      696.6548       271.319       34.8948       5.73432      19.07989
  59      697.2271      271.2652      34.85241      5.737455      20.85299
59.1      697.8012      271.5672      34.70566      5.740584      19.82745
59.2      698.3755      271.6389      34.59358      5.743707      20.13192
59.3      698.9499      271.2654      34.48599      5.746833      20.59666
59.4      699.5251      271.5797      34.41287       5.74993      19.95236
59.5      700.1012      271.3757      34.35521      5.753036      20.21047
59.6       700.675       271.613      34.53718      5.756126       19.4982
59.7      701.2513       271.578      34.21662      5.759213      20.32661
59.8       701.827      271.4091      34.16719      5.762285      19.44493
59.9      702.4034      271.6461      34.04619      5.765368      20.51919
  60       702.981      271.4956      34.49364      5.768424      19.64184
60.1      703.5578      271.6789      34.21012      5.771484      19.33172
60.2       704.135      271.6632      34.34419      5.774518      19.79325
60.3      704.7128      271.6753      34.49358      5.777557      19.05405
60.4      705.2904      271.7602      34.13195      5.780589      21.01017
60.5      705.8675      271.4014      34.10088      5.783616       19.9817
60.6      706.4481      271.4742      34.74925      5.786638      20.24342
60.7      707.0257      271.5128      34.10295      5.789633      20.38129
60.8      707.6046      271.6913      33.99975      5.792652      20.91767
60.9      708.1838      271.9317       33.7386      5.795646      20.19923
  61      708.7644      271.5773      33.86456      5.798621      19.81032
61.1      709.3452      271.7742      34.08132      5.801596      19.66169
61.2      709.9255      271.9991      33.94442      5.804587      20.01454
61.3      710.5058      271.5598      33.72905      5.807546      19.36754
61.4      711.0842      271.5426      33.62073      5.810515      19.92664
61.5      711.6681       271.877      34.03501      5.813452      20.40583
61.6      712.2485      271.7495      33.76636      5.816404      20.23395
61.7      712.8307      272.3493      33.60698      5.819334       19.8137
61.8       713.412      272.0394       33.7008      5.822254      20.57029
61.9      713.9952      271.9207      33.52329      5.825177      20.00012
  62      714.5763      271.7995      33.89857      5.828101      20.82039
62.1      715.1598      271.8549      33.49606      5.831007      20.50215
62.2      715.7434      272.0601      33.43531      5.833897      20.54427
62.3      716.3264      271.8159      33.23303      5.836788      18.93348
62.4      716.9106      271.7436      33.47246       5.83968      20.74694
62.5      717.4946      271.9083      33.41226      5.842566      20.98238
62.6      718.0797      272.3733      33.32349      5.845429      19.32422
62.7      718.6636      271.9254      33.78823        5.8483      19.35395
62.8      719.2483      272.0536      33.55569      5.851143      18.87952
62.9      719.8343      272.1605      33.11113      5.853998      19.59011
  63      720.4192      271.9363      33.02792      5.856842      19.63372
63.1      721.0061      272.4769      33.12288      5.859698      18.92953
63.2      721.5919      272.5048      33.08616      5.862513       19.2658
63.3      722.1787      272.1408      33.23255      5.865326      20.59988
63.4       722.765      272.1019      33.13055      5.868138      20.41595
63.5      723.3516      272.1497      33.04036      5.870955      21.07339
63.6      723.9397      271.7669      33.04791      5.873762      19.88101
63.7      724.5272      272.1297       33.4054      5.876541      19.26318
63.8      725.1146      272.7229      32.74973      5.879338      19.86421
63.9       725.703      271.9566      32.90945      5.882122      20.06371
  64      726.2915      272.5339       32.6246      5.884891      19.23615
64.1      726.8798      272.0108      32.76498      5.887664      20.03768
64.2      727.4686      272.2645      32.73502      5.890418       19.4561
64.3       728.057      272.2339      32.65325       5.89317      20.18125
64.4      728.6471       272.168       32.6033       5.89592       20.3601
64.5      729.2375      272.3118      32.76456      5.898663      20.34628
64.6      729.8261      272.5908      32.60984      5.901396      19.73307
64.7      730.4175      272.2977      32.40484      5.904124       20.0825
64.8      731.0064      272.2785      32.45887      5.906842      19.86343
64.9      731.5972      272.6358      32.86384      5.909556      19.76181
  65      732.1898      272.3939      32.17271      5.912265      19.81054
65.1      732.7807      272.2737      32.45134      5.914967      20.31845
65.2      733.3716      272.5872      32.20223      5.917659      20.01837
65.3      733.9641      272.1529      32.18042      5.920345      19.95312
65.4      734.5562       272.548       32.3285      5.923026      20.71741
65.5      735.1494      272.3784      32.24252      5.925695       20.3894
65.6      735.7416      273.0206      32.73802       5.92836      19.40868
65.7      736.3349       272.507      32.22043      5.931024      20.07094
65.8      736.9286      272.5546      32.23008      5.933687      19.99393
65.9      737.5215      272.7662      32.18101      5.936324      20.66021
  66      738.1149      272.5966      31.87924      5.938968      21.07028
66.1      738.7094      272.1365      32.15952      5.941601      19.70308
66.2      739.3032      272.8277      32.21725      5.944234      20.53145
66.3      739.8976      272.9062      32.00878      5.946863      20.03445
66.4       740.492       272.448      32.02006      5.949474      20.20852
66.5       741.088      272.7825      31.95034      5.952085      21.32009
66.6      741.6833      272.6122      31.71628       5.95468      20.34083
66.7      742.2796      272.6768      31.80488      5.957274      20.01457
66.8      742.8743      272.7724      32.15781      5.959874      19.56059
66.9      743.4709      272.8034      31.85804      5.962449      19.97685
  67      744.0668      272.5974      31.70027      5.965035      20.17535
67.1      744.6638      273.0107        31.999      5.967607      19.71133
67.2      745.2599      272.5548      31.60063      5.970169      19.97787
67.3      745.8586      272.9008      31.51402      5.972717      19.77895
67.4      746.4561      272.6535      31.55407      5.975278      20.14775
67.5      747.0534      272.8303      31.72829      5.977822      19.65594
67.6      747.6512      272.4613      31.63205      5.980363      20.14275
67.7      748.2495      272.8723      31.49262      5.982891       19.5216
67.8      748.8476      272.4034      31.28646      5.985426      18.70603
67.9      749.4469      272.6994      31.37462      5.987958       19.9354
  68      750.0454      272.8939      31.32265      5.990468      19.56691
68.1      750.6446      272.8844      31.37413      5.992974      20.75734
68.2       751.245      272.7871      31.37028      5.995474      20.86579
68.3      751.8428      273.2037      31.39026      5.997963      20.33692
68.4      752.4432      272.9514      31.03796      6.000463      19.63752
68.5      753.0434      273.4352      31.24989      6.002959      20.25104
68.6      753.6432      272.8917      31.43543      6.005437      20.20143
68.7      754.2449      273.1103        31.465      6.007904      20.18919
68.8      754.8452      272.9755      31.30267      6.010378      19.96097
68.9      755.4449      273.0436      30.85816      6.012827      20.24323
  69      756.0476      272.9695      31.12442      6.015293      19.74488
69.1      756.6499      272.7815      31.27008      6.017749      20.39521
69.2      757.2515      272.9804      31.28823      6.020181      20.29683
69.3       757.853      273.0233      30.91627      6.022622      20.14096
69.4      758.4551      273.0305       31.1334      6.025051      19.05989
69.5      759.0591       273.025      31.04338      6.027479      19.52828
69.6      759.6619      272.9773      30.76691      6.029906      19.61093
69.7      760.2648       272.768      30.70433      6.032305      20.75788
69.8      760.8684       273.105      30.84466      6.034711      19.81501
69.9      761.4712       273.178      30.82657      6.037122      22.00476
  70      762.0753      273.1077      31.04339       6.03952      20.17248
70.1      762.6807      272.9052      30.73743       6.04192      21.33828
70.2       763.283      272.9852      30.96183      6.044299      20.19157
70.3      763.8885       273.204      30.70781      6.046679      20.42675
70.4      764.4937      273.0363      30.39532      6.049053      20.59663
70.5      765.0978      272.8802      30.50756      6.051422      19.89532
70.6      765.7032      273.2255      30.65498      6.053779      20.34197
70.7      766.3087      273.1954      30.34343      6.056134      19.78977
70.8      766.9142      273.1542      30.40213      6.058492      20.52016
70.9      767.5206      273.5565      30.82072      6.060829      21.08316
  71      768.1266      273.1983      30.45783      6.063177      20.80175
71.1      768.7328      273.2745      30.27132      6.065504       20.9836
71.2      769.3396      273.0971       30.2944       6.06784      20.11655
71.3      769.9456      273.3316      30.45198      6.070155      20.02789
71.4      770.5536      273.2854      30.58188      6.072479      20.99218
71.5      771.1616      273.3304        30.176      6.074795      20.71649
71.6      771.7686      273.2886      30.16342      6.077097      19.37286
71.7      772.3759      273.5091      29.82484      6.079398      19.99986
71.8      772.9864      273.5531      30.19445      6.081693      19.45677
71.9      773.5926      273.4428      29.97159      6.083973      20.36328
  72       774.201      273.8288      30.36095      6.086268      19.48094
72.1      774.8104      273.4663      29.91321      6.088549      20.23459
72.2      775.4194      273.4563      30.09323      6.090813      19.25341
72.3      776.0295      273.4059      30.23681      6.093086      19.89076
72.4      776.6381       273.229      29.64973      6.095358      18.79418
72.5      777.2465      273.5051      29.97639      6.097596      20.02783
72.6      777.8571       273.462      29.93145      6.099865      19.50115
72.7      778.4683      273.2173      29.67784      6.102115      19.39704
72.8      779.0772      273.4914      29.93508      6.104345      19.41549
72.9      779.6877      273.3844      29.63929      6.106591      20.04783
  73      780.2996      273.4662      29.69893       6.10881      18.73971
73.1       780.911      273.6236      29.56425      6.111055      20.64103
73.2      781.5217      273.4126      29.75052      6.113264      20.74109
73.3      782.1321      273.3944      29.78269      6.115472      20.80895
73.4      782.7449      273.4856      29.90765      6.117688      21.03028
73.5      783.3565      273.5734      29.47448      6.119887      20.46926
73.6      783.9683      273.4753      29.66725      6.122092      20.42245
73.7      784.5812      273.7904      29.52132      6.124297      20.31355
73.8       785.193      273.7715      29.61585      6.126471      19.66753
73.9      785.8062      273.5953      29.23662      6.128651      19.90911
  74      786.4185      273.6976      29.44295      6.130832      19.96642
