2.000000000000000000e+01 5.074539730000000191e+02 2.574575219999999831e+02 5.484696910000000258e+01 3.666751720000000159e+00
2.010000000000000142e+01 5.078210569999999962e+02 2.575267329999999788e+02 5.478248030000000313e+01 3.674916989999999828e+00
2.019999999999999929e+01 5.081889570000000163e+02 2.575956229999999891e+02 5.471804039999999958e+01 3.683064509999999903e+00
2.030000000000000071e+01 5.085576699999999732e+02 2.576641950000000065e+02 5.465364970000000255e+01 3.691194289999999878e+00
2.039999999999999858e+01 5.089271959999999808e+02 2.577324520000000234e+02 5.458930869999999658e+01 3.699306350000000077e+00
2.050000000000000000e+01 5.092975319999999897e+02 2.578003939999999830e+02 5.452501759999999820e+01 3.707400680000000115e+00
2.060000000000000142e+01 5.096686760000000049e+02 2.578680239999999912e+02 5.446077689999999905e+01 3.715477309999999811e+00
2.069999999999999929e+01 5.100406269999999722e+02 2.579353439999999864e+02 5.439658699999999669e+01 3.723536249999999992e+00
2.080000000000000071e+01 5.104133830000000103e+02 2.580023560000000202e+02 5.433244820000000175e+01 3.731577510000000153e+00
2.089999999999999858e+01 5.107869420000000105e+02 2.580690619999999740e+02 5.426836089999999757e+01 3.739601099999999789e+00
2.100000000000000000e+01 5.111613029999999753e+02 2.581354630000000157e+02 5.420432550000000305e+01 3.747607050000000051e+00
2.110000000000000142e+01 5.115364640000000236e+02 2.582015620000000240e+02 5.414034230000000036e+01 3.755595350000000110e+00
2.119999999999999929e+01 5.119124219999999923e+02 2.582673599999999965e+02 5.407641160000000013e+01 3.763566040000000168e+00
2.130000000000000071e+01 5.122891769999999951e+02 2.583328599999999824e+02 5.401253390000000110e+01 3.771519119999999781e+00
2.139999999999999858e+01 5.126667260000000397e+02 2.583980629999999792e+02 5.394870939999999848e+01 3.779454600000000219e+00
2.150000000000000000e+01 5.130450680000000148e+02 2.584629709999999818e+02 5.388493859999999813e+01 3.787372500000000031e+00
2.160000000000000142e+01 5.134242010000000391e+02 2.585275849999999878e+02 5.382122160000000122e+01 3.795272839999999981e+00
2.169999999999999929e+01 5.138041230000000041e+02 2.585919089999999869e+02 5.375755900000000054e+01 3.803155630000000009e+00
2.180000000000000071e+01 5.141848320000000285e+02 2.586559429999999793e+02 5.369395089999999726e+01 3.811020889999999994e+00
2.189999999999999858e+01 5.145663270000000011e+02 2.587196890000000167e+02 5.363039779999999723e+01 3.818868629999999875e+00
2.200000000000000000e+01 5.149486060000000407e+02 2.587831499999999778e+02 5.356689990000000279e+01 3.826698869999999975e+00
2.210000000000000142e+01 5.153316670000000386e+02 2.588463259999999764e+02 5.350345750000000322e+01 3.834511630000000171e+00
2.219999999999999929e+01 5.157155079999999998e+02 2.589092200000000048e+02 5.344007100000000321e+01 3.842306910000000020e+00
2.230000000000000071e+01 5.161001280000000406e+02 2.589718330000000037e+02 5.337674069999999915e+01 3.850084739999999783e+00
2.239999999999999858e+01 5.164855250000000524e+02 2.590341670000000249e+02 5.331346690000000166e+01 3.857845139999999784e+00
2.250000000000000000e+01 5.168716970000000401e+02 2.590962240000000065e+02 5.325024990000000003e+01 3.865588119999999961e+00
2.260000000000000142e+01 5.172586420000000089e+02 2.591580060000000003e+02 5.318708989999999659e+01 3.873313689999999809e+00
2.269999999999999929e+01 5.176463599999999587e+02 2.592195140000000038e+02 5.312398730000000313e+01 3.881021880000000035e+00
2.280000000000000071e+01 5.180348470000000134e+02 2.592807490000000143e+02 5.306094230000000067e+01 3.888712710000000072e+00
2.289999999999999858e+01 5.184241019999999480e+02 2.593417140000000245e+02 5.299795530000000099e+01 3.896386179999999921e+00
2.300000000000000000e+01 5.188141239999999925e+02 2.594024109999999723e+02 5.293502649999999932e+01 3.904042329999999783e+00
2.310000000000000142e+01 5.192049110000000383e+02 2.594628400000000283e+02 5.287215619999999916e+01 3.911681150000000162e+00
2.319999999999999929e+01 5.195964599999999791e+02 2.595230030000000170e+02 5.280934460000000286e+01 3.919302689999999867e+00
2.330000000000000071e+01 5.199887710000000425e+02 2.595829029999999875e+02 5.274659210000000087e+01 3.926906949999999785e+00
2.339999999999999858e+01 5.203818420000000060e+02 2.596425399999999968e+02 5.268389890000000264e+01 3.934493949999999796e+00
2.350000000000000000e+01 5.207756699999999910e+02 2.597019159999999829e+02 5.262126529999999747e+01 3.942063699999999837e+00
2.360000000000000142e+01 5.211702539999999999e+02 2.597610339999999951e+02 5.255869150000000189e+01 3.949616240000000111e+00
2.369999999999999929e+01 5.215655930000000353e+02 2.598198929999999791e+02 5.249617769999999695e+01 3.957151580000000113e+00
2.380000000000000071e+01 5.219616849999999886e+02 2.598784969999999817e+02 5.243372430000000151e+01 3.964669740000000164e+00
2.389999999999999858e+01 5.223585269999999809e+02 2.599368460000000027e+02 5.237133149999999659e+01 3.972170730000000205e+00
2.400000000000000000e+01 5.227561190000000124e+02 2.599949429999999779e+02 5.230899949999999876e+01 3.979654580000000053e+00
2.410000000000000142e+01 5.231544579999999769e+02 2.600527870000000235e+02 5.224672850000000324e+01 3.987121310000000030e+00
2.419999999999999929e+01 5.235535429999999906e+02 2.601103820000000155e+02 5.218451890000000049e+01 3.994570940000000014e+00
2.430000000000000071e+01 5.239533719999999448e+02 2.601677290000000085e+02 5.212237079999999878e+01 4.002003479999999946e+00
2.439999999999999858e+01 5.243539439999999558e+02 2.602248280000000022e+02 5.206028440000000046e+01 4.009418959999999643e+00
2.450000000000000000e+01 5.247552560000000312e+02 2.602816819999999893e+02 5.199826010000000309e+01 4.016817399999999871e+00
2.460000000000000142e+01 5.251573069999999461e+02 2.603382920000000240e+02 5.193629789999999957e+01 4.024198819999999621e+00
2.469999999999999929e+01 5.255600960000000441e+02 2.603946599999999876e+02 5.187439830000000285e+01 4.031563229999999720e+00
2.480000000000000071e+01 5.259636199999999917e+02 2.604507859999999937e+02 5.181256119999999754e+01 4.038910669999999925e+00
2.489999999999999858e+01 5.263678780000000188e+02 2.605066729999999779e+02 5.175078709999999660e+01 4.046241150000000175e+00
2.500000000000000000e+01 5.267728680000000168e+02 2.605623219999999947e+02 5.168907600000000002e+01 4.053554700000000288e+00
2.510000000000000142e+01 5.271785889999999881e+02 2.606177339999999845e+02 5.162742819999999710e+01 4.060851320000000264e+00
2.519999999999999929e+01 5.275850390000000516e+02 2.606729100000000017e+02 5.156584399999999846e+01 4.068131059999999799e+00
2.530000000000000071e+01 5.279922149999999874e+02 2.607278529999999819e+02 5.150432339999999698e+01 4.075393919999999781e+00
2.539999999999999858e+01 5.284001170000000229e+02 2.607825629999999819e+02 5.144286670000000328e+01 4.082639930000000028e+00
2.550000000000000000e+01 5.288087430000000495e+02 2.608370419999999967e+02 5.138147409999999837e+01 4.089869120000000358e+00
2.560000000000000142e+01 5.292180909999999585e+02 2.608912900000000263e+02 5.132014589999999998e+01 4.097081499999999821e+00
2.569999999999999929e+01 5.296281589999999824e+02 2.609453110000000038e+02 5.125888210000000100e+01 4.104277090000000072e+00
2.580000000000000071e+01 5.300389470000000074e+02 2.609991039999999884e+02 5.119768299999999783e+01 4.111455929999999981e+00
2.589999999999999858e+01 5.304504510000000437e+02 2.610526709999999753e+02 5.113654869999999875e+01 4.118618030000000374e+00
2.600000000000000000e+01 5.308626699999999801e+02 2.611060140000000160e+02 5.107547950000000014e+01 4.125763410000000242e+00
2.610000000000000142e+01 5.312756030000000464e+02 2.611591339999999946e+02 5.101447550000000319e+01 4.132892090000000351e+00
2.619999999999999929e+01 5.316892490000000180e+02 2.612120320000000220e+02 5.095353680000000196e+01 4.140004109999999571e+00
2.630000000000000071e+01 5.321036040000000185e+02 2.612647089999999821e+02 5.089266380000000112e+01 4.147099490000000444e+00
2.639999999999999858e+01 5.325186680000000479e+02 2.613171669999999835e+02 5.083185650000000066e+01 4.154178240000000244e+00
2.650000000000000000e+01 5.329344399999999951e+02 2.613694070000000238e+02 5.077111510000000294e+01 4.161240389999999678e+00
2.660000000000000142e+01 5.333509169999999813e+02 2.614214299999999866e+02 5.071043980000000317e+01 4.168285960000000401e+00
2.669999999999999929e+01 5.337680970000000116e+02 2.614732379999999807e+02 5.064983060000000137e+01 4.175314979999999565e+00
2.680000000000000071e+01 5.341859799999999723e+02 2.615248320000000035e+02 5.058928790000000220e+01 4.182327469999999714e+00
2.689999999999999858e+01 5.346045619999999872e+02 2.615762119999999982e+02 5.052881179999999972e+01 4.189323459999999777e+00
2.700000000000000000e+01 5.350238440000000537e+02 2.616273810000000140e+02 5.046840230000000105e+01 4.196302969999999632e+00
2.710000000000000142e+01 5.354438229999999521e+02 2.616783399999999915e+02 5.040805970000000258e+01 4.203266020000000047e+00
2.719999999999999929e+01 5.358644970000000285e+02 2.617290889999999877e+02 5.034778409999999838e+01 4.210212639999999951e+00
2.730000000000000071e+01 5.362858660000000555e+02 2.617796299999999974e+02 5.028757569999999788e+01 4.217142860000000049e+00
2.739999999999999858e+01 5.367079260000000431e+02 2.618299640000000181e+02 5.022743460000000226e+01 4.224056680000000341e+00
2.750000000000000000e+01 5.371306769999999915e+02 2.618800919999999905e+02 5.016736079999999731e+01 4.230954159999999575e+00
2.760000000000000142e+01 5.375541170000000193e+02 2.619300160000000233e+02 5.010735470000000191e+01 4.237835289999999588e+00
2.769999999999999929e+01 5.379782440000000179e+02 2.619797370000000001e+02 5.004741630000000185e+01 4.244700120000000076e+00
2.780000000000000071e+01 5.384030569999999898e+02 2.620292549999999778e+02 4.998754569999999831e+01 4.251548670000000030e+00
2.789999999999999858e+01 5.388285540000000537e+02 2.620785730000000058e+02 4.992774310000000071e+01 4.258380950000000276e+00
2.800000000000000000e+01 5.392547329999999874e+02 2.621276910000000271e+02 4.986800869999999719e+01 4.265196999999999683e+00
2.810000000000000142e+01 5.396815930000000208e+02 2.621766089999999849e+02 4.980834240000000079e+01 4.271996849999999846e+00
2.819999999999999929e+01 5.401091320000000451e+02 2.622253309999999829e+02 4.974874450000000081e+01 4.278780509999999815e+00
2.830000000000000071e+01 5.405373489999999492e+02 2.622738560000000234e+02 4.968921519999999958e+01 4.285548020000000236e+00
2.839999999999999858e+01 5.409662419999999656e+02 2.623221849999999904e+02 4.962975440000000305e+01 4.292299390000000159e+00
2.850000000000000000e+01 5.413958089999999856e+02 2.623703199999999924e+02 4.957036229999999932e+01 4.299034660000000230e+00
2.860000000000000142e+01 5.418260490000000118e+02 2.624182630000000245e+02 4.951103899999999669e+01 4.305753840000000388e+00
2.869999999999999929e+01 5.422569600000000491e+02 2.624660129999999754e+02 4.945178479999999865e+01 4.312456980000000328e+00
2.880000000000000071e+01 5.426885399999999890e+02 2.625135720000000106e+02 4.939259950000000288e+01 4.319144080000000052e+00
2.889999999999999858e+01 5.431207889999999452e+02 2.625609410000000139e+02 4.933348349999999982e+01 4.325815180000000204e+00
2.900000000000000000e+01 5.435537030000000414e+02 2.626081219999999803e+02 4.927443670000000253e+01 4.332470309999999714e+00
2.910000000000000142e+01 5.439872830000000477e+02 2.626551150000000234e+02 4.921545929999999913e+01 4.339109490000000235e+00
2.919999999999999929e+01 5.444215249999999742e+02 2.627019210000000271e+02 4.915655139999999790e+01 4.345732739999999872e+00
2.930000000000000071e+01 5.448564290000000483e+02 2.627485419999999863e+02 4.909771299999999883e+01 4.352340100000000156e+00
2.939999999999999858e+01 5.452919930000000477e+02 2.627949780000000146e+02 4.903894439999999832e+01 4.358931590000000078e+00
2.950000000000000000e+01 5.457282159999999749e+02 2.628412299999999959e+02 4.898024550000000232e+01 4.365507230000000405e+00
2.960000000000000142e+01 5.461650949999999511e+02 2.628872999999999820e+02 4.892161649999999895e+01 4.372067060000000005e+00
2.969999999999999929e+01 5.466026289999999790e+02 2.629331879999999728e+02 4.886305740000000242e+01 4.378611099999999645e+00
2.980000000000000071e+01 5.470408169999999473e+02 2.629788960000000202e+02 4.880456840000000085e+01 4.385139370000000092e+00
2.989999999999999858e+01 5.474796569999999747e+02 2.630244250000000079e+02 4.874614950000000135e+01 4.391651910000000214e+00
3.000000000000000000e+01 5.479191469999999526e+02 2.630697749999999928e+02 4.868780089999999916e+01 4.398148739999999890e+00
3.010000000000000142e+01 5.483592869999999948e+02 2.631149469999999724e+02 4.862952250000000021e+01 4.404629889999999826e+00
3.019999999999999929e+01 5.488000729999999976e+02 2.631599429999999984e+02 4.857131460000000089e+01 4.411095379999999899e+00
3.030000000000000071e+01 5.492415059999999585e+02 2.632047640000000115e+02 4.851317710000000005e+01 4.417545249999999868e+00
3.039999999999999858e+01 5.496835820000000012e+02 2.632494090000000142e+02 4.845511009999999885e+01 4.423979519999999610e+00
3.050000000000000000e+01 5.501263020000000097e+02 2.632938819999999964e+02 4.839711379999999963e+01 4.430398209999999892e+00
3.060000000000000142e+01 5.505696619999999939e+02 2.633381810000000200e+02 4.833918820000000238e+01 4.436801359999999583e+00
3.069999999999999929e+01 5.510136619999999539e+02 2.633823090000000207e+02 4.828133330000000001e+01 4.443188990000000338e+00
3.080000000000000071e+01 5.514583000000000084e+02 2.634262669999999957e+02 4.822354930000000195e+01 4.449561130000000198e+00
3.089999999999999858e+01 5.519035740000000487e+02 2.634700540000000046e+02 4.816583620000000110e+01 4.455917809999999868e+00
3.100000000000000000e+01 5.523494829999999638e+02 2.635136729999999829e+02 4.810819399999999746e+01 4.462259050000000116e+00
3.110000000000000142e+01 5.527960259999999835e+02 2.635571239999999875e+02 4.805062290000000047e+01 4.468584889999999810e+00
3.119999999999999929e+01 5.532432000000000016e+02 2.636004070000000183e+02 4.799312290000000303e+01 4.474895349999999716e+00
3.130000000000000071e+01 5.536910050000000183e+02 2.636435250000000110e+02 4.793569409999999920e+01 4.481190459999999653e+00
3.139999999999999858e+01 5.541394380000000410e+02 2.636864770000000249e+02 4.787833640000000202e+01 4.487470240000000388e+00
3.150000000000000000e+01 5.545884989999999561e+02 2.637292649999999981e+02 4.782105010000000078e+01 4.493734739999999839e+00
3.160000000000000142e+01 5.550381849999999986e+02 2.637718899999999849e+02 4.776383500000000026e+01 4.499983959999999783e+00
3.169999999999999929e+01 5.554884960000000547e+02 2.638143519999999853e+02 4.770669139999999686e+01 4.506217949999999917e+00
3.180000000000000071e+01 5.559394290000000183e+02 2.638566529999999943e+02 4.764961919999999651e+01 4.512436720000000179e+00
3.189999999999999858e+01 5.563909830000000056e+02 2.638987920000000145e+02 4.759261850000000038e+01 4.518640320000000266e+00
3.200000000000000000e+01 5.568431570000000193e+02 2.639407719999999813e+02 4.753568930000000137e+01 4.524828760000000116e+00
3.210000000000000142e+01 5.572959489999999505e+02 2.639825930000000085e+02 4.747883170000000064e+01 4.531002080000000376e+00
3.220000000000000284e+01 5.577493570000000318e+02 2.640242559999999798e+02 4.742204569999999819e+01 4.537160300000000035e+00
3.229999999999999716e+01 5.582033810000000358e+02 2.640657610000000091e+02 4.736533140000000230e+01 4.543303449999999799e+00
3.239999999999999858e+01 5.586580179999999700e+02 2.641071099999999774e+02 4.730868889999999993e+01 4.549431570000000313e+00
3.250000000000000000e+01 5.591132669999999507e+02 2.641483039999999960e+02 4.725211800000000295e+01 4.555544669999999741e+00
3.260000000000000142e+01 5.595691269999999804e+02 2.641893420000000106e+02 4.719561900000000065e+01 4.561642789999999614e+00
3.270000000000000284e+01 5.600255959999999504e+02 2.642302270000000135e+02 4.713919179999999898e+01 4.567725959999999752e+00
3.279999999999999716e+01 5.604826719999999796e+02 2.642709580000000074e+02 4.708283649999999909e+01 4.573794200000000032e+00
3.289999999999999858e+01 5.609403549999999541e+02 2.643115369999999871e+02 4.702655310000000100e+01 4.579847550000000211e+00
3.300000000000000000e+01 5.613986419999999953e+02 2.643519650000000070e+02 4.697034159999999758e+01 4.585886030000000169e+00
3.310000000000000142e+01 5.618575319999999920e+02 2.643922420000000102e+02 4.691420209999999713e+01 4.591909679999999661e+00
3.320000000000000284e+01 5.623170239999999467e+02 2.644323689999999942e+02 4.685813459999999964e+01 4.597918510000000403e+00
3.329999999999999716e+01 5.627771159999999782e+02 2.644723470000000134e+02 4.680213909999999800e+01 4.603912560000000376e+00
3.339999999999999858e+01 5.632378059999999778e+02 2.645121770000000083e+02 4.674621570000000048e+01 4.609891870000000225e+00
3.350000000000000000e+01 5.636990939999999455e+02 2.645518589999999790e+02 4.669036439999999999e+01 4.615856449999999889e+00
3.360000000000000142e+01 5.641609780000000001e+02 2.645913939999999798e+02 4.663458510000000246e+01 4.621806340000000013e+00
3.370000000000000284e+01 5.646234550000000354e+02 2.646307840000000056e+02 4.657887800000000311e+01 4.627741559999999588e+00
3.379999999999999716e+01 5.650865260000000490e+02 2.646700280000000021e+02 4.652324310000000196e+01 4.633662160000000085e+00
3.389999999999999858e+01 5.655501880000000483e+02 2.647091280000000211e+02 4.646768029999999783e+01 4.639568139999999730e+00
3.400000000000000000e+01 5.660144390000000385e+02 2.647480840000000057e+02 4.641218969999999899e+01 4.645459549999999993e+00
3.410000000000000142e+01 5.664792800000000170e+02 2.647868980000000079e+02 4.635677129999999835e+01 4.651336409999999866e+00
3.420000000000000284e+01 5.669447069999999940e+02 2.648255689999999731e+02 4.630142510000000300e+01 4.657198759999999993e+00
3.429999999999999716e+01 5.674107189999999719e+02 2.648640980000000127e+02 4.624615119999999990e+01 4.663046620000000253e+00
3.439999999999999858e+01 5.678773159999999507e+02 2.649024880000000053e+02 4.619094950000000210e+01 4.668880019999999575e+00
3.450000000000000000e+01 5.683444950000000517e+02 2.649407370000000128e+02 4.613582000000000249e+01 4.674698990000000443e+00
3.460000000000000142e+01 5.688122560000000476e+02 2.649788469999999734e+02 4.608076290000000341e+01 4.680503560000000007e+00
3.470000000000000284e+01 5.692805959999999459e+02 2.650168180000000007e+02 4.602577800000000252e+01 4.686293749999999925e+00
3.479999999999999716e+01 5.697495149999999740e+02 2.650546519999999759e+02 4.597086540000000099e+01 4.692069609999999891e+00
3.489999999999999858e+01 5.702190100000000257e+02 2.650923490000000129e+02 4.591602509999999882e+01 4.697831159999999784e+00
3.500000000000000000e+01 5.706890809999999874e+02 2.651299089999999978e+02 4.586125710000000311e+01 4.703578420000000371e+00
3.510000000000000142e+01 5.711597259999999778e+02 2.651673339999999826e+02 4.580656150000000082e+01 4.709311429999999632e+00
3.520000000000000284e+01 5.716309430000000020e+02 2.652046240000000239e+02 4.575193809999999672e+01 4.715030220000000050e+00
3.529999999999999716e+01 5.721027319999999463e+02 2.652417790000000082e+02 4.569738699999999909e+01 4.720734819999999665e+00
3.539999999999999858e+01 5.725750900000000456e+02 2.652788009999999872e+02 4.564290820000000082e+01 4.726425250000000133e+00
3.550000000000000000e+01 5.730480169999999589e+02 2.653156910000000153e+02 4.558850180000000307e+01 4.732101550000000323e+00
3.560000000000000142e+01 5.735215100000000348e+02 2.653524479999999812e+02 4.553416769999999758e+01 4.737763740000000112e+00
3.570000000000000284e+01 5.739955700000000434e+02 2.653890729999999962e+02 4.547990579999999738e+01 4.743411860000000146e+00
3.579999999999999716e+01 5.744701929999999948e+02 2.654255679999999984e+02 4.542571629999999772e+01 4.749045930000000304e+00
3.589999999999999858e+01 5.749453790000000026e+02 2.654619329999999877e+02 4.537159909999999741e+01 4.754665990000000342e+00
3.600000000000000000e+01 5.754211259999999584e+02 2.654981680000000210e+02 4.531755410000000239e+01 4.760272060000000138e+00
3.610000000000000142e+01 5.758974329999999782e+02 2.655342749999999796e+02 4.526358139999999963e+01 4.765864170000000399e+00
3.620000000000000284e+01 5.763742989999999509e+02 2.655702529999999797e+02 4.520968109999999740e+01 4.771442359999999994e+00
3.629999999999999716e+01 5.768517219999999952e+02 2.656061040000000162e+02 4.515585289999999929e+01 4.777006649999999688e+00
3.639999999999999858e+01 5.773297000000000025e+02 2.656418279999999754e+02 4.510209710000000172e+01 4.782557080000000127e+00
3.650000000000000000e+01 5.778082329999999729e+02 2.656774250000000279e+02 4.504841340000000116e+01 4.788093670000000301e+00
3.660000000000000142e+01 5.782873190000000250e+02 2.657128979999999956e+02 4.499480199999999996e+01 4.793616450000000029e+00
3.670000000000000284e+01 5.787669560000000502e+02 2.657482449999999972e+02 4.494126279999999696e+01 4.799125450000000015e+00
3.679999999999999716e+01 5.792471440000000484e+02 2.657834680000000276e+02 4.488779579999999925e+01 4.804620700000000078e+00
3.689999999999999858e+01 5.797278800000000274e+02 2.658185680000000275e+02 4.483440099999999973e+01 4.810102239999999973e+00
3.700000000000000000e+01 5.802091639999999870e+02 2.658535439999999994e+02 4.478107839999999840e+01 4.815570089999999581e+00
3.710000000000000142e+01 5.806909940000000461e+02 2.658883979999999951e+02 4.472782790000000119e+01 4.821024279999999607e+00
3.720000000000000284e+01 5.811733689999999797e+02 2.659231300000000147e+02 4.467464950000000101e+01 4.826464839999999867e+00
3.729999999999999716e+01 5.816562870000000203e+02 2.659577409999999986e+02 4.462154329999999902e+01 4.831891800000000181e+00
3.739999999999999858e+01 5.821397480000000542e+02 2.659922310000000039e+02 4.456850909999999999e+01 4.837305200000000305e+00
3.750000000000000000e+01 5.826237479999999778e+02 2.660266020000000253e+02 4.451554699999999798e+01 4.842705050000000178e+00
3.760000000000000142e+01 5.831082890000000134e+02 2.660608530000000087e+02 4.446265689999999893e+01 4.848091400000000384e+00
3.770000000000000284e+01 5.835933669999999438e+02 2.660949850000000083e+02 4.440983889999999690e+01 4.853464259999999975e+00
3.779999999999999716e+01 5.840789809999999989e+02 2.661290000000000191e+02 4.435709289999999783e+01 4.858823680000000422e+00
3.789999999999999858e+01 5.845651309999999512e+02 2.661628959999999893e+02 4.430441880000000054e+01 4.864169669999999890e+00
3.800000000000000000e+01 5.850518150000000333e+02 2.661966760000000249e+02 4.425181659999999795e+01 4.869502279999999850e+00
3.810000000000000142e+01 5.855390320000000202e+02 2.662303390000000149e+02 4.419928639999999831e+01 4.874821520000000241e+00
3.820000000000000284e+01 5.860267800000000307e+02 2.662638860000000136e+02 4.414682810000000046e+01 4.880127439999999872e+00
3.829999999999999716e+01 5.865150569999999561e+02 2.662973180000000184e+02 4.409444160000000323e+01 4.885420049999999570e+00
3.839999999999999858e+01 5.870038640000000214e+02 2.663306360000000268e+02 4.404212689999999952e+01 4.890699389999999980e+00
3.850000000000000000e+01 5.874931970000000092e+02 2.663638389999999845e+02 4.398988400000000354e+01 4.895965490000000031e+00
3.860000000000000142e+01 5.879830570000000307e+02 2.663969290000000001e+02 4.393771290000000107e+01 4.901218380000000430e+00
3.870000000000000284e+01 5.884734409999999798e+02 2.664299050000000193e+02 4.388561349999999806e+01 4.906458090000000105e+00
3.879999999999999716e+01 5.889643479999999727e+02 2.664627699999999777e+02 4.383358580000000160e+01 4.911684649999999763e+00
3.889999999999999858e+01 5.894557780000000093e+02 2.664955219999999940e+02 4.378162979999999749e+01 4.916898090000000110e+00
3.900000000000000000e+01 5.899477279999999837e+02 2.665281630000000064e+02 4.372974539999999877e+01 4.922098430000000135e+00
3.910000000000000142e+01 5.904401980000000094e+02 2.665606930000000148e+02 4.367793259999999833e+01 4.927285709999999597e+00
3.920000000000000284e+01 5.909331849999999804e+02 2.665931130000000167e+02 4.362619130000000212e+01 4.932459960000000088e+00
3.929999999999999716e+01 5.914266900000000078e+02 2.666254240000000095e+02 4.357452150000000302e+01 4.937621199999999710e+00
3.939999999999999858e+01 5.919207089999999880e+02 2.666576249999999959e+02 4.352292320000000103e+01 4.942769479999999938e+00
3.950000000000000000e+01 5.924152440000000297e+02 2.666897169999999733e+02 4.347139640000000327e+01 4.947904799999999881e+00
3.960000000000000142e+01 5.929102900000000318e+02 2.667217019999999934e+02 4.341994090000000028e+01 4.953027220000000064e+00
3.970000000000000284e+01 5.934058489999999892e+02 2.667535780000000045e+02 4.336855680000000035e+01 4.958136750000000426e+00
3.979999999999999716e+01 5.939019180000000233e+02 2.667853479999999990e+02 4.331724400000000230e+01 4.963233429999999835e+00
3.989999999999999858e+01 5.943984960000000228e+02 2.668170109999999795e+02 4.326600239999999786e+01 4.968317279999999947e+00
4.000000000000000000e+01 5.948955809999999929e+02 2.668485689999999977e+02 4.321483210000000241e+01 4.973388339999999630e+00
4.010000000000000142e+01 5.953931730000000471e+02 2.668800200000000018e+02 4.316373300000000057e+01 4.978446629999999651e+00
4.020000000000000284e+01 5.958912709999999606e+02 2.669113669999999843e+02 4.311270499999999828e+01 4.983492179999999827e+00
4.029999999999999716e+01 5.963898719999999685e+02 2.669426090000000045e+02 4.306174810000000264e+01 4.988525029999999916e+00
4.039999999999999858e+01 5.968889759999999569e+02 2.669737470000000030e+02 4.301086219999999827e+01 4.993545209999999734e+00
4.050000000000000000e+01 5.973885810000000447e+02 2.670047819999999774e+02 4.296004729999999938e+01 4.998552730000000111e+00
4.060000000000000142e+01 5.978886860000000070e+02 2.670357139999999845e+02 4.290930339999999887e+01 5.003547639999999852e+00
4.070000000000000284e+01 5.983892899999999599e+02 2.670665430000000242e+02 4.285863040000000268e+01 5.008529959999999726e+00
4.079999999999999716e+01 5.988903920000000198e+02 2.670972699999999804e+02 4.280802820000000253e+01 5.013499720000000437e+00
4.089999999999999858e+01 5.993919899999999643e+02 2.671278960000000211e+02 4.275749679999999842e+01 5.018456959999999967e+00
4.100000000000000000e+01 5.998940830000000233e+02 2.671584199999999782e+02 4.270703619999999745e+01 5.023401690000000031e+00
4.110000000000000142e+01 6.003966709999999694e+02 2.671888440000000173e+02 4.265664619999999729e+01 5.028333960000000324e+00
4.120000000000000284e+01 6.008997500000000400e+02 2.672191680000000247e+02 4.260632689999999911e+01 5.033253779999999900e+00
4.129999999999999716e+01 6.014033210000000054e+02 2.672493929999999978e+02 4.255607820000000174e+01 5.038161190000000289e+00
4.139999999999999858e+01 6.019073829999999816e+02 2.672795179999999959e+02 4.250590009999999808e+01 5.043056220000000422e+00
4.150000000000000000e+01 6.024119329999999763e+02 2.673095450000000142e+02 4.245579239999999999e+01 5.047938900000000118e+00
4.160000000000000142e+01 6.029169699999999921e+02 2.673394729999999981e+02 4.240575520000000154e+01 5.052809260000000080e+00
4.170000000000000284e+01 6.034224940000000288e+02 2.673693039999999996e+02 4.235578830000000039e+01 5.057667320000000188e+00
4.179999999999999716e+01 6.039285039999999753e+02 2.673990380000000187e+02 4.230589179999999772e+01 5.062513120000000200e+00
4.189999999999999858e+01 6.044349969999999530e+02 2.674286749999999984e+02 4.225606549999999828e+01 5.067346689999999931e+00
4.200000000000000000e+01 6.049419729999999618e+02 2.674582149999999956e+02 4.220630950000000325e+01 5.072168040000000211e+00
4.210000000000000142e+01 6.054494310000000041e+02 2.674876590000000078e+02 4.215662350000000202e+01 5.076977219999999846e+00
4.220000000000000284e+01 6.059573689999999715e+02 2.675170089999999732e+02 4.210700769999999693e+01 5.081774260000000432e+00
4.229999999999999716e+01 6.064657859999999800e+02 2.675462630000000104e+02 4.205746189999999984e+01 5.086559180000000069e+00
4.239999999999999858e+01 6.069746800000000349e+02 2.675754220000000032e+02 4.200798609999999655e+01 5.091332000000000413e+00
4.250000000000000000e+01 6.074840520000000197e+02 2.676044880000000035e+02 4.195858020000000010e+01 5.096092770000000272e+00
4.260000000000000142e+01 6.079938990000000558e+02 2.676334600000000137e+02 4.190924420000000339e+01 5.100841510000000412e+00
4.270000000000000284e+01 6.085042200000000321e+02 2.676623379999999770e+02 4.185997799999999813e+01 5.105578239999999823e+00
4.279999999999999716e+01 6.090150149999999485e+02 2.676911240000000021e+02 4.181078149999999738e+01 5.110303009999999979e+00
4.289999999999999858e+01 6.095262810000000400e+02 2.677198179999999752e+02 4.176165459999999996e+01 5.115015829999999930e+00
4.300000000000000000e+01 6.100380179999999655e+02 2.677484190000000126e+02 4.171259739999999994e+01 5.119716730000000382e+00
4.310000000000000142e+01 6.105502239999999574e+02 2.677769289999999955e+02 4.166360970000000208e+01 5.124405750000000204e+00
4.320000000000000284e+01 6.110628990000000158e+02 2.678053479999999809e+02 4.161469149999999928e+01 5.129082910000000162e+00
4.329999999999999716e+01 6.115760410000000320e+02 2.678336770000000229e+02 4.156584269999999748e+01 5.133748250000000013e+00
4.339999999999999858e+01 6.120896490000000085e+02 2.678619150000000104e+02 4.151706329999999667e+01 5.138401779999999697e+00
4.350000000000000000e+01 6.126037209999999504e+02 2.678900629999999978e+02 4.146835320000000280e+01 5.143043549999999797e+00
4.360000000000000142e+01 6.131182569999999714e+02 2.679181219999999826e+02 4.141971230000000048e+01 5.147673570000000254e+00
4.370000000000000284e+01 6.136332559999999603e+02 2.679460930000000189e+02 4.137114050000000276e+01 5.152291889999999874e+00
4.379999999999999716e+01 6.141487160000000358e+02 2.679739739999999983e+02 4.132263789999999659e+01 5.156898520000000374e+00
4.389999999999999858e+01 6.146646359999999731e+02 2.680017669999999725e+02 4.127420419999999979e+01 5.161493489999999795e+00
4.400000000000000000e+01 6.151810140000000047e+02 2.680294729999999959e+02 4.122583949999999930e+01 5.166076839999999670e+00
4.410000000000000142e+01 6.156978510000000142e+02 2.680570910000000140e+02 4.117754370000000108e+01 5.170648589999999878e+00
4.420000000000000284e+01 6.162151440000000093e+02 2.680846220000000244e+02 4.112931679999999801e+01 5.175208770000000236e+00
4.429999999999999716e+01 6.167328929999999900e+02 2.681120670000000246e+02 4.108115860000000197e+01 5.179757409999999673e+00
4.439999999999999858e+01 6.172510959999999614e+02 2.681394260000000145e+02 4.103306899999999757e+01 5.184294539999999785e+00
4.450000000000000000e+01 6.177697520000000395e+02 2.681666979999999967e+02 4.098504810000000020e+01 5.188820179999999560e+00
4.460000000000000142e+01 6.182888599999999997e+02 2.681938860000000204e+02 4.093709570000000042e+01 5.193334369999999645e+00
4.470000000000000284e+01 6.188084179999999606e+02 2.682209879999999771e+02 4.088921179999999822e+01 5.197837139999999856e+00
4.479999999999999716e+01 6.193284270000000333e+02 2.682480059999999753e+02 4.084139629999999954e+01 5.202328500000000133e+00
4.489999999999999858e+01 6.198488839999999982e+02 2.682749400000000151e+02 4.079364910000000322e+01 5.206808500000000173e+00
4.500000000000000000e+01 6.203697889999999688e+02 2.683017889999999852e+02 4.074597020000000214e+01 5.211277149999999914e+00
4.510000000000000142e+01 6.208911399999999503e+02 2.683285559999999919e+02 4.069835950000000224e+01 5.215734490000000001e+00
4.520000000000000284e+01 6.214129359999999451e+02 2.683552389999999832e+02 4.065081690000000236e+01 5.220180550000000252e+00
4.529999999999999716e+01 6.219351759999999558e+02 2.683818400000000111e+02 4.060334230000000133e+01 5.224615349999999658e+00
4.539999999999999858e+01 6.224578589999999849e+02 2.684083580000000211e+02 4.055593569999999914e+01 5.229038919999999813e+00
4.550000000000000000e+01 6.229809830000000375e+02 2.684347940000000108e+02 4.050859700000000174e+01 5.233451289999999645e+00
4.560000000000000142e+01 6.235045489999999972e+02 2.684611489999999776e+02 4.046132610000000085e+01 5.237852489999999861e+00
4.570000000000000284e+01 6.240285539999999855e+02 2.684874219999999809e+02 4.041412290000000240e+01 5.242242540000000339e+00
4.579999999999999716e+01 6.245529970000000048e+02 2.685136150000000157e+02 4.036698750000000047e+01 5.246621479999999949e+00
4.589999999999999858e+01 6.250778780000000552e+02 2.685397270000000276e+02 4.031991959999999864e+01 5.250989330000000344e+00
4.600000000000000000e+01 6.256031950000000279e+02 2.685657590000000141e+02 4.027291919999999692e+01 5.255346119999999566e+00
4.610000000000000142e+01 6.261289470000000392e+02 2.685917109999999752e+02 4.022598630000000242e+01 5.259691870000000158e+00
4.620000000000000284e+01 6.266551339999999755e+02 2.686175840000000221e+02 4.017912069999999858e+01 5.264026630000000040e+00
4.629999999999999716e+01 6.271817529999999579e+02 2.686433779999999842e+02 4.013232250000000079e+01 5.268350400000000100e+00
4.639999999999999858e+01 6.277088039999999864e+02 2.686690929999999753e+02 4.008559139999999843e+01 5.272663230000000034e+00
4.650000000000000000e+01 6.282362849999999526e+02 2.686947299999999927e+02 4.003892749999999978e+01 5.276965129999999782e+00
4.660000000000000142e+01 6.287641969999999674e+02 2.687202879999999823e+02 3.999233069999999657e+01 5.281256149999999927e+00
4.670000000000000284e+01 6.292925370000000385e+02 2.687457689999999957e+02 3.994580080000000066e+01 5.285536289999999582e+00
4.679999999999999716e+01 6.298213040000000547e+02 2.687711729999999761e+02 3.989933779999999786e+01 5.289805600000000219e+00
4.689999999999999858e+01 6.303504980000000160e+02 2.687964999999999804e+02 3.985294170000000236e+01 5.294064099999999939e+00
4.700000000000000000e+01 6.308801170000000411e+02 2.688217500000000086e+02 3.980661229999999762e+01 5.298311810000000399e+00
4.710000000000000142e+01 6.314101600000000190e+02 2.688469240000000013e+02 3.976034949999999668e+01 5.302548769999999578e+00
4.720000000000000284e+01 6.319406269999999495e+02 2.688720220000000154e+02 3.971415340000000072e+01 5.306775000000000020e+00
4.729999999999999716e+01 6.324715149999999539e+02 2.688970439999999940e+02 3.966802369999999911e+01 5.310990529999999765e+00
4.739999999999999858e+01 6.330028250000000298e+02 2.689219909999999913e+02 3.962196050000000014e+01 5.315195390000000408e+00
4.750000000000000000e+01 6.335345539999999573e+02 2.689468620000000101e+02 3.957596360000000146e+01 5.319389600000000051e+00
4.760000000000000142e+01 6.340667029999999613e+02 2.689716599999999858e+02 3.953003300000000309e+01 5.323573190000000288e+00
4.770000000000000284e+01 6.345992690000000493e+02 2.689963829999999803e+02 3.948416859999999673e+01 5.327746190000000048e+00
4.779999999999999716e+01 6.351322519999999940e+02 2.690210319999999911e+02 3.943837020000000138e+01 5.331908620000000099e+00
4.789999999999999858e+01 6.356656510000000253e+02 2.690456070000000182e+02 3.939263789999999688e+01 5.336060520000000196e+00
4.800000000000000000e+01 6.361994640000000345e+02 2.690701090000000022e+02 3.934697150000000221e+01 5.340201910000000218e+00
4.810000000000000142e+01 6.367336910000000216e+02 2.690945380000000000e+02 3.930137100000000316e+01 5.344332810000000045e+00
4.820000000000000284e+01 6.372683309999999892e+02 2.691188940000000116e+02 3.925583629999999857e+01 5.348453260000000320e+00
4.829999999999999716e+01 6.378033820000000560e+02 2.691431779999999776e+02 3.921036720000000031e+01 5.352563280000000034e+00
4.839999999999999858e+01 6.383388429999999971e+02 2.691673900000000117e+02 3.916496380000000244e+01 5.356662889999999955e+00
4.850000000000000000e+01 6.388747140000000400e+02 2.691915300000000002e+02 3.911962590000000262e+01 5.360752129999999838e+00
4.860000000000000142e+01 6.394109939999999597e+02 2.692155980000000000e+02 3.907435339999999968e+01 5.364831030000000389e+00
4.870000000000000284e+01 6.399476799999999912e+02 2.692395960000000059e+02 3.902914630000000074e+01 5.368899599999999772e+00
4.879999999999999716e+01 6.404847740000000158e+02 2.692635220000000231e+02 3.898400440000000344e+01 5.372957869999999581e+00
4.889999999999999858e+01 6.410222720000000436e+02 2.692873779999999897e+02 3.893892780000000187e+01 5.377005879999999571e+00
4.900000000000000000e+01 6.415601749999999583e+02 2.693111640000000193e+02 3.889391619999999961e+01 5.381043639999999684e+00
4.910000000000000142e+01 6.420984809999999925e+02 2.693348799999999983e+02 3.884896969999999783e+01 5.385071189999999675e+00
4.920000000000000284e+01 6.426371890000000349e+02 2.693585259999999835e+02 3.880408810000000130e+01 5.389088550000000311e+00
4.929999999999999716e+01 6.431762979999999743e+02 2.693821029999999723e+02 3.875927130000000176e+01 5.393095749999999633e+00
4.939999999999999858e+01 6.437158080000000382e+02 2.694056110000000217e+02 3.871451940000000036e+01 5.397092820000000124e+00
4.950000000000000000e+01 6.442557170000000042e+02 2.694290500000000179e+02 3.866983210000000071e+01 5.401079769999999947e+00
4.960000000000000142e+01 6.447960239999999885e+02 2.694524210000000153e+02 3.862520940000000280e+01 5.405056639999999746e+00
4.970000000000000284e+01 6.453367279999999937e+02 2.694757240000000138e+02 3.858065119999999837e+01 5.409023450000000288e+00
4.979999999999999716e+01 6.458778290000000197e+02 2.694989580000000160e+02 3.853615740000000045e+01 5.412980240000000443e+00
4.989999999999999858e+01 6.464193239999999605e+02 2.695221260000000143e+02 3.849172800000000194e+01 5.416927010000000209e+00
5.000000000000000000e+01 6.469612140000000409e+02 2.695452260000000138e+02 3.844736280000000050e+01 5.420863810000000171e+00
5.010000000000000142e+01 6.475034970000000385e+02 2.695682580000000144e+02 3.840306180000000325e+01 5.424790660000000209e+00
5.020000000000000284e+01 6.480461719999999559e+02 2.695912250000000085e+02 3.835882480000000072e+01 5.428707580000000199e+00
5.029999999999999716e+01 6.485892390000000205e+02 2.696141240000000039e+02 3.831465190000000121e+01 5.432614609999999900e+00
5.039999999999999858e+01 6.491326950000000124e+02 2.696369579999999928e+02 3.827054280000000119e+01 5.436511760000000137e+00
5.050000000000000000e+01 6.496765410000000429e+02 2.696597259999999778e+02 3.822649760000000185e+01 5.440399059999999842e+00
5.060000000000000142e+01 6.502207750000000033e+02 2.696824280000000158e+02 3.818251610000000085e+01 5.444276529999999781e+00
5.070000000000000284e+01 6.507653960000000097e+02 2.697050649999999905e+02 3.813859819999999701e+01 5.448144209999999710e+00
5.079999999999999716e+01 6.513104039999999486e+02 2.697276370000000156e+02 3.809474389999999744e+01 5.452002120000000396e+00
5.089999999999999858e+01 6.518557970000000523e+02 2.697501439999999775e+02 3.805095299999999980e+01 5.455850289999999880e+00
5.100000000000000000e+01 6.524015739999999823e+02 2.697725859999999898e+02 3.800722559999999817e+01 5.459688739999999818e+00
5.110000000000000142e+01 6.529477339999999685e+02 2.697949639999999931e+02 3.796356140000000323e+01 5.463517490000000087e+00
5.120000000000000284e+01 6.534942770000000110e+02 2.698172789999999850e+02 3.791996040000000079e+01 5.467336569999999618e+00
5.129999999999999716e+01 6.540412019999999984e+02 2.698395300000000248e+02 3.787642249999999677e+01 5.471146010000000004e+00
5.139999999999999858e+01 6.545885070000000496e+02 2.698617169999999987e+02 3.783294759999999712e+01 5.474945840000000175e+00
5.150000000000000000e+01 6.551361910000000535e+02 2.698838410000000181e+02 3.778953570000000184e+01 5.478736070000000069e+00
5.160000000000000142e+01 6.556842540000000099e+02 2.699059020000000260e+02 3.774618660000000148e+01 5.482516740000000333e+00
5.170000000000000284e+01 6.562326940000000377e+02 2.699279010000000198e+02 3.770290030000000314e+01 5.486287860000000016e+00
5.179999999999999716e+01 6.567815110000000232e+02 2.699498370000000023e+02 3.765967659999999739e+01 5.490049469999999765e+00
5.189999999999999858e+01 6.573307039999999688e+02 2.699717110000000275e+02 3.761651549999999844e+01 5.493801590000000346e+00
5.200000000000000000e+01 6.578802719999999908e+02 2.699935229999999819e+02 3.757341689999999801e+01 5.497544239999999860e+00
5.210000000000000142e+01 6.584302129999999806e+02 2.700152739999999767e+02 3.753038070000000204e+01 5.501277459999999842e+00
5.220000000000000284e+01 6.589805270000000519e+02 2.700369630000000143e+02 3.748740680000000225e+01 5.505001250000000290e+00
5.229999999999999716e+01 6.595312129999999797e+02 2.700585919999999760e+02 3.744449509999999748e+01 5.508715660000000014e+00
5.239999999999999858e+01 6.600822699999999941e+02 2.700801589999999806e+02 3.740164560000000193e+01 5.512420699999999840e+00
5.250000000000000000e+01 6.606336969999999837e+02 2.701016660000000229e+02 3.735885799999999790e+01 5.516116399999999587e+00
5.260000000000000142e+01 6.611854939999999488e+02 2.701231119999999919e+02 3.731613250000000193e+01 5.519802789999999959e+00
5.270000000000000284e+01 6.617376580000000104e+02 2.701444989999999962e+02 3.727346870000000223e+01 5.523479880000000009e+00
5.279999999999999716e+01 6.622901900000000524e+02 2.701658249999999839e+02 3.723086680000000115e+01 5.527147710000000380e+00
5.289999999999999858e+01 6.628430879999999661e+02 2.701870920000000069e+02 3.718832650000000228e+01 5.530806300000000064e+00
5.300000000000000000e+01 6.633963509999999815e+02 2.702083000000000084e+02 3.714584779999999853e+01 5.534455669999999827e+00
5.310000000000000142e+01 6.639499789999999848e+02 2.702294479999999908e+02 3.710343060000000293e+01 5.538095840000000436e+00
5.320000000000000284e+01 6.645039699999999812e+02 2.702505380000000059e+02 3.706107469999999893e+01 5.541726849999999871e+00
5.329999999999999716e+01 6.650583239999999705e+02 2.702715689999999995e+02 3.701878020000000191e+01 5.545348719999999787e+00
5.339999999999999858e+01 6.656130399999999554e+02 2.702925420000000258e+02 3.697654699999999650e+01 5.548961470000000062e+00
5.350000000000000000e+01 6.661681160000000546e+02 2.703134559999999738e+02 3.693437480000000050e+01 5.552565119999999688e+00
5.360000000000000142e+01 6.667235530000000381e+02 2.703343130000000087e+02 3.689226370000000088e+01 5.556159710000000196e+00
5.370000000000000284e+01 6.672793480000000272e+02 2.703551120000000196e+02 3.685021350000000240e+01 5.559745239999999811e+00
5.379999999999999716e+01 6.678355020000000195e+02 2.703758530000000064e+02 3.680822419999999795e+01 5.563321760000000005e+00
5.389999999999999858e+01 6.683920130000000199e+02 2.703965370000000235e+02 3.676629559999999941e+01 5.566889279999999829e+00
5.400000000000000000e+01 6.689488800000000310e+02 2.704171650000000113e+02 3.672442769999999967e+01 5.570447820000000050e+00
5.410000000000000142e+01 6.695061020000000553e+02 2.704377349999999751e+02 3.668262039999999757e+01 5.573997420000000425e+00
5.420000000000000284e+01 6.700636789999999792e+02 2.704582490000000234e+02 3.664087359999999904e+01 5.577538090000000004e+00
5.429999999999999716e+01 6.706216100000000324e+02 2.704787069999999858e+02 3.659918710000000175e+01 5.581069860000000382e+00
5.439999999999999858e+01 6.711798929999999928e+02 2.704991079999999783e+02 3.655756099999999975e+01 5.584592759999999600e+00
5.450000000000000000e+01 6.717385279999999739e+02 2.705194539999999961e+02 3.651599509999999782e+01 5.588106790000000323e+00
5.460000000000000142e+01 6.722975149999999758e+02 2.705397439999999847e+02 3.647448930000000189e+01 5.591611999999999583e+00
5.470000000000000284e+01 6.728568510000000060e+02 2.705599789999999985e+02 3.643304349999999658e+01 5.595108409999999921e+00
5.479999999999999716e+01 6.734165359999999509e+02 2.705801589999999806e+02 3.639165770000000322e+01 5.598596030000000390e+00
5.489999999999999858e+01 6.739765700000000379e+02 2.706002829999999904e+02 3.635033169999999814e+01 5.602074889999999918e+00
5.500000000000000000e+01 6.745369510000000446e+02 2.706203530000000228e+02 3.630906540000000149e+01 5.605545020000000100e+00
5.510000000000000142e+01 6.750976789999999710e+02 2.706403690000000211e+02 3.626785879999999906e+01 5.609006439999999927e+00
5.520000000000000284e+01 6.756587520000000495e+02 2.706603299999999876e+02 3.622671179999999680e+01 5.612459170000000164e+00
5.529999999999999716e+01 6.762201710000000503e+02 2.706802369999999769e+02 3.618562419999999946e+01 5.615903229999999802e+00
5.539999999999999858e+01 6.767819329999999809e+02 2.707000899999999888e+02 3.614459610000000112e+01 5.619338650000000435e+00
5.550000000000000000e+01 6.773440389999999525e+02 2.707198900000000208e+02 3.610362719999999825e+01 5.622765460000000104e+00
5.560000000000000142e+01 6.779064859999999726e+02 2.707396360000000186e+02 3.606271749999999798e+01 5.626183669999999637e+00
5.570000000000000284e+01 6.784692750000000387e+02 2.707593289999999797e+02 3.602186689999999913e+01 5.629593309999999740e+00
5.579999999999999716e+01 6.790324050000000398e+02 2.707789680000000203e+02 3.598107530000000054e+01 5.632994400000000290e+00
5.589999999999999858e+01 6.795958739999999807e+02 2.707985550000000217e+02 3.594034260000000103e+01 5.636386970000000218e+00
5.600000000000000000e+01 6.801596819999999752e+02 2.708180899999999838e+02 3.589966880000000060e+01 5.639771030000000351e+00
5.610000000000000142e+01 6.807238280000000259e+02 2.708375720000000229e+02 3.585905369999999692e+01 5.643146619999999558e+00
5.620000000000000284e+01 6.812883120000000190e+02 2.708570020000000227e+02 3.581849720000000303e+01 5.646513750000000442e+00
5.629999999999999716e+01 6.818531309999999621e+02 2.708763799999999833e+02 3.577799929999999762e+01 5.649872440000000218e+00
5.639999999999999858e+01 6.824182859999999664e+02 2.708957060000000183e+02 3.573755979999999965e+01 5.653222730000000418e+00
5.650000000000000000e+01 6.829837760000000344e+02 2.709149810000000116e+02 3.569717870000000204e+01 5.656564630000000093e+00
5.660000000000000142e+01 6.835495989999999438e+02 2.709342040000000225e+02 3.565685589999999650e+01 5.659898160000000011e+00
5.670000000000000284e+01 6.841157550000000356e+02 2.709533759999999916e+02 3.561659120000000200e+01 5.663223349999999989e+00
5.679999999999999716e+01 6.846822439999999688e+02 2.709724969999999757e+02 3.557638459999999725e+01 5.666540219999999906e+00
5.689999999999999858e+01 6.852490629999999783e+02 2.709915669999999750e+02 3.553623610000000355e+01 5.669848799999999578e+00
5.700000000000000000e+01 6.858162129999999479e+02 2.710105869999999868e+02 3.549614540000000318e+01 5.673149099999999834e+00
5.710000000000000142e+01 6.863836929999999938e+02 2.710295560000000137e+02 3.545611250000000325e+01 5.676441149999999602e+00
5.720000000000000284e+01 6.869515020000000050e+02 2.710484759999999937e+02 3.541613730000000260e+01 5.679724969999999651e+00
5.729999999999999716e+01 6.875196379999999863e+02 2.710673449999999889e+02 3.537621970000000005e+01 5.683000589999999796e+00
5.739999999999999858e+01 6.880881020000000490e+02 2.710861639999999966e+02 3.533635970000000270e+01 5.686268010000000039e+00
5.750000000000000000e+01 6.886568919999999707e+02 2.711049340000000143e+02 3.529655710000000113e+01 5.689527280000000076e+00
5.760000000000000142e+01 6.892260069999999814e+02 2.711236549999999852e+02 3.525681180000000126e+01 5.692778409999999845e+00
5.770000000000000284e+01 6.897954469999999674e+02 2.711423260000000255e+02 3.521712380000000309e+01 5.696021410000000174e+00
5.779999999999999716e+01 6.903652120000000423e+02 2.711609480000000190e+02 3.517749289999999718e+01 5.699256329999999870e+00
5.789999999999999858e+01 6.909352989999999863e+02 2.711795220000000199e+02 3.513791909999999774e+01 5.702483159999999884e+00
5.800000000000000000e+01 6.915057080000000269e+02 2.711980459999999766e+02 3.509840220000000244e+01 5.705701949999999911e+00
5.810000000000000142e+01 6.920764390000000503e+02 2.712165229999999951e+02 3.505894219999999706e+01 5.708912709999999890e+00
5.820000000000000284e+01 6.926474909999999454e+02 2.712349510000000237e+02 3.501953910000000292e+01 5.712115449999999761e+00
5.829999999999999716e+01 6.932188619999999446e+02 2.712533310000000029e+02 3.498019260000000230e+01 5.715310220000000108e+00
5.839999999999999858e+01 6.937905530000000454e+02 2.712716629999999896e+02 3.494090260000000114e+01 5.718497010000000103e+00
5.850000000000000000e+01 6.943625620000000254e+02 2.712899469999999837e+02 3.490166920000000061e+01 5.721675870000000330e+00
5.860000000000000142e+01 6.949348880000000008e+02 2.713081839999999829e+02 3.486249219999999838e+01 5.724846799999999902e+00
5.870000000000000284e+01 6.955075309999999718e+02 2.713263739999999871e+02 3.482337160000000154e+01 5.728009840000000352e+00
5.879999999999999716e+01 6.960804900000000544e+02 2.713445159999999987e+02 3.478430709999999948e+01 5.731164989999999904e+00
5.889999999999999858e+01 6.966537640000000238e+02 2.713626110000000153e+02 3.474529880000000048e+01 5.734312290000000090e+00
5.900000000000000000e+01 6.972273519999999962e+02 2.713806599999999776e+02 3.470634650000000221e+01 5.737451759999999901e+00
5.910000000000000142e+01 6.978012539999999717e+02 2.713986620000000016e+02 3.466745010000000349e+01 5.740583410000000164e+00
5.920000000000000284e+01 6.983754689999999528e+02 2.714166169999999738e+02 3.462860969999999838e+01 5.743707269999999809e+00
5.929999999999999716e+01 6.989499960000000556e+02 2.714345260000000053e+02 3.458982490000000354e+01 5.746823359999999603e+00
5.939999999999999858e+01 6.995248340000000553e+02 2.714523899999999799e+02 3.455109589999999997e+01 5.749931700000000312e+00
5.950000000000000000e+01 7.000999819999999545e+02 2.714702070000000163e+02 3.451242239999999839e+01 5.753032310000000038e+00
5.960000000000000142e+01 7.006754399999999805e+02 2.714879779999999982e+02 3.447380439999999879e+01 5.756125220000000375e+00
5.970000000000000284e+01 7.012512070000000222e+02 2.715057039999999802e+02 3.443524180000000001e+01 5.759210430000000436e+00
5.979999999999999716e+01 7.018272819999999683e+02 2.715233840000000214e+02 3.439673439999999971e+01 5.762287989999999915e+00
5.989999999999999858e+01 7.024036650000000463e+02 2.715410200000000032e+02 3.435828229999999905e+01 5.765357899999999702e+00
6.000000000000000000e+01 7.029803540000000339e+02 2.715586099999999874e+02 3.431988530000000281e+01 5.768420179999999675e+00
6.010000000000000142e+01 7.035573490000000447e+02 2.715761550000000284e+02 3.428154330000000272e+01 5.771474869999999591e+00
6.020000000000000284e+01 7.041346489999999676e+02 2.715936560000000100e+02 3.424325629999999876e+01 5.774521970000000337e+00
6.029999999999999716e+01 7.047122530000000324e+02 2.716111119999999914e+02 3.420502400000000165e+01 5.777561509999999956e+00
6.039999999999999858e+01 7.052901610000000119e+02 2.716285229999999729e+02 3.416684659999999951e+01 5.780593510000000101e+00
6.050000000000000000e+01 7.058683720000000221e+02 2.716458900000000085e+02 3.412872370000000188e+01 5.783617999999999704e+00
6.060000000000000142e+01 7.064468849999999520e+02 2.716632139999999822e+02 3.409065540000000283e+01 5.786634979999999651e+00
6.070000000000000284e+01 7.070256990000000314e+02 2.716804930000000127e+02 3.405264160000000118e+01 5.789644489999999699e+00
6.079999999999999716e+01 7.076048140000000330e+02 2.716977289999999812e+02 3.401468220000000287e+01 5.792646539999999789e+00
6.089999999999999858e+01 7.081842279999999619e+02 2.717149210000000039e+02 3.397677699999999845e+01 5.795641149999999797e+00
6.100000000000000000e+01 7.087639420000000428e+02 2.717320700000000215e+02 3.393892610000000332e+01 5.798628350000000431e+00
6.110000000000000142e+01 7.093439540000000534e+02 2.717491749999999797e+02 3.390112919999999974e+01 5.801608149999999853e+00
6.120000000000000284e+01 7.099242629999999963e+02 2.717662379999999871e+02 3.386338630000000194e+01 5.804580569999999717e+00
6.129999999999999716e+01 7.105048699999999826e+02 2.717832569999999919e+02 3.382569740000000280e+01 5.807545639999999842e+00
6.139999999999999858e+01 7.110857730000000174e+02 2.718002339999999890e+02 3.378806219999999882e+01 5.810503370000000167e+00
6.150000000000000000e+01 7.116669709999999895e+02 2.718171679999999810e+02 3.375048079999999828e+01 5.813453789999999621e+00
6.160000000000000142e+01 7.122484630000000152e+02 2.718340590000000248e+02 3.371295310000000001e+01 5.816396909999999920e+00
6.170000000000000284e+01 7.128302499999999782e+02 2.718509090000000015e+02 3.367547880000000049e+01 5.819332759999999993e+00
6.179999999999999716e+01 7.134123299999999972e+02 2.718677159999999731e+02 3.363805810000000207e+01 5.822261349999999780e+00
6.189999999999999858e+01 7.139947019999999611e+02 2.718844809999999939e+02 3.360069060000000007e+01 5.825182709999999986e+00
6.200000000000000000e+01 7.145773659999999836e+02 2.719012050000000045e+02 3.356337649999999684e+01 5.828096849999999662e+00
6.210000000000000142e+01 7.151603219999999510e+02 2.719178860000000100e+02 3.352611550000000307e+01 5.831003800000000403e+00
6.220000000000000284e+01 7.157435669999999845e+02 2.719345270000000028e+02 3.348890769999999861e+01 5.833903570000000371e+00
6.229999999999999716e+01 7.163271019999999680e+02 2.719511259999999879e+02 3.345175280000000129e+01 5.836796180000000334e+00
6.239999999999999858e+01 7.169109260000000177e+02 2.719676830000000223e+02 3.341465079999999688e+01 5.839681660000000107e+00
6.250000000000000000e+01 7.174950390000000198e+02 2.719841999999999871e+02 3.337760169999999960e+01 5.842560019999999632e+00
6.260000000000000142e+01 7.180794379999999819e+02 2.720006759999999986e+02 3.334060519999999883e+01 5.845431289999999613e+00
6.270000000000000284e+01 7.186641250000000127e+02 2.720171100000000024e+02 3.330366140000000286e+01 5.848295479999999991e+00
6.279999999999999716e+01 7.192490980000000036e+02 2.720335049999999910e+02 3.326677020000000340e+01 5.851152609999999754e+00
6.289999999999999858e+01 7.198343549999999595e+02 2.720498590000000263e+02 3.322993129999999695e+01 5.854002699999999670e+00
6.300000000000000000e+01 7.204198979999999892e+02 2.720661719999999946e+02 3.319314490000000006e+01 5.856845769999999618e+00
6.310000000000000142e+01 7.210057249999999840e+02 2.720824460000000045e+02 3.315641070000000212e+01 5.859681850000000303e+00
6.320000000000000284e+01 7.215918339999999489e+02 2.720986790000000042e+02 3.311972870000000313e+01 5.862510939999999948e+00
6.329999999999999716e+01 7.221782269999999926e+02 2.721148719999999912e+02 3.308309870000000075e+01 5.865333070000000149e+00
6.339999999999999858e+01 7.227649010000000089e+02 2.721310260000000198e+02 3.304652080000000325e+01 5.868148259999999894e+00
6.350000000000000000e+01 7.233518559999999979e+02 2.721471399999999790e+02 3.300999480000000119e+01 5.870956529999999951e+00
6.360000000000000142e+01 7.239390919999999596e+02 2.721632149999999797e+02 3.297352060000000051e+01 5.873757890000000259e+00
6.370000000000000284e+01 7.245266080000000102e+02 2.721792500000000246e+02 3.293709810000000004e+01 5.876552369999999748e+00
6.379999999999999716e+01 7.251144030000000384e+02 2.721952469999999948e+02 3.290072719999999862e+01 5.879339980000000132e+00
6.389999999999999858e+01 7.257024760000000470e+02 2.722112040000000093e+02 3.286440790000000334e+01 5.882120740000000403e+00
6.400000000000000000e+01 7.262908270000000357e+02 2.722271220000000085e+02 3.282813999999999766e+01 5.884894680000000378e+00
6.409999999999999432e+01 7.268794550000000072e+02 2.722430019999999899e+02 3.279192350000000289e+01 5.887661809999999996e+00
6.420000000000000284e+01 7.274683589999999640e+02 2.722588430000000130e+02 3.275575829999999655e+01 5.890422150000000023e+00
6.429999999999999716e+01 7.280575390000000198e+02 2.722746450000000209e+02 3.271964419999999762e+01 5.893175710000000400e+00
6.440000000000000568e+01 7.286469939999999497e+02 2.722904090000000110e+02 3.268358130000000017e+01 5.895922529999999995e+00
6.450000000000000000e+01 7.292367239999999811e+02 2.723061349999999834e+02 3.264756930000000068e+01 5.898662599999999756e+00
6.459999999999999432e+01 7.298267270000000053e+02 2.723218229999999949e+02 3.261160830000000033e+01 5.901395970000000268e+00
6.470000000000000284e+01 7.304170030000000224e+02 2.723374729999999886e+02 3.257569809999999677e+01 5.904122629999999816e+00
6.479999999999999716e+01 7.310075520000000324e+02 2.723530860000000189e+02 3.253983860000000305e+01 5.906842619999999933e+00
6.490000000000000568e+01 7.315983720000000403e+02 2.723686599999999771e+02 3.250402979999999786e+01 5.909555939999999730e+00
6.500000000000000000e+01 7.321894630000000461e+02 2.723841969999999719e+02 3.246827150000000017e+01 5.912262629999999852e+00
6.509999999999999432e+01 7.327808240000000524e+02 2.723996970000000033e+02 3.243256370000000288e+01 5.914962690000000300e+00
6.520000000000000284e+01 7.333724549999999454e+02 2.724151590000000169e+02 3.239690619999999655e+01 5.917656140000000065e+00
6.529999999999999716e+01 7.339643549999999550e+02 2.724305850000000078e+02 3.236129909999999654e+01 5.920343009999999850e+00
6.540000000000000568e+01 7.345565239999999676e+02 2.724459729999999809e+02 3.232574209999999937e+01 5.923023309999999597e+00
6.550000000000000000e+01 7.351489599999999882e+02 2.724613249999999880e+02 3.229023529999999909e+01 5.925697060000000072e+00
6.559999999999999432e+01 7.357416630000000168e+02 2.724766399999999749e+02 3.225477850000000046e+01 5.928364270000000325e+00
6.570000000000000284e+01 7.363346330000000535e+02 2.724919179999999983e+02 3.221937160000000233e+01 5.931024980000000113e+00
6.579999999999999716e+01 7.369278679999999895e+02 2.725071599999999989e+02 3.218401459999999759e+01 5.933679180000000386e+00
6.590000000000000568e+01 7.375213690000000497e+02 2.725223649999999793e+02 3.214870729999999810e+01 5.936326900000000073e+00
6.600000000000000000e+01 7.381151340000000118e+02 2.725375339999999937e+02 3.211344960000000270e+01 5.938968169999999880e+00
6.609999999999999432e+01 7.387091619999999921e+02 2.725526669999999854e+02 3.207824159999999836e+01 5.941602989999999807e+00
6.620000000000000284e+01 7.393034539999999879e+02 2.725677650000000085e+02 3.204308300000000287e+01 5.944231389999999671e+00
6.629999999999999716e+01 7.398980090000000018e+02 2.725828260000000114e+02 3.200797390000000320e+01 5.946853370000000361e+00
6.640000000000000568e+01 7.404928250000000389e+02 2.725978519999999889e+02 3.197291399999999939e+01 5.949468969999999857e+00
6.650000000000000000e+01 7.410879019999999855e+02 2.726128420000000006e+02 3.193790339999999972e+01 5.952078199999999875e+00
6.659999999999999432e+01 7.416832409999999527e+02 2.726277959999999894e+02 3.190294199999999947e+01 5.954681070000000354e+00
6.670000000000000284e+01 7.422788389999999481e+02 2.726427160000000072e+02 3.186802949999999868e+01 5.957277610000000223e+00
6.679999999999999716e+01 7.428746959999999717e+02 2.726576000000000022e+02 3.183316609999999969e+01 5.959867820000000371e+00
6.690000000000000568e+01 7.434708120000000235e+02 2.726724489999999719e+02 3.179835149999999899e+01 5.962451729999999728e+00
6.700000000000000000e+01 7.440671859999999924e+02 2.726872629999999731e+02 3.176358570000000014e+01 5.965029359999999947e+00
6.709999999999999432e+01 7.446638179999999920e+02 2.727020420000000058e+02 3.172886859999999842e+01 5.967600720000000081e+00
6.720000000000000284e+01 7.452607070000000249e+02 2.727167870000000107e+02 3.169420009999999976e+01 5.970165839999999946e+00
6.729999999999999716e+01 7.458578509999999824e+02 2.727314969999999903e+02 3.165958009999999945e+01 5.972724709999999604e+00
6.740000000000000568e+01 7.464552519999999731e+02 2.727461720000000014e+02 3.162500860000000102e+01 5.975277379999999638e+00
6.750000000000000000e+01 7.470529070000000047e+02 2.727608129999999846e+02 3.159048539999999861e+01 5.977823840000000111e+00
6.759999999999999432e+01 7.476508159999999634e+02 2.727754199999999969e+02 3.155601049999999930e+01 5.980364119999999950e+00
6.770000000000000284e+01 7.482489799999999605e+02 2.727899929999999813e+02 3.152158379999999838e+01 5.982898239999999923e+00
6.779999999999999716e+01 7.488473960000000034e+02 2.728045319999999947e+02 3.148720510000000061e+01 5.985426209999999969e+00
6.790000000000000568e+01 7.494460649999999760e+02 2.728190369999999803e+02 3.145287450000000007e+01 5.987948059999999906e+00
6.800000000000000000e+01 7.500449859999999944e+02 2.728335079999999948e+02 3.141859170000000034e+01 5.990463779999999794e+00
6.809999999999999432e+01 7.506441579999999476e+02 2.728479449999999815e+02 3.138435690000000022e+01 5.992973410000000278e+00
6.820000000000000284e+01 7.512435799999999517e+02 2.728623489999999947e+02 3.135016969999999858e+01 5.995476970000000350e+00
6.829999999999999716e+01 7.518432530000000042e+02 2.728767199999999775e+02 3.131603020000000015e+01 5.997974460000000008e+00
6.840000000000000568e+01 7.524431749999999965e+02 2.728910569999999893e+02 3.128193830000000020e+01 6.000465900000000019e+00
6.850000000000000000e+01 7.530433460000000423e+02 2.729053610000000276e+02 3.124789390000000111e+01 6.002951310000000262e+00
6.859999999999999432e+01 7.536437650000000303e+02 2.729196319999999787e+02 3.121389680000000055e+01 6.005430719999999667e+00
6.870000000000000284e+01 7.542444319999999607e+02 2.729338700000000131e+02 3.117994709999999969e+01 6.007904120000000070e+00
6.879999999999999716e+01 7.548453459999999495e+02 2.729480750000000171e+02 3.114604459999999975e+01 6.010371550000000340e+00
6.890000000000000568e+01 7.554465069999999969e+02 2.729622479999999882e+02 3.111218930000000071e+01 6.012833009999999589e+00
6.900000000000000000e+01 7.560479129999999941e+02 2.729763879999999858e+02 3.107838100000000026e+01 6.015288520000000361e+00
6.909999999999999432e+01 7.566495640000000549e+02 2.729904950000000099e+02 3.104461969999999837e+01 6.017738109999999807e+00
6.920000000000000284e+01 7.572514599999999518e+02 2.730045700000000011e+02 3.101090530000000101e+01 6.020181779999999705e+00
6.929999999999999716e+01 7.578536010000000260e+02 2.730186120000000187e+02 3.097723769999999988e+01 6.022619559999999872e+00
6.940000000000000568e+01 7.584559839999999440e+02 2.730326230000000010e+02 3.094361680000000092e+01 6.025051450000000308e+00
6.950000000000000000e+01 7.590586110000000417e+02 2.730466010000000097e+02 3.091004249999999942e+01 6.027477479999999943e+00
6.959999999999999432e+01 7.596614799999999832e+02 2.730605479999999829e+02 3.087651479999999893e+01 6.029897659999999604e+00
6.970000000000000284e+01 7.602645899999999983e+02 2.730744619999999827e+02 3.084303350000000066e+01 6.032312010000000058e+00
6.979999999999999716e+01 7.608679419999999709e+02 2.730883450000000039e+02 3.080959869999999867e+01 6.034720540000000355e+00
6.990000000000000568e+01 7.614715350000000171e+02 2.731021959999999922e+02 3.077621010000000012e+01 6.037123270000000375e+00
7.000000000000000000e+01 7.620753670000000284e+02 2.731160160000000019e+02 3.074286770000000146e+01 6.039520210000000056e+00
7.009999999999999432e+01 7.626794390000000021e+02 2.731298039999999787e+02 3.070957149999999913e+01 6.041911390000000104e+00
7.020000000000000284e+01 7.632837489999999434e+02 2.731435609999999770e+02 3.067632130000000146e+01 6.044296819999999570e+00
7.029999999999999716e+01 7.638882979999999634e+02 2.731572859999999991e+02 3.064311700000000016e+01 6.046676500000000232e+00
7.040000000000000568e+01 7.644930839999999534e+02 2.731709809999999834e+02 3.060995869999999996e+01 6.049050470000000068e+00
7.050000000000000000e+01 7.650981080000000247e+02 2.731846439999999916e+02 3.057684610000000092e+01 6.051418729999999968e+00
7.059999999999999432e+01 7.657033679999999549e+02 2.731982770000000187e+02 3.054377919999999946e+01 6.053781309999999749e+00
7.070000000000000284e+01 7.663088639999999714e+02 2.732118790000000104e+02 3.051075799999999916e+01 6.056138210000000299e+00
7.079999999999999716e+01 7.669145959999999604e+02 2.732254500000000235e+02 3.047778230000000121e+01 6.058489449999999721e+00
7.090000000000000568e+01 7.675205620000000408e+02 2.732389900000000011e+02 3.044485200000000091e+01 6.060835049999999669e+00
7.100000000000000000e+01 7.681267629999999826e+02 2.732524999999999977e+02 3.041196719999999942e+01 6.063175020000000082e+00
7.109999999999999432e+01 7.687331970000000183e+02 2.732659800000000132e+02 3.037912760000000034e+01 6.065509379999999950e+00
7.120000000000000284e+01 7.693398650000000316e+02 2.732794289999999933e+02 3.034633320000000012e+01 6.067838140000000102e+00
7.129999999999999716e+01 7.699467650000000276e+02 2.732928489999999897e+02 3.031358399999999875e+01 6.070161330000000355e+00
7.140000000000000568e+01 7.705538970000000063e+02 2.733062380000000076e+02 3.028087980000000101e+01 6.072478949999999820e+00
7.150000000000000000e+01 7.711612609999999677e+02 2.733195969999999875e+02 3.024822049999999862e+01 6.074791020000000152e+00
7.159999999999999432e+01 7.717688550000000305e+02 2.733329259999999863e+02 3.021560609999999869e+01 6.077097550000000403e+00
7.170000000000000284e+01 7.723766799999999648e+02 2.733462250000000040e+02 3.018303660000000121e+01 6.079398570000000390e+00
7.179999999999999716e+01 7.729847350000000006e+02 2.733594949999999812e+02 3.015051169999999914e+01 6.081694080000000113e+00
7.190000000000000568e+01 7.735930190000000266e+02 2.733727349999999774e+02 3.011803150000000073e+01 6.083984100000000339e+00
7.200000000000000000e+01 7.742015320000000429e+02 2.733859459999999899e+02 3.008559580000000011e+01 6.086268650000000058e+00
7.209999999999999432e+01 7.748102730000000520e+02 2.733991270000000213e+02 3.005320460000000082e+01 6.088547740000000097e+00
7.220000000000000284e+01 7.754192410000000564e+02 2.734122790000000123e+02 3.002085780000000170e+01 6.090821390000000335e+00
7.229999999999999716e+01 7.760284370000000536e+02 2.734254020000000196e+02 2.998855520000000041e+01 6.093089609999999823e+00
7.240000000000000568e+01 7.766378590000000486e+02 2.734384949999999890e+02 2.995629690000000167e+01 6.095352420000000215e+00
7.250000000000000000e+01 7.772475070000000414e+02 2.734515599999999722e+02 2.992408280000000076e+01 6.097609819999999736e+00
7.259999999999999432e+01 7.778573810000000321e+02 2.734645949999999743e+02 2.989191269999999889e+01 6.099861839999999980e+00
7.270000000000000284e+01 7.784674800000000232e+02 2.734776019999999903e+02 2.985978659999999962e+01 6.102108499999999935e+00
7.279999999999999716e+01 7.790778030000000172e+02 2.734905810000000201e+02 2.982770430000000061e+01 6.104349799999999604e+00
7.290000000000000568e+01 7.796883500000000140e+02 2.735035300000000120e+02 2.979566589999999948e+01 6.106585759999999752e+00
7.300000000000000000e+01 7.802991200000000163e+02 2.735164510000000178e+02 2.976367129999999861e+01 6.108816390000000318e+00
7.309999999999999432e+01 7.809101130000000239e+02 2.735293429999999830e+02 2.973172020000000160e+01 6.111041720000000232e+00
7.320000000000000284e+01 7.815213280000000395e+02 2.735422080000000165e+02 2.969981280000000012e+01 6.113261750000000383e+00
7.329999999999999716e+01 7.821327649999999494e+02 2.735550440000000094e+02 2.966794889999999896e+01 6.115476499999999760e+00
7.340000000000000568e+01 7.827444239999999809e+02 2.735678510000000188e+02 2.963612829999999931e+01 6.117685980000000079e+00
7.350000000000000000e+01 7.833563030000000253e+02 2.735806309999999826e+02 2.960435109999999881e+01 6.119890210000000330e+00
7.359999999999999432e+01 7.839684019999999691e+02 2.735933830000000171e+02 2.957261719999999983e+01 6.122089199999999565e+00
7.370000000000000284e+01 7.845807200000000421e+02 2.736061060000000111e+02 2.954092640000000003e+01 6.124282970000000326e+00
7.379999999999999716e+01 7.851932580000000144e+02 2.736188020000000165e+02 2.950927880000000059e+01 6.126471529999999888e+00
7.390000000000000568e+01 7.858060150000000021e+02 2.736314709999999764e+02 2.947767410000000154e+01 6.128654899999999905e+00
7.400000000000000000e+01 7.864189890000000105e+02 2.736441110000000094e+02 2.944611240000000052e+01 6.130833090000000318e+00
