7.000000000000000000e+00 5.408044630000000552e+02 2.852472700000000145e+02 4.965213649999999745e+01 -3.300803319999999985e+00
7.099999999999999645e+00 5.404747889999999870e+02 2.851589079999999967e+02 4.969787380000000354e+01 -3.292658390000000157e+00
7.200000000000000178e+00 5.401459310000000187e+02 2.850702719999999886e+02 4.974359390000000047e+01 -3.284498530000000027e+00
7.299999999999999822e+00 5.398178890000000365e+02 2.849813609999999926e+02 4.978929620000000256e+01 -3.276323720000000161e+00
7.400000000000000355e+00 5.394906660000000329e+02 2.848921740000000113e+02 4.983498019999999684e+01 -3.268133979999999994e+00
7.500000000000000000e+00 5.391642630000000054e+02 2.848027099999999905e+02 4.988064529999999763e+01 -3.259929300000000030e+00
7.599999999999999645e+00 5.388386799999999539e+02 2.847129679999999894e+02 4.992629110000000026e+01 -3.251709669999999885e+00
7.700000000000000178e+00 5.385139209999999821e+02 2.846229470000000106e+02 4.997191699999999770e+01 -3.243475119999999823e+00
7.799999999999999822e+00 5.381899849999999788e+02 2.845326469999999972e+02 5.001752239999999716e+01 -3.235225629999999963e+00
7.900000000000000355e+00 5.378668750000000500e+02 2.844420670000000086e+02 5.006310679999999991e+01 -3.226961209999999802e+00
8.000000000000000000e+00 5.375445929999999635e+02 2.843512049999999931e+02 5.010866970000000009e+01 -3.218681859999999784e+00
8.099999999999999645e+00 5.372231389999999465e+02 2.842600610000000074e+02 5.015421039999999664e+01 -3.210387579999999907e+00
8.199999999999999289e+00 5.369025149999999940e+02 2.841686339999999973e+02 5.019972849999999909e+01 -3.202078380000000113e+00
8.300000000000000711e+00 5.365827229999999872e+02 2.840769240000000195e+02 5.024522340000000042e+01 -3.193754259999999956e+00
8.400000000000000355e+00 5.362637650000000349e+02 2.839849280000000249e+02 5.029069450000000074e+01 -3.185415219999999881e+00
8.500000000000000000e+00 5.359456400000000258e+02 2.838926470000000108e+02 5.033614130000000131e+01 -3.177061269999999826e+00
8.599999999999999645e+00 5.356283519999999498e+02 2.838000799999999799e+02 5.038156320000000221e+01 -3.168692399999999854e+00
8.699999999999999289e+00 5.353119020000000319e+02 2.837072259999999915e+02 5.042695960000000355e+01 -3.160308629999999841e+00
8.800000000000000711e+00 5.349962910000000420e+02 2.836140839999999912e+02 5.047232989999999830e+01 -3.151909959999999788e+00
8.900000000000000355e+00 5.346815199999999777e+02 2.835206519999999841e+02 5.051767360000000195e+01 -3.143496400000000079e+00
9.000000000000000000e+00 5.343675909999999476e+02 2.834269310000000246e+02 5.056299020000000155e+01 -3.135067939999999886e+00
9.099999999999999645e+00 5.340545059999999467e+02 2.833329190000000040e+02 5.060827890000000195e+01 -3.126624590000000037e+00
9.199999999999999289e+00 5.337422659999999723e+02 2.832386159999999791e+02 5.065353919999999732e+01 -3.118166360000000026e+00
9.300000000000000711e+00 5.334308730000000196e+02 2.831440210000000093e+02 5.069877060000000313e+01 -3.109693249999999853e+00
9.400000000000000355e+00 5.331203279999999722e+02 2.830491319999999860e+02 5.074397239999999698e+01 -3.101205279999999842e+00
9.500000000000000000e+00 5.328106320000000551e+02 2.829539500000000203e+02 5.078914400000000029e+01 -3.092702430000000113e+00
9.599999999999999645e+00 5.325017870000000357e+02 2.828584720000000061e+02 5.083428479999999894e+01 -3.084184730000000041e+00
9.699999999999999289e+00 5.321937950000000228e+02 2.827626989999999978e+02 5.087939430000000129e+01 -3.075652180000000069e+00
9.800000000000000711e+00 5.318866570000000138e+02 2.826666290000000004e+02 5.092447179999999918e+01 -3.067104780000000197e+00
9.900000000000000355e+00 5.315803740000000062e+02 2.825702620000000138e+02 5.096951680000000096e+01 -3.058542549999999860e+00
1.000000000000000000e+01 5.312749479999999949e+02 2.824735969999999838e+02 5.101452849999999728e+01 -3.049965480000000007e+00
1.009999999999999964e+01 5.309703809999999748e+02 2.823766330000000266e+02 5.105950639999999652e+01 -3.041373590000000071e+00
1.019999999999999929e+01 5.306666739999999436e+02 2.822793689999999742e+02 5.110444979999999759e+01 -3.032766889999999993e+00
1.030000000000000071e+01 5.303638280000000123e+02 2.821818039999999996e+02 5.114935820000000177e+01 -3.024145380000000216e+00
1.040000000000000036e+01 5.300618449999999484e+02 2.820839369999999917e+02 5.119423090000000087e+01 -3.015509069999999792e+00
1.050000000000000000e+01 5.297607259999999769e+02 2.819857690000000048e+02 5.123906720000000092e+01 -3.006857960000000052e+00
1.059999999999999964e+01 5.294604729999999790e+02 2.818872969999999896e+02 5.128386660000000319e+01 -2.998192079999999926e+00
1.069999999999999929e+01 5.291610869999999522e+02 2.817885210000000029e+02 5.132862839999999949e+01 -2.989511429999999859e+00
1.080000000000000071e+01 5.288625710000000026e+02 2.816894399999999905e+02 5.137335199999999702e+01 -2.980816009999999849e+00
1.090000000000000036e+01 5.285649240000000191e+02 2.815900540000000092e+02 5.141803660000000065e+01 -2.972105840000000221e+00
1.100000000000000000e+01 5.282681489999999940e+02 2.814903610000000072e+02 5.146268169999999742e+01 -2.963380920000000085e+00
1.109999999999999964e+01 5.279722480000000360e+02 2.813903609999999844e+02 5.150728660000000048e+01 -2.954641270000000208e+00
1.119999999999999929e+01 5.276772210000000314e+02 2.812900520000000029e+02 5.155185070000000280e+01 -2.945886900000000086e+00
1.130000000000000071e+01 5.273830709999999726e+02 2.811894350000000031e+02 5.159637330000000333e+01 -2.937117820000000101e+00
1.140000000000000036e+01 5.270897979999999734e+02 2.810885079999999903e+02 5.164085370000000097e+01 -2.928334040000000194e+00
1.150000000000000000e+01 5.267974040000000286e+02 2.809872710000000211e+02 5.168529120000000177e+01 -2.919535569999999858e+00
1.159999999999999964e+01 5.265058910000000196e+02 2.808857219999999870e+02 5.172968529999999987e+01 -2.910722419999999921e+00
1.169999999999999929e+01 5.262152589999999464e+02 2.807838610000000017e+02 5.177403520000000015e+01 -2.901894609999999819e+00
1.180000000000000071e+01 5.259255120000000261e+02 2.806816870000000108e+02 5.181834020000000152e+01 -2.893052139999999994e+00
1.190000000000000036e+01 5.256366490000000340e+02 2.805792000000000144e+02 5.186259969999999697e+01 -2.884195029999999882e+00
1.200000000000000000e+01 5.253486729999999625e+02 2.804763980000000174e+02 5.190681299999999965e+01 -2.875323289999999865e+00
1.209999999999999964e+01 5.250615840000000389e+02 2.803732800000000225e+02 5.195097930000000019e+01 -2.866436939999999822e+00
1.219999999999999929e+01 5.247753850000000284e+02 2.802698470000000270e+02 5.199509809999999987e+01 -2.857535990000000137e+00
1.230000000000000071e+01 5.244900770000000421e+02 2.801660969999999793e+02 5.203916860000000355e+01 -2.848620439999999920e+00
1.240000000000000036e+01 5.242056609999999637e+02 2.800620289999999954e+02 5.208319019999999711e+01 -2.839690319999999879e+00
1.250000000000000000e+01 5.239221390000000156e+02 2.799576420000000212e+02 5.212716199999999844e+01 -2.830745649999999891e+00
1.259999999999999964e+01 5.236395119999999679e+02 2.798529369999999972e+02 5.217108350000000172e+01 -2.821786420000000017e+00
1.269999999999999929e+01 5.233577820000000429e+02 2.797479109999999878e+02 5.221495380000000353e+01 -2.812812670000000015e+00
1.280000000000000071e+01 5.230769490000000133e+02 2.796425649999999905e+02 5.225877239999999802e+01 -2.803824389999999944e+00
1.290000000000000036e+01 5.227970169999999825e+02 2.795368970000000104e+02 5.230253849999999716e+01 -2.794821620000000006e+00
1.300000000000000000e+01 5.225179849999999533e+02 2.794309069999999906e+02 5.234625129999999871e+01 -2.785804360000000202e+00
1.309999999999999964e+01 5.222398560000000316e+02 2.793245949999999880e+02 5.238991020000000276e+01 -2.776772639999999903e+00
1.319999999999999929e+01 5.219626309999999876e+02 2.792179580000000101e+02 5.243351439999999997e+01 -2.767726459999999999e+00
1.330000000000000071e+01 5.216863110000000461e+02 2.791109969999999976e+02 5.247706320000000346e+01 -2.758665839999999925e+00
1.340000000000000036e+01 5.214108969999999772e+02 2.790037110000000098e+02 5.252055589999999796e+01 -2.749590800000000002e+00
1.350000000000000000e+01 5.211363920000000007e+02 2.788960979999999950e+02 5.256399170000000254e+01 -2.740501360000000108e+00
1.359999999999999964e+01 5.208627970000000005e+02 2.787881590000000074e+02 5.260736990000000191e+01 -2.731397530000000184e+00
1.369999999999999929e+01 5.205901129999999739e+02 2.786798929999999928e+02 5.265068970000000093e+01 -2.722279340000000047e+00
1.380000000000000071e+01 5.203183410000000322e+02 2.785712990000000104e+02 5.269395049999999969e+01 -2.713146790000000141e+00
1.390000000000000036e+01 5.200474840000000540e+02 2.784623760000000061e+02 5.273715140000000190e+01 -2.703999919999999779e+00
1.400000000000000000e+01 5.197775410000000420e+02 2.783531229999999823e+02 5.278029180000000053e+01 -2.694838729999999849e+00
1.409999999999999964e+01 5.195085159999999860e+02 2.782435399999999959e+02 5.282337079999999929e+01 -2.685663250000000168e+00
1.419999999999999929e+01 5.192404089999999997e+02 2.781336259999999925e+02 5.286638769999999710e+01 -2.676473489999999789e+00
1.430000000000000071e+01 5.189732209999999668e+02 2.780233809999999721e+02 5.290934179999999998e+01 -2.667269469999999920e+00
1.440000000000000036e+01 5.187069549999999936e+02 2.779128029999999967e+02 5.295223229999999859e+01 -2.658051219999999937e+00
1.450000000000000000e+01 5.184416109999999662e+02 2.778018920000000094e+02 5.299505829999999662e+01 -2.648818750000000222e+00
1.459999999999999964e+01 5.181771909999999934e+02 2.776906480000000101e+02 5.303781920000000127e+01 -2.639572090000000149e+00
1.469999999999999929e+01 5.179136969999999565e+02 2.775790690000000041e+02 5.308051420000000320e+01 -2.630311260000000040e+00
1.480000000000000071e+01 5.176511289999999690e+02 2.774671549999999911e+02 5.312314250000000015e+01 -2.621036269999999835e+00
1.490000000000000036e+01 5.173894890000000260e+02 2.773549060000000281e+02 5.316570329999999700e+01 -2.611747139999999856e+00
1.500000000000000000e+01 5.171287790000000086e+02 2.772423200000000065e+02 5.320819579999999860e+01 -2.602443909999999860e+00
1.509999999999999964e+01 5.168690000000000282e+02 2.771293979999999806e+02 5.325061929999999677e+01 -2.593126579999999848e+00
1.519999999999999929e+01 5.166101539999999659e+02 2.770161380000000122e+02 5.329297290000000231e+01 -2.583795190000000019e+00
1.530000000000000071e+01 5.163522410000000491e+02 2.769025389999999902e+02 5.333525589999999994e+01 -2.574449759999999809e+00
1.540000000000000036e+01 5.160952640000000429e+02 2.767886020000000258e+02 5.337746750000000162e+01 -2.565090300000000045e+00
1.550000000000000000e+01 5.158392229999999472e+02 2.766743260000000078e+02 5.341960679999999684e+01 -2.555716850000000040e+00
1.559999999999999964e+01 5.155841209999999819e+02 2.765597089999999980e+02 5.346167309999999873e+01 -2.546329420000000177e+00
1.569999999999999929e+01 5.153299580000000333e+02 2.764447519999999940e+02 5.350366559999999794e+01 -2.536928039999999829e+00
1.580000000000000071e+01 5.150767349999999851e+02 2.763294530000000009e+02 5.354558339999999816e+01 -2.527512730000000207e+00
1.590000000000000036e+01 5.148244549999999435e+02 2.762138130000000160e+02 5.358742569999999716e+01 -2.518083519999999798e+00
1.600000000000000000e+01 5.145731180000000222e+02 2.760978299999999876e+02 5.362919180000000097e+01 -2.508640429999999810e+00
1.610000000000000142e+01 5.143227269999999862e+02 2.759815039999999726e+02 5.367088079999999906e+01 -2.499183490000000063e+00
1.619999999999999929e+01 5.140732819999999492e+02 2.758648350000000278e+02 5.371249190000000340e+01 -2.489712719999999990e+00
1.630000000000000071e+01 5.138247840000000224e+02 2.757478219999999851e+02 5.375402420000000347e+01 -2.480228149999999854e+00
1.639999999999999858e+01 5.135772359999999708e+02 2.756304640000000177e+02 5.379547699999999821e+01 -2.470729809999999915e+00
1.650000000000000000e+01 5.133306380000000217e+02 2.755127600000000143e+02 5.383684939999999841e+01 -2.461217710000000114e+00
1.660000000000000142e+01 5.130849930000000541e+02 2.753947109999999725e+02 5.387814060000000183e+01 -2.451691890000000207e+00
1.669999999999999929e+01 5.128402999999999565e+02 2.752763160000000084e+02 5.391934969999999794e+01 -2.442152380000000012e+00
1.680000000000000071e+01 5.125965619999999490e+02 2.751575740000000110e+02 5.396047599999999989e+01 -2.432599189999999911e+00
1.689999999999999858e+01 5.123537800000000288e+02 2.750384849999999801e+02 5.400151840000000192e+01 -2.423032370000000046e+00
1.700000000000000000e+01 5.121119559999999638e+02 2.749190479999999752e+02 5.404247629999999702e+01 -2.413451929999999912e+00
1.710000000000000142e+01 5.118710899999999810e+02 2.747992629999999963e+02 5.408334880000000311e+01 -2.403857900000000214e+00
1.719999999999999929e+01 5.116311840000000188e+02 2.746791289999999890e+02 5.412413500000000255e+01 -2.394250319999999821e+00
1.730000000000000071e+01 5.113922400000000152e+02 2.745586460000000102e+02 5.416483410000000021e+01 -2.384629219999999883e+00
1.739999999999999858e+01 5.111542580000000271e+02 2.744378140000000030e+02 5.420544519999999977e+01 -2.374994609999999895e+00
1.750000000000000000e+01 5.109172409999999900e+02 2.743166309999999726e+02 5.424596739999999784e+01 -2.365346530000000058e+00
1.760000000000000142e+01 5.106811890000000176e+02 2.741950979999999731e+02 5.428639989999999926e+01 -2.355685020000000129e+00
1.769999999999999929e+01 5.104461039999999912e+02 2.740732140000000072e+02 5.432674190000000181e+01 -2.346010090000000048e+00
1.780000000000000071e+01 5.102119870000000219e+02 2.739509780000000205e+02 5.436699240000000088e+01 -2.336321789999999954e+00
1.789999999999999858e+01 5.099788389999999936e+02 2.738283910000000105e+02 5.440715060000000136e+01 -2.326620140000000170e+00
1.800000000000000000e+01 5.097466630000000123e+02 2.737054509999999823e+02 5.444721559999999982e+01 -2.316905170000000069e+00
1.810000000000000142e+01 5.095154580000000237e+02 2.735821589999999901e+02 5.448718660000000114e+01 -2.307176919999999853e+00
1.819999999999999929e+01 5.092852270000000203e+02 2.734585139999999797e+02 5.452706270000000188e+01 -2.297435409999999845e+00
1.830000000000000071e+01 5.090559709999999995e+02 2.733345160000000078e+02 5.456684289999999748e+01 -2.287680679999999800e+00
1.839999999999999858e+01 5.088276910000000157e+02 2.732101640000000202e+02 5.460652650000000108e+01 -2.277912769999999920e+00
1.850000000000000000e+01 5.086003890000000069e+02 2.730854580000000169e+02 5.464611250000000098e+01 -2.268131690000000145e+00
1.860000000000000142e+01 5.083740649999999732e+02 2.729603979999999979e+02 5.468560000000000088e+01 -2.258337490000000169e+00
1.869999999999999929e+01 5.081487210000000232e+02 2.728349830000000225e+02 5.472498809999999736e+01 -2.248530210000000196e+00
1.880000000000000071e+01 5.079243589999999813e+02 2.727092129999999770e+02 5.476427600000000240e+01 -2.238709870000000102e+00
1.889999999999999858e+01 5.077009790000000180e+02 2.725830879999999752e+02 5.480346279999999837e+01 -2.228876500000000149e+00
1.900000000000000000e+01 5.074785840000000121e+02 2.724566070000000195e+02 5.484254760000000317e+01 -2.219030150000000035e+00
1.910000000000000142e+01 5.072571730000000230e+02 2.723297709999999938e+02 5.488152939999999802e+01 -2.209170840000000080e+00
1.919999999999999929e+01 5.070367489999999862e+02 2.722025790000000143e+02 5.492040730000000082e+01 -2.199298619999999982e+00
1.930000000000000071e+01 5.068173140000000103e+02 2.720750300000000266e+02 5.495918060000000338e+01 -2.189413510000000063e+00
1.939999999999999858e+01 5.065988669999999843e+02 2.719471250000000282e+02 5.499784819999999996e+01 -2.179515560000000018e+00
1.950000000000000000e+01 5.063814100000000167e+02 2.718188630000000217e+02 5.503640920000000136e+01 -2.169604800000000111e+00
1.960000000000000142e+01 5.061649459999999863e+02 2.716902440000000070e+02 5.507486279999999823e+01 -2.159681260000000158e+00
1.969999999999999929e+01 5.059494740000000093e+02 2.715612679999999841e+02 5.511320800000000020e+01 -2.149744979999999916e+00
1.980000000000000071e+01 5.057349970000000212e+02 2.714319340000000125e+02 5.515144389999999675e+01 -2.139796000000000031e+00
1.989999999999999858e+01 5.055215150000000222e+02 2.713022429999999758e+02 5.518956959999999867e+01 -2.129834359999999815e+00
2.000000000000000000e+01 5.053090300000000070e+02 2.711721949999999879e+02 5.522758410000000140e+01 -2.119860099999999914e+00
2.010000000000000142e+01 5.050975429999999733e+02 2.710417879999999968e+02 5.526548669999999674e+01 -2.109873240000000205e+00
2.019999999999999929e+01 5.048870549999999753e+02 2.709110239999999976e+02 5.530327619999999911e+01 -2.099873839999999880e+00
2.030000000000000071e+01 5.046775680000000079e+02 2.707799019999999928e+02 5.534095190000000031e+01 -2.089861920000000151e+00
2.039999999999999858e+01 5.044690830000000119e+02 2.706484209999999848e+02 5.537851280000000287e+01 -2.079837540000000207e+00
2.050000000000000000e+01 5.042616009999999847e+02 2.705165830000000255e+02 5.541595790000000221e+01 -2.069800719999999927e+00
2.060000000000000142e+01 5.040551229999999805e+02 2.703843860000000063e+02 5.545328630000000203e+01 -2.059751509999999897e+00
2.069999999999999929e+01 5.038496499999999969e+02 2.702518299999999840e+02 5.549049720000000008e+01 -2.049689939999999932e+00
2.080000000000000071e+01 5.036451850000000263e+02 2.701189170000000104e+02 5.552758949999999771e+01 -2.039616060000000175e+00
2.089999999999999858e+01 5.034417270000000144e+02 2.699856449999999768e+02 5.556456229999999863e+01 -2.029529909999999937e+00
2.100000000000000000e+01 5.032392790000000105e+02 2.698520139999999969e+02 5.560141469999999941e+01 -2.019431529999999864e+00
2.110000000000000142e+01 5.030378410000000144e+02 2.697180260000000089e+02 5.563814579999999665e+01 -2.009320960000000156e+00
2.119999999999999929e+01 5.028374150000000213e+02 2.695836780000000203e+02 5.567475449999999881e+01 -1.999198239999999904e+00
2.130000000000000071e+01 5.026380009999999743e+02 2.694489730000000236e+02 5.571124009999999771e+01 -1.989063409999999976e+00
2.139999999999999858e+01 5.024396019999999794e+02 2.693139090000000238e+02 5.574760150000000181e+01 -1.978916520000000068e+00
2.150000000000000000e+01 5.022422179999999798e+02 2.691784870000000183e+02 5.578383780000000058e+01 -1.968757609999999936e+00
2.160000000000000142e+01 5.020458499999999731e+02 2.690427070000000072e+02 5.581994799999999657e+01 -1.958586720000000003e+00
2.169999999999999929e+01 5.018505010000000084e+02 2.689065689999999904e+02 5.585593120000000056e+01 -1.948403890000000027e+00
2.180000000000000071e+01 5.016561699999999746e+02 2.687700740000000224e+02 5.589178650000000204e+01 -1.938209180000000087e+00
2.189999999999999858e+01 5.014628589999999804e+02 2.686332199999999943e+02 5.592751290000000353e+01 -1.928002610000000061e+00
2.200000000000000000e+01 5.012705690000000232e+02 2.684960090000000150e+02 5.596310950000000162e+01 -1.917784240000000029e+00
2.210000000000000142e+01 5.010793019999999842e+02 2.683584399999999732e+02 5.599857519999999766e+01 -1.907554109999999969e+00
2.219999999999999929e+01 5.008890579999999773e+02 2.682205139999999801e+02 5.603390919999999653e+01 -1.897312270000000023e+00
2.230000000000000071e+01 5.006998389999999972e+02 2.680822319999999763e+02 5.606911050000000074e+01 -1.887058759999999946e+00
2.239999999999999858e+01 5.005116469999999822e+02 2.679435920000000237e+02 5.610417819999999978e+01 -1.876793619999999940e+00
2.250000000000000000e+01 5.003244809999999916e+02 2.678045960000000036e+02 5.613911130000000327e+01 -1.866516910000000085e+00
2.260000000000000142e+01 5.001383430000000203e+02 2.676652439999999729e+02 5.617390879999999953e+01 -1.856228669999999914e+00
2.269999999999999929e+01 4.999532350000000065e+02 2.675255349999999908e+02 5.620856969999999819e+01 -1.845928940000000074e+00
2.280000000000000071e+01 4.997691570000000070e+02 2.673854709999999955e+02 5.624309329999999818e+01 -1.835617770000000037e+00
2.289999999999999858e+01 4.995861110000000167e+02 2.672450519999999869e+02 5.627747839999999968e+01 -1.825295209999999946e+00
2.300000000000000000e+01 4.994040979999999763e+02 2.671042770000000246e+02 5.631172409999999928e+01 -1.814961309999999939e+00
2.310000000000000142e+01 4.992231189999999970e+02 2.669631479999999897e+02 5.634582939999999951e+01 -1.804616109999999995e+00
2.319999999999999929e+01 4.990431750000000193e+02 2.668216639999999984e+02 5.637979349999999812e+01 -1.794259660000000034e+00
2.330000000000000071e+01 4.988642669999999839e+02 2.666798269999999889e+02 5.641361529999999647e+01 -1.783892009999999972e+00
2.339999999999999858e+01 4.986863969999999995e+02 2.665376360000000204e+02 5.644729389999999825e+01 -1.773513219999999890e+00
2.350000000000000000e+01 4.985095650000000091e+02 2.663950919999999769e+02 5.648082840000000004e+01 -1.763123320000000049e+00
2.360000000000000142e+01 4.983337720000000104e+02 2.662521949999999720e+02 5.651421770000000322e+01 -1.752722370000000085e+00
2.369999999999999929e+01 4.981590199999999982e+02 2.661089460000000031e+02 5.654746089999999725e+01 -1.742310419999999915e+00
2.380000000000000071e+01 4.979853100000000268e+02 2.659653460000000109e+02 5.658055699999999888e+01 -1.731887509999999963e+00
2.389999999999999858e+01 4.978126429999999800e+02 2.658213939999999980e+02 5.661350519999999875e+01 -1.721453700000000087e+00
2.400000000000000000e+01 4.976410189999999716e+02 2.656770920000000160e+02 5.664630439999999822e+01 -1.711009039999999981e+00
2.410000000000000142e+01 4.974704409999999939e+02 2.655324390000000108e+02 5.667895359999999982e+01 -1.700553580000000009e+00
2.419999999999999929e+01 4.973009079999999926e+02 2.653874379999999746e+02 5.671145200000000131e+01 -1.690087370000000089e+00
2.430000000000000071e+01 4.971324230000000171e+02 2.652420870000000264e+02 5.674379849999999692e+01 -1.679610470000000078e+00
2.439999999999999858e+01 4.969649860000000103e+02 2.650963879999999904e+02 5.677599229999999864e+01 -1.669122910000000015e+00
2.450000000000000000e+01 4.967985990000000243e+02 2.649503409999999803e+02 5.680803219999999953e+01 -1.658624770000000082e+00
2.460000000000000142e+01 4.966332610000000045e+02 2.648039469999999937e+02 5.683991749999999854e+01 -1.648116080000000094e+00
2.469999999999999929e+01 4.964689759999999978e+02 2.646572070000000281e+02 5.687164709999999701e+01 -1.637596899999999911e+00
2.480000000000000071e+01 4.963057420000000093e+02 2.645101210000000265e+02 5.690321999999999747e+01 -1.627067290000000055e+00
2.489999999999999858e+01 4.961435619999999744e+02 2.643626909999999839e+02 5.693463539999999767e+01 -1.616527300000000000e+00
2.500000000000000000e+01 4.959824370000000044e+02 2.642149160000000165e+02 5.696589219999999898e+01 -1.605976980000000109e+00
2.510000000000000142e+01 4.958223669999999856e+02 2.640667970000000082e+02 5.699698959999999914e+01 -1.595416390000000018e+00
2.519999999999999929e+01 4.956633529999999723e+02 2.639183360000000107e+02 5.702792649999999952e+01 -1.584845569999999926e+00
2.530000000000000071e+01 4.955053980000000138e+02 2.637695340000000215e+02 5.705870199999999670e+01 -1.574264600000000014e+00
2.539999999999999858e+01 4.953485000000000014e+02 2.636203899999999862e+02 5.708931520000000148e+01 -1.563673510000000100e+00
2.550000000000000000e+01 4.951926629999999818e+02 2.634709060000000136e+02 5.711976500000000101e+01 -1.553072369999999980e+00
2.560000000000000142e+01 4.950378860000000145e+02 2.633210829999999874e+02 5.715005070000000131e+01 -1.542461220000000077e+00
2.569999999999999929e+01 4.948841709999999807e+02 2.631709210000000212e+02 5.718017110000000258e+01 -1.531840139999999906e+00
2.580000000000000071e+01 4.947315179999999941e+02 2.630204219999999964e+02 5.721012540000000257e+01 -1.521209170000000110e+00
2.589999999999999858e+01 4.945799289999999928e+02 2.628695870000000241e+02 5.723991259999999670e+01 -1.510568370000000105e+00
2.600000000000000000e+01 4.944294039999999768e+02 2.627184159999999906e+02 5.726953180000000287e+01 -1.499917790000000029e+00
2.610000000000000142e+01 4.942799449999999979e+02 2.625669100000000071e+02 5.729898210000000347e+01 -1.489257499999999901e+00
2.619999999999999929e+01 4.941315529999999967e+02 2.624150710000000117e+02 5.732826239999999984e+01 -1.478587550000000084e+00
2.630000000000000071e+01 4.939842279999999732e+02 2.622628990000000044e+02 5.735737189999999686e+01 -1.467907999999999991e+00
2.639999999999999858e+01 4.938379709999999818e+02 2.621103959999999802e+02 5.738630959999999703e+01 -1.457218909999999923e+00
2.650000000000000000e+01 4.936927840000000174e+02 2.619575619999999958e+02 5.741507459999999696e+01 -1.446520330000000021e+00
2.660000000000000142e+01 4.935486670000000231e+02 2.618043999999999869e+02 5.744366600000000034e+01 -1.435812319999999920e+00
2.669999999999999929e+01 4.934056209999999965e+02 2.616509090000000128e+02 5.747208280000000258e+01 -1.425094950000000082e+00
2.680000000000000071e+01 4.932636479999999892e+02 2.614970910000000117e+02 5.750032410000000027e+01 -1.414368269999999983e+00
2.689999999999999858e+01 4.931227480000000014e+02 2.613429469999999810e+02 5.752838899999999711e+01 -1.403632329999999984e+00
2.700000000000000000e+01 4.929829219999999737e+02 2.611884779999999751e+02 5.755627650000000273e+01 -1.392887210000000042e+00
2.710000000000000142e+01 4.928441700000000196e+02 2.610336859999999888e+02 5.758398580000000067e+01 -1.382132960000000077e+00
2.719999999999999929e+01 4.927064950000000181e+02 2.608785720000000197e+02 5.761151590000000056e+01 -1.371369639999999945e+00
2.730000000000000071e+01 4.925698960000000284e+02 2.607231370000000084e+02 5.763886579999999782e+01 -1.360597320000000110e+00
2.739999999999999858e+01 4.924343759999999861e+02 2.605673830000000066e+02 5.766603479999999848e+01 -1.349816040000000106e+00
2.750000000000000000e+01 4.922999330000000100e+02 2.604113100000000145e+02 5.769302179999999680e+01 -1.339025879999999891e+00
