1.200000000000000000e+01 7.208854619999999613e+02 2.604088249999999789e+02 3.225457339999999817e+01 -4.517210310000000284e+00
1.209999999999999964e+01 7.204339790000000221e+02 2.604570610000000102e+02 3.228203340000000310e+01 -4.512427439999999734e+00
1.219999999999999929e+01 7.199829760000000078e+02 2.605053879999999822e+02 3.230950390000000283e+01 -4.507635520000000007e+00
1.230000000000000071e+01 7.195324520000000348e+02 2.605538040000000137e+02 3.233698499999999854e+01 -4.502834540000000274e+00
1.240000000000000036e+01 7.190824089999999842e+02 2.606023099999999886e+02 3.236447650000000209e+01 -4.498024469999999830e+00
1.250000000000000000e+01 7.186328469999999697e+02 2.606509070000000179e+02 3.239197829999999811e+01 -4.493205309999999564e+00
1.259999999999999964e+01 7.181837679999999864e+02 2.606995939999999905e+02 3.241949040000000082e+01 -4.488377050000000423e+00
1.269999999999999929e+01 7.177351720000000341e+02 2.607483720000000176e+02 3.244701270000000193e+01 -4.483539669999999866e+00
1.280000000000000071e+01 7.172870599999999968e+02 2.607972409999999854e+02 3.247454499999999911e+01 -4.478693159999999729e+00
1.290000000000000036e+01 7.168394329999999854e+02 2.608462000000000103e+02 3.250208740000000063e+01 -4.473837510000000073e+00
1.300000000000000000e+01 7.163922929999999951e+02 2.608952509999999734e+02 3.252963969999999705e+01 -4.468972690000000192e+00
1.309999999999999964e+01 7.159456390000000283e+02 2.609443929999999909e+02 3.255720180000000141e+01 -4.464098710000000025e+00
1.319999999999999929e+01 7.154994729999999663e+02 2.609936270000000036e+02 3.258477369999999951e+01 -4.459215549999999695e+00
1.330000000000000071e+01 7.150537960000000339e+02 2.610429520000000139e+02 3.261235520000000321e+01 -4.454323190000000210e+00
1.340000000000000036e+01 7.146086080000000038e+02 2.610923700000000167e+02 3.263994639999999947e+01 -4.449421619999999855e+00
1.350000000000000000e+01 7.141639109999999846e+02 2.611418790000000172e+02 3.266754699999999900e+01 -4.444510840000000407e+00
1.359999999999999964e+01 7.137197059999999738e+02 2.611914810000000102e+02 3.269515710000000297e+01 -4.439590820000000271e+00
1.369999999999999929e+01 7.132759929999999713e+02 2.612411759999999958e+02 3.272277640000000076e+01 -4.434661550000000396e+00
1.380000000000000071e+01 7.128327739999999721e+02 2.612909619999999791e+02 3.275040500000000065e+01 -4.429723019999999956e+00
1.390000000000000036e+01 7.123900489999999763e+02 2.613408420000000092e+02 3.277804280000000148e+01 -4.424775219999999898e+00
1.400000000000000000e+01 7.119478189999999813e+02 2.613908149999999750e+02 3.280568960000000089e+01 -4.419818140000000284e+00
1.409999999999999964e+01 7.115060849999999846e+02 2.614408809999999903e+02 3.283334529999999774e+01 -4.414851760000000347e+00
1.419999999999999929e+01 7.110648479999999836e+02 2.614910409999999956e+02 3.286101000000000028e+01 -4.409876070000000148e+00
1.430000000000000071e+01 7.106241099999999733e+02 2.615412939999999935e+02 3.288868339999999790e+01 -4.404891059999999747e+00
1.440000000000000036e+01 7.101838699999999562e+02 2.615916409999999814e+02 3.291636549999999772e+01 -4.399896720000000094e+00
1.450000000000000000e+01 7.097441300000000410e+02 2.616420820000000163e+02 3.294405619999999857e+01 -4.394893019999999595e+00
1.459999999999999964e+01 7.093048919999999953e+02 2.616926169999999843e+02 3.297175539999999927e+01 -4.389879969999999965e+00
1.469999999999999929e+01 7.088661540000000514e+02 2.617432459999999992e+02 3.299946299999999866e+01 -4.384857550000000437e+00
1.480000000000000071e+01 7.084279199999999719e+02 2.617939700000000016e+02 3.302717890000000267e+01 -4.379825740000000245e+00
1.490000000000000036e+01 7.079901889999999867e+02 2.618447889999999916e+02 3.305490300000000303e+01 -4.374784530000000338e+00
1.500000000000000000e+01 7.075529629999999770e+02 2.618957020000000284e+02 3.308263529999999975e+01 -4.369733919999999827e+00
1.509999999999999964e+01 7.071162420000000566e+02 2.619467109999999934e+02 3.311037559999999758e+01 -4.364673879999999784e+00
1.519999999999999929e+01 7.066800279999999930e+02 2.619978140000000053e+02 3.313812380000000246e+01 -4.359604410000000208e+00
1.530000000000000071e+01 7.062443220000000110e+02 2.620490139999999997e+02 3.316587990000000019e+01 -4.354525490000000332e+00
1.540000000000000036e+01 7.058091229999999996e+02 2.621003089999999816e+02 3.319364370000000264e+01 -4.349437120000000156e+00
1.550000000000000000e+01 7.053744339999999511e+02 2.621517000000000053e+02 3.322141510000000153e+01 -4.344339269999999864e+00
1.559999999999999964e+01 7.049402549999999792e+02 2.622031860000000165e+02 3.324919409999999687e+01 -4.339231940000000343e+00
1.569999999999999929e+01 7.045065879999999652e+02 2.622547690000000102e+02 3.327698050000000052e+01 -4.334115109999999937e+00
1.580000000000000071e+01 7.040734320000000253e+02 2.623064489999999864e+02 3.330477419999999711e+01 -4.328988780000000425e+00
1.590000000000000036e+01 7.036407900000000382e+02 2.623582250000000045e+02 3.333257520000000085e+01 -4.323852930000000150e+00
1.600000000000000000e+01 7.032086620000000039e+02 2.624100980000000050e+02 3.336038330000000229e+01 -4.318707540000000122e+00
1.610000000000000142e+01 7.027770490000000336e+02 2.624620669999999905e+02 3.338819850000000145e+01 -4.313552620000000282e+00
1.619999999999999929e+01 7.023459510000000137e+02 2.625141340000000127e+02 3.341602050000000190e+01 -4.308388129999999983e+00
1.630000000000000071e+01 7.019153710000000501e+02 2.625662990000000150e+02 3.344384939999999773e+01 -4.303214080000000052e+00
1.639999999999999858e+01 7.014853080000000318e+02 2.626185600000000022e+02 3.347168510000000197e+01 -4.298030449999999725e+00
1.650000000000000000e+01 7.010557649999999512e+02 2.626709200000000237e+02 3.349952729999999690e+01 -4.292837229999999948e+00
1.660000000000000142e+01 7.006267410000000382e+02 2.627233770000000277e+02 3.352737609999999790e+01 -4.287634409999999896e+00
1.669999999999999929e+01 7.001982379999999466e+02 2.627759330000000091e+02 3.355523120000000148e+01 -4.282421959999999750e+00
1.680000000000000071e+01 6.997702570000000151e+02 2.628285859999999730e+02 3.358309270000000168e+01 -4.277199900000000277e+00
1.689999999999999858e+01 6.993427980000000161e+02 2.628813390000000254e+02 3.361096040000000329e+01 -4.271968189999999943e+00
1.700000000000000000e+01 6.989158629999999448e+02 2.629341890000000035e+02 3.363883409999999685e+01 -4.266726829999999637e+00
1.710000000000000142e+01 6.984894530000000259e+02 2.629871390000000133e+02 3.366671379999999658e+01 -4.261475820000000247e+00
1.719999999999999929e+01 6.980635680000000320e+02 2.630401880000000006e+02 3.369459940000000131e+01 -4.256215120000000240e+00
1.730000000000000071e+01 6.976382099999999582e+02 2.630933360000000221e+02 3.372249080000000276e+01 -4.250944750000000383e+00
1.739999999999999858e+01 6.972133790000000317e+02 2.631465830000000210e+02 3.375038779999999861e+01 -4.245664670000000029e+00
1.750000000000000000e+01 6.967890770000000202e+02 2.631999299999999948e+02 3.377829030000000188e+01 -4.240374890000000008e+00
1.760000000000000142e+01 6.963653040000000374e+02 2.632533770000000004e+02 3.380619829999999837e+01 -4.235075379999999612e+00
1.769999999999999929e+01 6.959420619999999644e+02 2.633069239999999809e+02 3.383411159999999995e+01 -4.229766149999999669e+00
1.780000000000000071e+01 6.955193510000000288e+02 2.633605699999999956e+02 3.386203009999999836e+01 -4.224447170000000362e+00
1.789999999999999858e+01 6.950971720000000005e+02 2.634143179999999802e+02 3.388995359999999835e+01 -4.219118429999999975e+00
1.800000000000000000e+01 6.946755269999999882e+02 2.634681649999999991e+02 3.391788220000000109e+01 -4.213779940000000224e+00
1.810000000000000142e+01 6.942544159999999920e+02 2.635221139999999878e+02 3.394581560000000309e+01 -4.208431659999999574e+00
1.819999999999999929e+01 6.938338410000000067e+02 2.635761630000000082e+02 3.397375370000000316e+01 -4.203073589999999804e+00
1.830000000000000071e+01 6.934138010000000349e+02 2.636303139999999985e+02 3.400169650000000132e+01 -4.197705730000000024e+00
1.839999999999999858e+01 6.929942989999999554e+02 2.636845650000000205e+02 3.402964370000000116e+01 -4.192328060000000356e+00
1.850000000000000000e+01 6.925753359999999930e+02 2.637389190000000099e+02 3.405759539999999674e+01 -4.186940560000000033e+00
1.860000000000000142e+01 6.921569110000000364e+02 2.637933729999999741e+02 3.408555139999999994e+01 -4.181543229999999944e+00
1.869999999999999929e+01 6.917390269999999646e+02 2.638479300000000194e+02 3.411351150000000132e+01 -4.176136060000000150e+00
1.880000000000000071e+01 6.913216840000000047e+02 2.639025889999999777e+02 3.414147559999999970e+01 -4.170719029999999883e+00
1.889999999999999858e+01 6.909048830000000407e+02 2.639573500000000195e+02 3.416944360000000103e+01 -4.165292130000000093e+00
1.900000000000000000e+01 6.904886259999999538e+02 2.640122129999999743e+02 3.419741549999999819e+01 -4.159855359999999891e+00
1.910000000000000142e+01 6.900729119999999739e+02 2.640671790000000101e+02 3.422539100000000190e+01 -4.154408700000000287e+00
1.919999999999999929e+01 6.896577439999999797e+02 2.641222480000000132e+02 3.425337009999999793e+01 -4.148952139999999567e+00
1.930000000000000071e+01 6.892431219999999712e+02 2.641774199999999837e+02 3.428135259999999818e+01 -4.143485669999999566e+00
1.939999999999999858e+01 6.888290469999999459e+02 2.642326949999999783e+02 3.430933840000000146e+01 -4.138009280000000345e+00
1.950000000000000000e+01 6.884155200000000150e+02 2.642880729999999971e+02 3.433732739999999950e+01 -4.132522960000000189e+00
1.960000000000000142e+01 6.880025419999999485e+02 2.643435549999999807e+02 3.436531939999999707e+01 -4.127026700000000048e+00
1.969999999999999929e+01 6.875901149999999689e+02 2.643991409999999860e+02 3.439331440000000129e+01 -4.121520489999999981e+00
1.980000000000000071e+01 6.871782379999999648e+02 2.644548300000000154e+02 3.442131220000000269e+01 -4.116004310000000110e+00
1.989999999999999858e+01 6.867669140000000425e+02 2.645106240000000071e+02 3.444931259999999895e+01 -4.110478160000000436e+00
2.000000000000000000e+01 6.863561429999999746e+02 2.645665220000000204e+02 3.447731569999999834e+01 -4.104942030000000130e+00
2.010000000000000142e+01 6.859459249999999884e+02 2.646225239999999985e+02 3.450532110000000330e+01 -4.099395900000000204e+00
2.019999999999999929e+01 6.855362629999999626e+02 2.646786309999999958e+02 3.453332879999999960e+01 -4.093839769999999767e+00
2.030000000000000071e+01 6.851271570000000111e+02 2.647348430000000121e+02 3.456133870000000030e+01 -4.088273619999999831e+00
2.039999999999999858e+01 6.847186090000000149e+02 2.647911599999999908e+02 3.458935060000000306e+01 -4.082697450000000394e+00
2.050000000000000000e+01 6.843106179999999767e+02 2.648475829999999860e+02 3.461736450000000076e+01 -4.077111239999999803e+00
2.060000000000000142e+01 6.839031860000000052e+02 2.649041100000000029e+02 3.464538009999999701e+01 -4.071514989999999834e+00
2.069999999999999929e+01 6.834963149999999814e+02 2.649607429999999795e+02 3.467339729999999776e+01 -4.065908679999999720e+00
2.080000000000000071e+01 6.830900050000000192e+02 2.650174819999999727e+02 3.470141600000000182e+01 -4.060292310000000349e+00
2.089999999999999858e+01 6.826842560000000049e+02 2.650743269999999825e+02 3.472943610000000092e+01 -4.054665860000000066e+00
2.100000000000000000e+01 6.822790710000000445e+02 2.651312790000000064e+02 3.475745750000000100e+01 -4.049029319999999821e+00
2.110000000000000142e+01 6.818744510000000218e+02 2.651883359999999925e+02 3.478547999999999973e+01 -4.043382689999999613e+00
2.119999999999999929e+01 6.814703950000000532e+02 2.652454999999999927e+02 3.481350340000000188e+01 -4.037725949999999564e+00
2.130000000000000071e+01 6.810669050000000198e+02 2.653027710000000070e+02 3.484152759999999915e+01 -4.032059099999999674e+00
2.139999999999999858e+01 6.806639830000000302e+02 2.653601489999999785e+02 3.486955259999999868e+01 -4.026382130000000004e+00
2.150000000000000000e+01 6.802616289999999708e+02 2.654176340000000209e+02 3.489757809999999694e+01 -4.020695019999999786e+00
2.160000000000000142e+01 6.798598439999999528e+02 2.654752260000000206e+02 3.492560399999999987e+01 -4.014997759999999971e+00
2.169999999999999929e+01 6.794586289999999735e+02 2.655329249999999774e+02 3.495363019999999921e+01 -4.009290349999999670e+00
2.180000000000000071e+01 6.790579860000000281e+02 2.655907320000000027e+02 3.498165649999999971e+01 -4.003572779999999831e+00
2.189999999999999858e+01 6.786579150000000027e+02 2.656486469999999827e+02 3.500968280000000021e+01 -3.997845040000000072e+00
2.200000000000000000e+01 6.782584170000000086e+02 2.657066699999999742e+02 3.503770899999999955e+01 -3.992107110000000070e+00
2.210000000000000142e+01 6.778594930000000431e+02 2.657648019999999747e+02 3.506573490000000248e+01 -3.986358989999999825e+00
2.219999999999999929e+01 6.774611449999999877e+02 2.658230409999999893e+02 3.509376029999999957e+01 -3.980600669999999841e+00
2.230000000000000071e+01 6.770633729999999559e+02 2.658813900000000103e+02 3.512178519999999793e+01 -3.974832140000000180e+00
2.239999999999999858e+01 6.766661790000000565e+02 2.659398459999999886e+02 3.514980930000000114e+01 -3.969053390000000014e+00
2.250000000000000000e+01 6.762695629999999483e+02 2.659984119999999734e+02 3.517783260000000212e+01 -3.963264419999999788e+00
2.260000000000000142e+01 6.758735259999999698e+02 2.660570870000000241e+02 3.520585489999999851e+01 -3.957465210000000067e+00
2.269999999999999929e+01 6.754780700000000024e+02 2.661158720000000244e+02 3.523387600000000219e+01 -3.951655750000000022e+00
2.280000000000000071e+01 6.750831950000000461e+02 2.661747659999999769e+02 3.526189589999999896e+01 -3.945836030000000161e+00
2.289999999999999858e+01 6.746889019999999846e+02 2.662337689999999952e+02 3.528991419999999835e+01 -3.940006050000000037e+00
2.300000000000000000e+01 6.742951940000000377e+02 2.662928820000000201e+02 3.531793100000000152e+01 -3.934165800000000157e+00
2.310000000000000142e+01 6.739020689999999831e+02 2.663521059999999920e+02 3.534594599999999787e+01 -3.928315270000000137e+00
2.319999999999999929e+01 6.735095310000000381e+02 2.664114400000000273e+02 3.537395910000000043e+01 -3.922454450000000037e+00
2.330000000000000071e+01 6.731175779999999804e+02 2.664708840000000123e+02 3.540197009999999977e+01 -3.916583329999999918e+00
2.339999999999999858e+01 6.727262140000000272e+02 2.665304380000000037e+02 3.542997900000000300e+01 -3.910701899999999842e+00
2.350000000000000000e+01 6.723354379999999537e+02 2.665901039999999966e+02 3.545798549999999949e+01 -3.904810159999999808e+00
2.360000000000000142e+01 6.719452519999999822e+02 2.666498799999999960e+02 3.548598940000000113e+01 -3.898908089999999937e+00
2.369999999999999929e+01 6.715556559999999990e+02 2.667097669999999994e+02 3.551399080000000197e+01 -3.892995689999999787e+00
2.380000000000000071e+01 6.711666529999999966e+02 2.667697660000000042e+02 3.554198920000000328e+01 -3.887072949999999860e+00
2.389999999999999858e+01 6.707782419999999775e+02 2.668298760000000129e+02 3.556998480000000029e+01 -3.881139860000000219e+00
2.400000000000000000e+01 6.703904250000000502e+02 2.668900980000000231e+02 3.559797710000000137e+01 -3.875196410000000036e+00
2.410000000000000142e+01 6.700032019999999875e+02 2.669504319999999780e+02 3.562596620000000058e+01 -3.869242600000000198e+00
2.419999999999999929e+01 6.696165760000000091e+02 2.670108779999999911e+02 3.565395190000000269e+01 -3.863278419999999880e+00
2.430000000000000071e+01 6.692305470000000014e+02 2.670714360000000056e+02 3.568193389999999710e+01 -3.857303850000000089e+00
2.439999999999999858e+01 6.688451149999999643e+02 2.671321060000000216e+02 3.570991219999999799e+01 -3.851318899999999879e+00
2.450000000000000000e+01 6.684602830000000040e+02 2.671928889999999797e+02 3.573788650000000189e+01 -3.845323549999999813e+00
2.460000000000000142e+01 6.680760510000000068e+02 2.672537849999999935e+02 3.576585680000000167e+01 -3.839317789999999952e+00
2.469999999999999929e+01 6.676924189999999726e+02 2.673147940000000062e+02 3.579382280000000094e+01 -3.833301619999999854e+00
2.480000000000000071e+01 6.673093900000000076e+02 2.673759150000000204e+02 3.582178439999999853e+01 -3.827275039999999962e+00
2.489999999999999858e+01 6.669269639999999981e+02 2.674371499999999742e+02 3.584974150000000037e+01 -3.821238020000000013e+00
2.500000000000000000e+01 6.665451430000000528e+02 2.674984989999999812e+02 3.587769380000000297e+01 -3.815190569999999948e+00
2.510000000000000142e+01 6.661639259999999467e+02 2.675599609999999871e+02 3.590564119999999804e+01 -3.809132690000000210e+00
2.519999999999999929e+01 6.657833160000000134e+02 2.676215369999999893e+02 3.593358349999999746e+01 -3.803064350000000093e+00
2.530000000000000071e+01 6.654033130000000256e+02 2.676832269999999880e+02 3.596152060000000006e+01 -3.796985550000000043e+00
2.539999999999999858e+01 6.650239189999999780e+02 2.677450309999999831e+02 3.598945230000000350e+01 -3.790896290000000057e+00
2.550000000000000000e+01 6.646451339999999846e+02 2.678069489999999746e+02 3.601737839999999835e+01 -3.784796560000000198e+00
2.560000000000000142e+01 6.642669600000000401e+02 2.678689820000000168e+02 3.604529879999999764e+01 -3.778686360000000022e+00
2.569999999999999929e+01 6.638893970000000309e+02 2.679311289999999985e+02 3.607321329999999904e+01 -3.772565670000000093e+00
2.580000000000000071e+01 6.635124469999999519e+02 2.679933919999999716e+02 3.610112170000000020e+01 -3.766434489999999968e+00
2.589999999999999858e+01 6.631361100000000306e+02 2.680557689999999980e+02 3.612902389999999997e+01 -3.760292810000000152e+00
2.600000000000000000e+01 6.627603880000000345e+02 2.681182620000000156e+02 3.615691960000000194e+01 -3.754140619999999817e+00
2.610000000000000142e+01 6.623852819999999610e+02 2.681808700000000272e+02 3.618480879999999900e+01 -3.747977929999999791e+00
2.619999999999999929e+01 6.620107930000000351e+02 2.682435929999999757e+02 3.621269120000000186e+01 -3.741804709999999812e+00
2.630000000000000071e+01 6.616369210000000294e+02 2.683064319999999725e+02 3.624056670000000224e+01 -3.735620980000000202e+00
2.639999999999999858e+01 6.612636680000000524e+02 2.683693870000000175e+02 3.626843499999999665e+01 -3.729426709999999812e+00
2.650000000000000000e+01 6.608910359999999855e+02 2.684324579999999969e+02 3.629629609999999929e+01 -3.723221909999999912e+00
2.660000000000000142e+01 6.605190239999999449e+02 2.684956460000000220e+02 3.632414969999999954e+01 -3.717006560000000182e+00
2.669999999999999929e+01 6.601476340000000391e+02 2.685589489999999842e+02 3.635199560000000218e+01 -3.710780660000000175e+00
2.680000000000000071e+01 6.597768680000000359e+02 2.686223699999999894e+02 3.637983380000000011e+01 -3.704544209999999893e+00
2.689999999999999858e+01 6.594067250000000513e+02 2.686859069999999861e+02 3.640766390000000285e+01 -3.698297199999999840e+00
2.700000000000000000e+01 6.590372079999999642e+02 2.687495610000000283e+02 3.643548590000000331e+01 -3.692039620000000077e+00
2.710000000000000142e+01 6.586683179999999993e+02 2.688133310000000051e+02 3.646329949999999798e+01 -3.685771470000000161e+00
2.719999999999999929e+01 6.583000540000000456e+02 2.688772200000000225e+02 3.649110459999999989e+01 -3.679492740000000151e+00
2.730000000000000071e+01 6.579324189999999817e+02 2.689412249999999744e+02 3.651890099999999961e+01 -3.673203430000000047e+00
2.739999999999999858e+01 6.575654130000000350e+02 2.690053480000000263e+02 3.654668850000000191e+01 -3.666903529999999911e+00
2.750000000000000000e+01 6.571990379999999732e+02 2.690695890000000077e+02 3.657446680000000327e+01 -3.660593029999999803e+00
2.760000000000000142e+01 6.568332950000000210e+02 2.691339479999999753e+02 3.660223599999999777e+01 -3.654271930000000168e+00
2.769999999999999929e+01 6.564681839999999511e+02 2.691984239999999886e+02 3.662999560000000088e+01 -3.647940230000000117e+00
2.780000000000000071e+01 6.561037069999999858e+02 2.692630189999999857e+02 3.665774569999999954e+01 -3.641597910000000216e+00
2.789999999999999858e+01 6.557398640000000114e+02 2.693277330000000234e+02 3.668548590000000331e+01 -3.635244989999999898e+00
2.800000000000000000e+01 6.553766580000000204e+02 2.693925649999999905e+02 3.671321600000000274e+01 -3.628881439999999792e+00
2.810000000000000142e+01 6.550140880000000152e+02 2.694575150000000008e+02 3.674093599999999782e+01 -3.622507259999999896e+00
2.819999999999999929e+01 6.546521559999999909e+02 2.695225839999999948e+02 3.676864570000000043e+01 -3.616122450000000210e+00
2.830000000000000071e+01 6.542908640000000560e+02 2.695877730000000270e+02 3.679634469999999880e+01 -3.609727009999999847e+00
2.839999999999999858e+01 6.539302109999999857e+02 2.696530799999999886e+02 3.682403289999999885e+01 -3.603320930000000200e+00
2.850000000000000000e+01 6.535701990000000023e+02 2.697185069999999882e+02 3.685171030000000059e+01 -3.596904209999999935e+00
2.860000000000000142e+01 6.532108299999999872e+02 2.697840540000000260e+02 3.687937639999999817e+01 -3.590476830000000064e+00
2.869999999999999929e+01 6.528521040000000539e+02 2.698497199999999907e+02 3.690703119999999871e+01 -3.584038810000000019e+00
2.880000000000000071e+01 6.524940219999999726e+02 2.699155059999999935e+02 3.693467449999999985e+01 -3.577590119999999985e+00
2.889999999999999858e+01 6.521365859999999657e+02 2.699814119999999775e+02 3.696230609999999928e+01 -3.571130779999999838e+00
2.900000000000000000e+01 6.517797960000000330e+02 2.700474379999999996e+02 3.698992570000000057e+01 -3.564660770000000145e+00
2.910000000000000142e+01 6.514236540000000559e+02 2.701135840000000030e+02 3.701753320000000258e+01 -3.558180090000000018e+00
2.919999999999999929e+01 6.510681600000000344e+02 2.701798499999999876e+02 3.704512840000000296e+01 -3.551688729999999961e+00
2.930000000000000071e+01 6.507133159999999634e+02 2.702462380000000053e+02 3.707271099999999819e+01 -3.545186699999999913e+00
2.939999999999999858e+01 6.503591229999999541e+02 2.703127460000000042e+02 3.710028100000000251e+01 -3.538673989999999936e+00
2.950000000000000000e+01 6.500055810000000065e+02 2.703793739999999843e+02 3.712783799999999701e+01 -3.532150590000000090e+00
2.960000000000000142e+01 6.496526929999999993e+02 2.704461239999999975e+02 3.715538200000000302e+01 -3.525616509999999870e+00
2.969999999999999929e+01 6.493004580000000487e+02 2.705129949999999894e+02 3.718291260000000165e+01 -3.519071729999999842e+00
2.980000000000000071e+01 6.489488780000000361e+02 2.705799880000000144e+02 3.721042969999999883e+01 -3.512516259999999946e+00
2.989999999999999858e+01 6.485979549999999563e+02 2.706471010000000206e+02 3.723793309999999934e+01 -3.505950089999999797e+00
3.000000000000000000e+01 6.482476880000000392e+02 2.707143370000000004e+02 3.726542260000000084e+01 -3.499373219999999840e+00
3.010000000000000142e+01 6.478980800000000499e+02 2.707816940000000159e+02 3.729289800000000099e+01 -3.492785640000000136e+00
3.019999999999999929e+01 6.475491309999999885e+02 2.708491730000000075e+02 3.732035900000000339e+01 -3.486187360000000179e+00
3.030000000000000071e+01 6.472008429999999635e+02 2.709167749999999728e+02 3.734780549999999977e+01 -3.479578370000000032e+00
3.039999999999999858e+01 6.468532159999999749e+02 2.709844979999999737e+02 3.737523730000000199e+01 -3.472958670000000136e+00
3.050000000000000000e+01 6.465062510000000202e+02 2.710523440000000051e+02 3.740265409999999946e+01 -3.466328250000000111e+00
3.060000000000000142e+01 6.461599499999999807e+02 2.711203120000000126e+02 3.743005579999999810e+01 -3.459687109999999954e+00
3.069999999999999929e+01 6.458143129999999701e+02 2.711884029999999939e+02 3.745744210000000152e+01 -3.453035260000000051e+00
3.080000000000000071e+01 6.454693429999999807e+02 2.712566170000000056e+02 3.748481280000000027e+01 -3.446372680000000077e+00
3.089999999999999858e+01 6.451250390000000152e+02 2.713249539999999911e+02 3.751216780000000028e+01 -3.439699379999999973e+00
3.100000000000000000e+01 6.447814029999999548e+02 2.713934130000000096e+02 3.753950679999999807e+01 -3.433015349999999799e+00
3.110000000000000142e+01 6.444384360000000243e+02 2.714619959999999992e+02 3.756682959999999838e+01 -3.426320589999999999e+00
3.119999999999999929e+01 6.440961389999999938e+02 2.715307020000000193e+02 3.759413589999999772e+01 -3.419615100000000130e+00
3.130000000000000071e+01 6.437545129999999745e+02 2.715995320000000106e+02 3.762142570000000319e+01 -3.412898880000000190e+00
3.139999999999999858e+01 6.434135589999999638e+02 2.716684849999999756e+02 3.764869860000000301e+01 -3.406171919999999798e+00
3.150000000000000000e+01 6.430732779999999593e+02 2.717375620000000254e+02 3.767595440000000195e+01 -3.399434229999999779e+00
3.160000000000000142e+01 6.427336719999999559e+02 2.718067629999999895e+02 3.770319299999999885e+01 -3.392685810000000135e+00
3.169999999999999929e+01 6.423947409999999536e+02 2.718760879999999815e+02 3.773041409999999729e+01 -3.385926640000000098e+00
3.180000000000000071e+01 6.420564869999999473e+02 2.719455370000000016e+02 3.775761750000000205e+01 -3.379156739999999992e+00
3.189999999999999858e+01 6.417189100000000508e+02 2.720151109999999903e+02 3.778480299999999659e+01 -3.372376099999999877e+00
3.200000000000000000e+01 6.413820120000000315e+02 2.720848090000000070e+02 3.781197029999999870e+01 -3.365584709999999813e+00
3.210000000000000142e+01 6.410457930000000033e+02 2.721546309999999949e+02 3.783911930000000012e+01 -3.358782580000000184e+00
3.220000000000000284e+01 6.407102549999999610e+02 2.722245780000000082e+02 3.786624969999999735e+01 -3.351969710000000102e+00
3.229999999999999716e+01 6.403753990000000158e+02 2.722946499999999901e+02 3.789336120000000108e+01 -3.345146100000000011e+00
3.239999999999999858e+01 6.400412260000000515e+02 2.723648460000000000e+02 3.792045379999999710e+01 -3.338311739999999972e+00
3.250000000000000000e+01 6.397077369999999519e+02 2.724351679999999760e+02 3.794752720000000323e+01 -3.331466629999999984e+00
3.260000000000000142e+01 6.393749330000000555e+02 2.725056149999999775e+02 3.797458100000000059e+01 -3.324610779999999988e+00
3.270000000000000284e+01 6.390428150000000187e+02 2.725761870000000044e+02 3.800161520000000337e+01 -3.317744189999999982e+00
3.279999999999999716e+01 6.387113839999999527e+02 2.726468840000000000e+02 3.802862950000000097e+01 -3.310866850000000028e+00
3.289999999999999858e+01 6.383806409999999687e+02 2.727177070000000185e+02 3.805562359999999700e+01 -3.303978770000000065e+00
3.300000000000000000e+01 6.380505879999999479e+02 2.727886560000000031e+02 3.808259739999999738e+01 -3.297079940000000153e+00
3.310000000000000142e+01 6.377212250000000040e+02 2.728597310000000107e+02 3.810955049999999744e+01 -3.290170359999999850e+00
3.320000000000000284e+01 6.373925540000000183e+02 2.729309309999999869e+02 3.813648289999999719e+01 -3.283250039999999981e+00
3.329999999999999716e+01 6.370645749999999907e+02 2.730022569999999860e+02 3.816339419999999905e+01 -3.276318980000000103e+00
3.339999999999999858e+01 6.367372900000000300e+02 2.730737100000000055e+02 3.819028420000000068e+01 -3.269377169999999833e+00
3.350000000000000000e+01 6.364107000000000198e+02 2.731452889999999911e+02 3.821715269999999975e+01 -3.262424619999999997e+00
3.360000000000000142e+01 6.360848049999999603e+02 2.732169939999999997e+02 3.824399950000000104e+01 -3.255461330000000153e+00
3.370000000000000284e+01 6.357596069999999600e+02 2.732888249999999744e+02 3.827082430000000102e+01 -3.248487299999999856e+00
3.379999999999999716e+01 6.354351080000000138e+02 2.733607830000000263e+02 3.829762689999999736e+01 -3.241502520000000054e+00
3.389999999999999858e+01 6.351113070000000107e+02 2.734328679999999849e+02 3.832440700000000078e+01 -3.234507010000000182e+00
3.400000000000000000e+01 6.347882059999999456e+02 2.735050790000000234e+02 3.835116450000000299e+01 -3.227500759999999858e+00
3.410000000000000142e+01 6.344658070000000407e+02 2.735774180000000229e+02 3.837789910000000049e+01 -3.220483779999999907e+00
3.420000000000000284e+01 6.341441099999999551e+02 2.736498829999999884e+02 3.840461059999999804e+01 -3.213456059999999948e+00
3.429999999999999716e+01 6.338231160000000273e+02 2.737224749999999744e+02 3.843129859999999809e+01 -3.206417609999999918e+00
3.439999999999999858e+01 6.335028260000000273e+02 2.737951949999999783e+02 3.845796310000000062e+01 -3.199368429999999819e+00
3.450000000000000000e+01 6.331832419999999502e+02 2.738680420000000026e+02 3.848460370000000097e+01 -3.192308510000000155e+00
3.460000000000000142e+01 6.328643640000000232e+02 2.739410159999999905e+02 3.851122029999999796e+01 -3.185237879999999855e+00
3.470000000000000284e+01 6.325461940000000141e+02 2.740141179999999963e+02 3.853781250000000114e+01 -3.178156509999999990e+00
3.479999999999999716e+01 6.322287330000000338e+02 2.740873470000000225e+02 3.856438010000000105e+01 -3.171064429999999934e+00
3.489999999999999858e+01 6.319119809999999688e+02 2.741607050000000072e+02 3.859092290000000247e+01 -3.163961630000000191e+00
3.500000000000000000e+01 6.315959410000000389e+02 2.742341890000000149e+02 3.861744070000000306e+01 -3.156848099999999935e+00
3.510000000000000142e+01 6.312806120000000192e+02 2.743078019999999810e+02 3.864393319999999932e+01 -3.149723869999999870e+00
3.520000000000000284e+01 6.309659960000000183e+02 2.743815430000000219e+02 3.867040010000000194e+01 -3.142588920000000119e+00
3.529999999999999716e+01 6.306520940000000337e+02 2.744554120000000239e+02 3.869684130000000266e+01 -3.135443260000000176e+00
3.539999999999999858e+01 6.303389069999999492e+02 2.745294089999999869e+02 3.872325649999999797e+01 -3.128286899999999982e+00
3.550000000000000000e+01 6.300264369999999872e+02 2.746035340000000247e+02 3.874964539999999857e+01 -3.121119830000000039e+00
3.560000000000000142e+01 6.297146830000000364e+02 2.746777870000000235e+02 3.877600770000000097e+01 -3.113942069999999784e+00
3.570000000000000284e+01 6.294036479999999756e+02 2.747521689999999808e+02 3.880234339999999804e+01 -3.106753610000000165e+00
3.579999999999999716e+01 6.290933330000000296e+02 2.748266800000000103e+02 3.882865199999999817e+01 -3.099554459999999789e+00
3.589999999999999858e+01 6.287837369999999737e+02 2.749013190000000009e+02 3.885493340000000018e+01 -3.092344619999999988e+00
3.600000000000000000e+01 6.284748640000000250e+02 2.749760860000000093e+02 3.888118719999999939e+01 -3.085124089999999875e+00
3.610000000000000142e+01 6.281667129999999588e+02 2.750509829999999738e+02 3.890741330000000175e+01 -3.077892890000000214e+00
3.620000000000000284e+01 6.278592849999999999e+02 2.751260080000000130e+02 3.893361149999999782e+01 -3.070651010000000181e+00
3.629999999999999716e+01 6.275525820000000294e+02 2.752011620000000107e+02 3.895978130000000306e+01 -3.063398450000000217e+00
3.639999999999999858e+01 6.272466050000000450e+02 2.752764450000000238e+02 3.898592270000000326e+01 -3.056135230000000202e+00
3.650000000000000000e+01 6.269413550000000441e+02 2.753518569999999954e+02 3.901203530000000086e+01 -3.048861340000000197e+00
3.660000000000000142e+01 6.266368330000000242e+02 2.754273989999999799e+02 3.903811900000000179e+01 -3.041576800000000080e+00
3.670000000000000284e+01 6.263330399999999827e+02 2.755030689999999822e+02 3.906417330000000021e+01 -3.034281599999999912e+00
3.679999999999999716e+01 6.260299770000000308e+02 2.755788689999999974e+02 3.909019820000000323e+01 -3.026975760000000015e+00
3.689999999999999858e+01 6.257276450000000523e+02 2.756547980000000280e+02 3.911619319999999789e+01 -3.019659270000000006e+00
3.700000000000000000e+01 6.254260450000000446e+02 2.757308560000000170e+02 3.914215829999999841e+01 -3.012332139999999825e+00
3.710000000000000142e+01 6.251251780000000053e+02 2.758070440000000190e+02 3.916809310000000011e+01 -3.004994379999999854e+00
3.720000000000000284e+01 6.248250460000000430e+02 2.758833609999999794e+02 3.919399729999999948e+01 -2.997645990000000094e+00
3.729999999999999716e+01 6.245256490000000440e+02 2.759598080000000095e+02 3.921987080000000248e+01 -2.990286980000000039e+00
3.739999999999999858e+01 6.242269890000000032e+02 2.760363849999999957e+02 3.924571319999999730e+01 -2.982917350000000134e+00
3.750000000000000000e+01 6.239290660000000344e+02 2.761130909999999972e+02 3.927152430000000294e+01 -2.975537119999999813e+00
3.760000000000000142e+01 6.236318810000000212e+02 2.761899270000000115e+02 3.929730380000000167e+01 -2.968146270000000086e+00
3.770000000000000284e+01 6.233354359999999588e+02 2.762668929999999818e+02 3.932305149999999827e+01 -2.960744829999999883e+00
3.779999999999999716e+01 6.230397319999999581e+02 2.763439880000000244e+02 3.934876710000000344e+01 -2.953332800000000091e+00
3.789999999999999858e+01 6.227447700000000168e+02 2.764212140000000204e+02 3.937445040000000063e+01 -2.945910179999999823e+00
3.800000000000000000e+01 6.224505500000000211e+02 2.764985689999999749e+02 3.940010099999999937e+01 -2.938476989999999844e+00
3.810000000000000142e+01 6.221570749999999634e+02 2.765760549999999967e+02 3.942571879999999851e+01 -2.931033220000000217e+00
3.820000000000000284e+01 6.218643439999999600e+02 2.766536699999999769e+02 3.945130340000000047e+01 -2.923578889999999930e+00
3.829999999999999716e+01 6.215723590000000058e+02 2.767314160000000243e+02 3.947685460000000290e+01 -2.916113999999999873e+00
3.839999999999999858e+01 6.212811209999999846e+02 2.768092920000000277e+02 3.950237220000000349e+01 -2.908638550000000045e+00
3.850000000000000000e+01 6.209906310000000076e+02 2.768872979999999870e+02 3.952785579999999754e+01 -2.901152569999999820e+00
3.860000000000000142e+01 6.207008899999999585e+02 2.769654340000000161e+02 3.955330529999999811e+01 -2.893656050000000146e+00
3.870000000000000284e+01 6.204118999999999460e+02 2.770437000000000012e+02 3.957872030000000052e+01 -2.886149000000000076e+00
3.879999999999999716e+01 6.201236609999999700e+02 2.771220969999999966e+02 3.960410050000000126e+01 -2.878631420000000052e+00
3.889999999999999858e+01 6.198361740000000282e+02 2.772006240000000048e+02 3.962944579999999917e+01 -2.871103339999999893e+00
3.900000000000000000e+01 6.195494400000000041e+02 2.772792810000000259e+02 3.965475570000000261e+01 -2.863564750000000103e+00
3.910000000000000142e+01 6.192634610000000066e+02 2.773580690000000004e+02 3.968003019999999736e+01 -2.856015670000000117e+00
3.920000000000000284e+01 6.189782370000000356e+02 2.774369869999999878e+02 3.970526879999999892e+01 -2.848456089999999996e+00
3.929999999999999716e+01 6.186937689999999748e+02 2.775160359999999855e+02 3.973047139999999899e+01 -2.840886040000000001e+00
3.939999999999999858e+01 6.184100600000000441e+02 2.775952149999999961e+02 3.975563760000000002e+01 -2.833305510000000194e+00
3.950000000000000000e+01 6.181271080000000211e+02 2.776745240000000194e+02 3.978076719999999966e+01 -2.825714520000000007e+00
3.960000000000000142e+01 6.178449170000000095e+02 2.777539639999999963e+02 3.980586000000000269e+01 -2.818113079999999826e+00
3.970000000000000284e+01 6.175634860000000117e+02 2.778335349999999835e+02 3.983091550000000325e+01 -2.810501200000000033e+00
3.979999999999999716e+01 6.172828160000000253e+02 2.779132359999999835e+02 3.985593370000000135e+01 -2.802878880000000184e+00
3.989999999999999858e+01 6.170029100000000426e+02 2.779930679999999938e+02 3.988091409999999826e+01 -2.795246130000000218e+00
4.000000000000000000e+01 6.167237669999999525e+02 2.780730300000000170e+02 3.990585649999999873e+01 -2.787602970000000013e+00
4.010000000000000142e+01 6.164453889999999774e+02 2.781531219999999962e+02 3.993076070000000044e+01 -2.779949400000000015e+00
4.020000000000000284e+01 6.161677770000000010e+02 2.782333459999999832e+02 3.995562639999999988e+01 -2.772285430000000161e+00
4.029999999999999716e+01 6.158909320000000207e+02 2.783136999999999830e+02 3.998045319999999947e+01 -2.764611079999999887e+00
4.039999999999999858e+01 6.156148550000000341e+02 2.783941839999999956e+02 4.000524099999999805e+01 -2.756926350000000081e+00
4.050000000000000000e+01 6.153395470000000387e+02 2.784747990000000186e+02 4.002998939999999806e+01 -2.749231249999999793e+00
4.060000000000000142e+01 6.150650090000000318e+02 2.785555449999999951e+02 4.005469819999999714e+01 -2.741525799999999791e+00
4.070000000000000284e+01 6.147912420000000111e+02 2.786364209999999844e+02 4.007936709999999891e+01 -2.733810000000000073e+00
4.079999999999999716e+01 6.145182469999999739e+02 2.787174279999999840e+02 4.010399569999999869e+01 -2.726083870000000076e+00
4.089999999999999858e+01 6.142460250000000315e+02 2.787985659999999939e+02 4.012858390000000242e+01 -2.718347420000000181e+00
4.100000000000000000e+01 6.139745769999999538e+02 2.788798340000000167e+02 4.015313139999999947e+01 -2.710600649999999945e+00
4.110000000000000142e+01 6.137039049999999634e+02 2.789612319999999954e+02 4.017763779999999940e+01 -2.702843580000000134e+00
4.120000000000000284e+01 6.134340089999999464e+02 2.790427609999999845e+02 4.020210289999999986e+01 -2.695076219999999800e+00
4.129999999999999716e+01 6.131648900000000140e+02 2.791244209999999839e+02 4.022652649999999852e+01 -2.687298580000000214e+00
4.139999999999999858e+01 6.128965490000000500e+02 2.792062109999999961e+02 4.025090809999999664e+01 -2.679510669999999983e+00
4.150000000000000000e+01 6.126289870000000519e+02 2.792881320000000187e+02 4.027524760000000015e+01 -2.671712509999999874e+00
4.160000000000000142e+01 6.123622060000000147e+02 2.793701829999999973e+02 4.029954469999999844e+01 -2.663904109999999825e+00
4.170000000000000284e+01 6.120962070000000494e+02 2.794523649999999861e+02 4.032379900000000106e+01 -2.656085469999999837e+00
4.179999999999999716e+01 6.118309890000000451e+02 2.795346769999999879e+02 4.034801039999999972e+01 -2.648256620000000172e+00
4.189999999999999858e+01 6.115665549999999939e+02 2.796171190000000024e+02 4.037217840000000280e+01 -2.640417559999999941e+00
4.200000000000000000e+01 6.113029060000000072e+02 2.796996920000000273e+02 4.039630290000000201e+01 -2.632568309999999911e+00
4.210000000000000142e+01 6.110400419999999713e+02 2.797823950000000082e+02 4.042038349999999980e+01 -2.624708870000000083e+00
4.220000000000000284e+01 6.107779639999999972e+02 2.798652289999999994e+02 4.044442000000000093e+01 -2.616839269999999829e+00
4.229999999999999716e+01 6.105166739999999663e+02 2.799481920000000059e+02 4.046841210000000189e+01 -2.608959519999999976e+00
4.239999999999999858e+01 6.102561719999999923e+02 2.800312860000000228e+02 4.049235949999999917e+01 -2.601069620000000082e+00
4.250000000000000000e+01 6.099964599999999564e+02 2.801145109999999931e+02 4.051626180000000232e+01 -2.593169590000000024e+00
4.260000000000000142e+01 6.097375379999999723e+02 2.801978649999999789e+02 4.054011890000000307e+01 -2.585259450000000125e+00
4.270000000000000284e+01 6.094794080000000349e+02 2.802813489999999774e+02 4.056393039999999672e+01 -2.577339209999999881e+00
4.279999999999999716e+01 6.092220700000000306e+02 2.803649639999999863e+02 4.058769610000000228e+01 -2.569408880000000117e+00
4.289999999999999858e+01 6.089655259999999544e+02 2.804487080000000105e+02 4.061141560000000084e+01 -2.561468479999999825e+00
4.300000000000000000e+01 6.087097770000000310e+02 2.805325829999999883e+02 4.063508860000000311e+01 -2.553518019999999833e+00
4.310000000000000142e+01 6.084548230000000331e+02 2.806165869999999813e+02 4.065871500000000083e+01 -2.545557510000000079e+00
4.320000000000000284e+01 6.082006649999999581e+02 2.807007209999999873e+02 4.068229430000000235e+01 -2.537586979999999937e+00
4.329999999999999716e+01 6.079473050000000285e+02 2.807849850000000060e+02 4.070582629999999824e+01 -2.529606429999999850e+00
4.339999999999999858e+01 6.076947440000000142e+02 2.808693779999999833e+02 4.072931080000000037e+01 -2.521615880000000143e+00
4.350000000000000000e+01 6.074429820000000291e+02 2.809539020000000278e+02 4.075274730000000289e+01 -2.513615349999999804e+00
4.360000000000000142e+01 6.071920209999999543e+02 2.810385549999999739e+02 4.077613569999999754e+01 -2.505604840000000166e+00
4.370000000000000284e+01 6.069418610000000172e+02 2.811233369999999923e+02 4.079947570000000212e+01 -2.497584380000000159e+00
4.379999999999999716e+01 6.066925039999999854e+02 2.812082490000000234e+02 4.082276679999999658e+01 -2.489553980000000166e+00
4.389999999999999858e+01 6.064439499999999725e+02 2.812932900000000132e+02 4.084600890000000106e+01 -2.481513660000000066e+00
4.400000000000000000e+01 6.061962009999999736e+02 2.813784600000000182e+02 4.086920169999999786e+01 -2.473463429999999796e+00
4.410000000000000142e+01 6.059492579999999862e+02 2.814637599999999793e+02 4.089234489999999766e+01 -2.465403310000000126e+00
4.420000000000000284e+01 6.057031210000000101e+02 2.815491890000000126e+02 4.091543810000000292e+01 -2.457333310000000104e+00
4.429999999999999716e+01 6.054577910000000429e+02 2.816347460000000069e+02 4.093848119999999824e+01 -2.449253450000000054e+00
4.439999999999999858e+01 6.052132699999999659e+02 2.817204330000000141e+02 4.096147369999999910e+01 -2.441163759999999794e+00
4.450000000000000000e+01 6.049695580000000064e+02 2.818062489999999798e+02 4.098441540000000316e+01 -2.433064229999999828e+00
4.460000000000000142e+01 6.047266570000000456e+02 2.818921930000000202e+02 4.100730599999999981e+01 -2.424954899999999913e+00
4.470000000000000284e+01 6.044845669999999700e+02 2.819782660000000192e+02 4.103014519999999976e+01 -2.416835770000000050e+00
4.479999999999999716e+01 6.042432900000000018e+02 2.820644669999999792e+02 4.105293280000000067e+01 -2.408706870000000055e+00
4.489999999999999858e+01 6.040028260000000273e+02 2.821507970000000114e+02 4.107566839999999786e+01 -2.400568209999999869e+00
4.500000000000000000e+01 6.037631760000000440e+02 2.822372560000000021e+02 4.109835170000000204e+01 -2.392419809999999813e+00
4.510000000000000142e+01 6.035243420000000469e+02 2.823238430000000108e+02 4.112098240000000260e+01 -2.384261690000000211e+00
4.520000000000000284e+01 6.032863240000000360e+02 2.824105569999999830e+02 4.114356029999999720e+01 -2.376093860000000113e+00
4.529999999999999716e+01 6.030491230000000087e+02 2.824974000000000274e+02 4.116608500000000248e+01 -2.367916349999999781e+00
4.539999999999999858e+01 6.028127409999999600e+02 2.825843709999999760e+02 4.118855630000000190e+01 -2.359729160000000103e+00
4.550000000000000000e+01 6.025771770000000060e+02 2.826714699999999993e+02 4.121097379999999788e+01 -2.351532329999999948e+00
4.560000000000000142e+01 6.023424340000000257e+02 2.827586959999999863e+02 4.123333730000000230e+01 -2.343325870000000144e+00
4.570000000000000284e+01 6.021085120000000188e+02 2.828460499999999911e+02 4.125564640000000338e+01 -2.335109790000000185e+00
4.579999999999999716e+01 6.018754119999999830e+02 2.829335310000000163e+02 4.127790089999999879e+01 -2.326884119999999889e+00
4.589999999999999858e+01 6.016431350000000293e+02 2.830211400000000026e+02 4.130010049999999922e+01 -2.318648870000000084e+00
4.600000000000000000e+01 6.014116820000000416e+02 2.831088750000000118e+02 4.132224480000000000e+01 -2.310404070000000143e+00
4.610000000000000142e+01 6.011810540000000174e+02 2.831967379999999821e+02 4.134433359999999880e+01 -2.302149720000000066e+00
4.620000000000000284e+01 6.009512519999999540e+02 2.832847279999999728e+02 4.136636659999999921e+01 -2.293885869999999993e+00
4.629999999999999716e+01 6.007222769999999628e+02 2.833728449999999839e+02 4.138834349999999773e+01 -2.285612509999999986e+00
4.639999999999999858e+01 6.004941300000000410e+02 2.834610880000000179e+02 4.141026399999999796e+01 -2.277329679999999801e+00
4.650000000000000000e+01 6.002668109999999615e+02 2.835494580000000155e+02 4.143212770000000233e+01 -2.269037389999999821e+00
4.660000000000000142e+01 6.000403219999999465e+02 2.836379539999999793e+02 4.145393440000000140e+01 -2.260735659999999925e+00
4.670000000000000284e+01 5.998146639999999934e+02 2.837265760000000228e+02 4.147568389999999994e+01 -2.252424509999999991e+00
4.679999999999999716e+01 5.995898379999999861e+02 2.838153239999999755e+02 4.149737569999999920e+01 -2.244103969999999837e+00
4.689999999999999858e+01 5.993658430000000408e+02 2.839041980000000081e+02 4.151900959999999685e+01 -2.235774049999999846e+00
4.700000000000000000e+01 5.991426830000000336e+02 2.839931980000000067e+02 4.154058529999999649e+01 -2.227434769999999897e+00
4.710000000000000142e+01 5.989203559999999698e+02 2.840823240000000283e+02 4.156210250000000173e+01 -2.219086159999999808e+00
4.720000000000000284e+01 5.986988659999999527e+02 2.841715740000000210e+02 4.158356090000000194e+01 -2.210728239999999900e+00
4.729999999999999716e+01 5.984782109999999875e+02 2.842609509999999773e+02 4.160496030000000189e+01 -2.202361020000000114e+00
4.739999999999999858e+01 5.982583929999999555e+02 2.843504520000000184e+02 4.162630020000000286e+01 -2.193984540000000205e+00
4.750000000000000000e+01 5.980394139999999652e+02 2.844400780000000282e+02 4.164758040000000250e+01 -2.185598810000000114e+00
4.760000000000000142e+01 5.978212740000000167e+02 2.845298290000000065e+02 4.166880069999999847e+01 -2.177203850000000163e+00
4.770000000000000284e+01 5.976039729999999963e+02 2.846197040000000129e+02 4.168996059999999915e+01 -2.168799679999999785e+00
4.779999999999999716e+01 5.973875140000000101e+02 2.847097039999999879e+02 4.171106000000000336e+01 -2.160386330000000132e+00
4.789999999999999858e+01 5.971718959999999470e+02 2.847998279999999909e+02 4.173209849999999932e+01 -2.151963820000000194e+00
4.800000000000000000e+01 5.969571210000000292e+02 2.848900750000000244e+02 4.175307579999999774e+01 -2.143532179999999787e+00
4.810000000000000142e+01 5.967431890000000294e+02 2.849804470000000265e+02 4.177399160000000222e+01 -2.135091420000000184e+00
4.820000000000000284e+01 5.965301030000000537e+02 2.850709420000000023e+02 4.179484570000000332e+01 -2.126641569999999870e+00
4.829999999999999716e+01 5.963178609999999935e+02 2.851615610000000061e+02 4.181563770000000346e+01 -2.118182640000000116e+00
4.839999999999999858e+01 5.961064659999999549e+02 2.852523029999999835e+02 4.183636729999999915e+01 -2.109714680000000175e+00
4.850000000000000000e+01 5.958959180000000515e+02 2.853431679999999915e+02 4.185703420000000108e+01 -2.101237690000000047e+00
4.860000000000000142e+01 5.956862180000000535e+02 2.854341549999999756e+02 4.187763819999999981e+01 -2.092751699999999992e+00
4.870000000000000284e+01 5.954773679999999558e+02 2.855252659999999878e+02 4.189817889999999778e+01 -2.084256729999999891e+00
4.879999999999999716e+01 5.952693669999999884e+02 2.856164979999999787e+02 4.191865609999999975e+01 -2.075752819999999943e+00
4.889999999999999858e+01 5.950622170000000324e+02 2.857078530000000001e+02 4.193906929999999988e+01 -2.067239980000000088e+00
4.900000000000000000e+01 5.948559189999999717e+02 2.857993299999999977e+02 4.195941849999999818e+01 -2.058718230000000204e+00
