5.000000000000000000e+00 1.145793689999999970e+03 2.589988169999999741e+02 3.341541430000000190e+01 -1.904483640000000033e+00
5.099999999999999645e+00 1.145603450000000066e+03 2.590411560000000009e+02 3.342373969999999872e+01 -1.900407640000000065e+00
5.200000000000000178e+00 1.145413610000000062e+03 2.590835169999999721e+02 3.343205050000000256e+01 -1.896329579999999959e+00
5.299999999999999822e+00 1.145224179999999933e+03 2.591259000000000015e+02 3.344034659999999803e+01 -1.892249470000000100e+00
5.400000000000000355e+00 1.145035159999999905e+03 2.591683059999999728e+02 3.344862799999999936e+01 -1.888167319999999982e+00
5.500000000000000000e+00 1.144846549999999979e+03 2.592107330000000047e+02 3.345689469999999943e+01 -1.884083130000000050e+00
5.599999999999999645e+00 1.144658339999999953e+03 2.592531829999999786e+02 3.346514669999999825e+01 -1.879996900000000082e+00
5.700000000000000178e+00 1.144470550000000003e+03 2.592956540000000132e+02 3.347338390000000174e+01 -1.875908640000000016e+00
5.799999999999999822e+00 1.144283159999999953e+03 2.593381479999999897e+02 3.348160630000000282e+01 -1.871818339999999914e+00
5.900000000000000355e+00 1.144096180000000004e+03 2.593806630000000268e+02 3.348981390000000147e+01 -1.867726020000000098e+00
6.000000000000000000e+00 1.143909619999999904e+03 2.594232010000000059e+02 3.349800659999999652e+01 -1.863631669999999962e+00
6.099999999999999645e+00 1.143723459999999932e+03 2.594657599999999888e+02 3.350618450000000337e+01 -1.859535299999999891e+00
6.200000000000000178e+00 1.143537710000000061e+03 2.595083409999999731e+02 3.351434749999999951e+01 -1.855436899999999945e+00
6.299999999999999822e+00 1.143352370000000064e+03 2.595509440000000154e+02 3.352249549999999800e+01 -1.851336499999999941e+00
6.400000000000000355e+00 1.143167439999999942e+03 2.595935690000000022e+02 3.353062860000000001e+01 -1.847234070000000061e+00
6.500000000000000000e+00 1.142982919999999922e+03 2.596362159999999903e+02 3.353874669999999725e+01 -1.843129639999999902e+00
6.599999999999999645e+00 1.142798819999999978e+03 2.596788849999999798e+02 3.354684989999999800e+01 -1.839023199999999969e+00
6.700000000000000178e+00 1.142615119999999933e+03 2.597215749999999730e+02 3.355493789999999876e+01 -1.834914759999999978e+00
6.799999999999999822e+00 1.142431829999999991e+03 2.597642870000000244e+02 3.356301090000000187e+01 -1.830804319999999930e+00
6.900000000000000355e+00 1.142248959999999897e+03 2.598070200000000227e+02 3.357106879999999904e+01 -1.826691880000000046e+00
7.000000000000000000e+00 1.142066489999999931e+03 2.598497750000000224e+02 3.357911159999999740e+01 -1.822577440000000104e+00
7.099999999999999645e+00 1.141884440000000041e+03 2.598925520000000233e+02 3.358713929999999692e+01 -1.818461019999999984e+00
7.200000000000000178e+00 1.141702800000000025e+03 2.599353510000000256e+02 3.359515179999999646e+01 -1.814342609999999967e+00
7.299999999999999822e+00 1.141521570000000111e+03 2.599781709999999748e+02 3.360314910000000310e+01 -1.810222210000000054e+00
7.400000000000000355e+00 1.141340760000000046e+03 2.600210119999999847e+02 3.361113110000000148e+01 -1.806099829999999962e+00
7.500000000000000000e+00 1.141160350000000108e+03 2.600638749999999959e+02 3.361909789999999987e+01 -1.801975480000000074e+00
7.599999999999999645e+00 1.140980360000000019e+03 2.601067600000000084e+02 3.362704939999999709e+01 -1.797849150000000007e+00
7.700000000000000178e+00 1.140800780000000032e+03 2.601496650000000272e+02 3.363498570000000143e+01 -1.793720849999999922e+00
7.799999999999999822e+00 1.140621619999999893e+03 2.601925929999999880e+02 3.364290660000000344e+01 -1.789590580000000042e+00
7.900000000000000355e+00 1.140442870000000084e+03 2.602355410000000120e+02 3.365081210000000311e+01 -1.785458339999999922e+00
8.000000000000000000e+00 1.140264529999999922e+03 2.602785109999999804e+02 3.365870220000000046e+01 -1.781324150000000106e+00
8.099999999999999645e+00 1.140086600000000089e+03 2.603215030000000070e+02 3.366657699999999664e+01 -1.777187999999999990e+00
8.199999999999999289e+00 1.139909090000000106e+03 2.603645149999999830e+02 3.367443620000000237e+01 -1.773049890000000017e+00
8.300000000000000711e+00 1.139731989999999996e+03 2.604075490000000173e+02 3.368228009999999983e+01 -1.768909829999999905e+00
8.400000000000000355e+00 1.139555309999999963e+03 2.604506039999999985e+02 3.369010839999999973e+01 -1.764767820000000098e+00
8.500000000000000000e+00 1.139379040000000032e+03 2.604936799999999835e+02 3.369792120000000324e+01 -1.760623870000000091e+00
8.599999999999999645e+00 1.139203179999999975e+03 2.605367769999999723e+02 3.370571850000000325e+01 -1.756477980000000105e+00
8.699999999999999289e+00 1.139027739999999994e+03 2.605798960000000193e+02 3.371350009999999742e+01 -1.752330139999999981e+00
8.800000000000000711e+00 1.138852720000000090e+03 2.606230350000000158e+02 3.372126620000000230e+01 -1.748180379999999978e+00
8.900000000000000355e+00 1.138678110000000061e+03 2.606661960000000136e+02 3.372901670000000252e+01 -1.744028679999999998e+00
9.000000000000000000e+00 1.138503909999999905e+03 2.607093770000000177e+02 3.373675149999999689e+01 -1.739875059999999918e+00
9.099999999999999645e+00 1.138330130000000054e+03 2.607525800000000231e+02 3.374447059999999965e+01 -1.735719510000000021e+00
9.199999999999999289e+00 1.138156770000000051e+03 2.607958039999999755e+02 3.375217399999999657e+01 -1.731562040000000025e+00
9.300000000000000711e+00 1.137983819999999923e+03 2.608390479999999911e+02 3.375986170000000186e+01 -1.727402649999999928e+00
9.400000000000000355e+00 1.137811290000000099e+03 2.608823130000000106e+02 3.376753360000000015e+01 -1.723241349999999894e+00
9.500000000000000000e+00 1.137639169999999922e+03 2.609255989999999770e+02 3.377518979999999971e+01 -1.719078139999999921e+00
9.599999999999999645e+00 1.137467470000000048e+03 2.609689060000000040e+02 3.378283009999999820e+01 -1.714913020000000010e+00
9.699999999999999289e+00 1.137296190000000024e+03 2.610122339999999781e+02 3.379045459999999679e+01 -1.710746000000000100e+00
9.800000000000000711e+00 1.137125320000000102e+03 2.610555830000000128e+02 3.379806320000000142e+01 -1.706577079999999969e+00
9.900000000000000355e+00 1.136954870000000028e+03 2.610989519999999970e+02 3.380565599999999904e+01 -1.702406260000000060e+00
1.000000000000000000e+01 1.136784840000000031e+03 2.611423419999999851e+02 3.381323280000000153e+01 -1.698233539999999930e+00
1.009999999999999964e+01 1.136615230000000111e+03 2.611857519999999795e+02 3.382079360000000179e+01 -1.694058939999999902e+00
1.019999999999999929e+01 1.136446030000000064e+03 2.612291829999999777e+02 3.382833850000000098e+01 -1.689882459999999975e+00
1.030000000000000071e+01 1.136277250000000095e+03 2.612726349999999798e+02 3.383586739999999793e+01 -1.685704080000000049e+00
1.040000000000000036e+01 1.136108889999999974e+03 2.613161069999999881e+02 3.384338029999999975e+01 -1.681523840000000103e+00
1.050000000000000000e+01 1.135940939999999955e+03 2.613596000000000004e+02 3.385087709999999817e+01 -1.677341710000000097e+00
1.059999999999999964e+01 1.135773419999999987e+03 2.614031130000000189e+02 3.385835790000000145e+01 -1.673157709999999909e+00
1.069999999999999929e+01 1.135606309999999894e+03 2.614466469999999845e+02 3.386582250000000016e+01 -1.668971849999999923e+00
1.080000000000000071e+01 1.135439620000000104e+03 2.614902010000000132e+02 3.387327109999999664e+01 -1.664784119999999978e+00
1.090000000000000036e+01 1.135273359999999911e+03 2.615337759999999889e+02 3.388070340000000158e+01 -1.660594530000000013e+00
1.100000000000000000e+01 1.135107510000000048e+03 2.615773699999999735e+02 3.388811960000000312e+01 -1.656403080000000028e+00
1.109999999999999964e+01 1.134942080000000033e+03 2.616209860000000162e+02 3.389551960000000008e+01 -1.652209779999999961e+00
1.119999999999999929e+01 1.134777059999999892e+03 2.616646210000000110e+02 3.390290329999999841e+01 -1.648014620000000097e+00
1.130000000000000071e+01 1.134612470000000030e+03 2.617082770000000096e+02 3.391027079999999927e+01 -1.643817630000000030e+00
1.140000000000000036e+01 1.134448300000000017e+03 2.617519520000000171e+02 3.391762210000000266e+01 -1.639618779999999942e+00
1.150000000000000000e+01 1.134284550000000081e+03 2.617956480000000283e+02 3.392495699999999914e+01 -1.635418100000000097e+00
1.159999999999999964e+01 1.134121219999999994e+03 2.618393639999999891e+02 3.393227550000000292e+01 -1.631215580000000109e+00
1.169999999999999929e+01 1.133958309999999983e+03 2.618831010000000106e+02 3.393957770000000096e+01 -1.627011229999999919e+00
1.180000000000000071e+01 1.133795810000000074e+03 2.619268569999999841e+02 3.394686349999999919e+01 -1.622805059999999910e+00
1.190000000000000036e+01 1.133633739999999989e+03 2.619706330000000207e+02 3.395413289999999762e+01 -1.618597049999999982e+00
1.200000000000000000e+01 1.133472099999999955e+03 2.620144290000000069e+02 3.396138590000000335e+01 -1.614387229999999951e+00
1.209999999999999964e+01 1.133310870000000023e+03 2.620582449999999994e+02 3.396862240000000099e+01 -1.610175590000000101e+00
1.219999999999999929e+01 1.133150059999999939e+03 2.621020809999999983e+02 3.397584239999999767e+01 -1.605962129999999988e+00
1.230000000000000071e+01 1.132989669999999933e+03 2.621459370000000035e+02 3.398304590000000047e+01 -1.601746869999999934e+00
1.240000000000000036e+01 1.132829709999999977e+03 2.621898130000000151e+02 3.399023290000000230e+01 -1.597529800000000000e+00
1.250000000000000000e+01 1.132670170000000098e+03 2.622337079999999787e+02 3.399740330000000199e+01 -1.593310919999999964e+00
1.259999999999999964e+01 1.132511050000000068e+03 2.622776240000000030e+02 3.400455709999999954e+01 -1.589090249999999926e+00
1.269999999999999929e+01 1.132352349999999888e+03 2.623215589999999793e+02 3.401169430000000204e+01 -1.584867779999999948e+00
1.280000000000000071e+01 1.132194070000000011e+03 2.623655130000000213e+02 3.401881480000000124e+01 -1.580643529999999908e+00
1.290000000000000036e+01 1.132036219999999958e+03 2.624094880000000103e+02 3.402591869999999830e+01 -1.576417479999999927e+00
1.300000000000000000e+01 1.131878789999999981e+03 2.624534820000000082e+02 3.403300579999999798e+01 -1.572189650000000105e+00
1.309999999999999964e+01 1.131721780000000081e+03 2.624974950000000149e+02 3.404007630000000262e+01 -1.567960039999999999e+00
1.319999999999999929e+01 1.131565200000000004e+03 2.625415280000000280e+02 3.404713000000000278e+01 -1.563728659999999993e+00
1.330000000000000071e+01 1.131409040000000005e+03 2.625855809999999906e+02 3.405416689999999846e+01 -1.559495499999999923e+00
1.340000000000000036e+01 1.131253300000000081e+03 2.626296530000000189e+02 3.406118709999999794e+01 -1.555260569999999953e+00
1.350000000000000000e+01 1.131097989999999982e+03 2.626737439999999992e+02 3.406819039999999887e+01 -1.551023880000000021e+00
1.359999999999999964e+01 1.130943099999999959e+03 2.627178549999999859e+02 3.407517690000000243e+01 -1.546785429999999906e+00
1.369999999999999929e+01 1.130788630000000012e+03 2.627619849999999815e+02 3.408214650000000034e+01 -1.542545229999999989e+00
1.380000000000000071e+01 1.130634589999999889e+03 2.628061339999999859e+02 3.408909919999999971e+01 -1.538303259999999950e+00
1.390000000000000036e+01 1.130480970000000070e+03 2.628503029999999967e+02 3.409603500000000054e+01 -1.534059550000000050e+00
1.400000000000000000e+01 1.130327770000000100e+03 2.628944910000000164e+02 3.410295390000000282e+01 -1.529814100000000066e+00
1.409999999999999964e+01 1.130175009999999929e+03 2.629386979999999880e+02 3.410985579999999828e+01 -1.525566900000000059e+00
1.419999999999999929e+01 1.130022660000000087e+03 2.629829240000000254e+02 3.411674059999999997e+01 -1.521317969999999908e+00
1.430000000000000071e+01 1.129870740000000069e+03 2.630271690000000149e+02 3.412360850000000312e+01 -1.517067299999999896e+00
1.440000000000000036e+01 1.129719250000000102e+03 2.630714340000000107e+02 3.413045929999999828e+01 -1.512814909999999902e+00
1.450000000000000000e+01 1.129568179999999984e+03 2.631157170000000178e+02 3.413729310000000083e+01 -1.508560780000000046e+00
1.459999999999999964e+01 1.129417539999999917e+03 2.631600199999999745e+02 3.414410970000000134e+01 -1.504304939999999924e+00
1.469999999999999929e+01 1.129267319999999927e+03 2.632043409999999994e+02 3.415090930000000213e+01 -1.500047380000000041e+00
1.480000000000000071e+01 1.129117529999999988e+03 2.632486809999999764e+02 3.415769159999999971e+01 -1.495788099999999954e+00
1.490000000000000036e+01 1.128968159999999898e+03 2.632930400000000191e+02 3.416445689999999757e+01 -1.491527119999999984e+00
1.500000000000000000e+01 1.128819220000000087e+03 2.633374180000000138e+02 3.417120489999999933e+01 -1.487264420000000031e+00
1.509999999999999964e+01 1.128670710000000099e+03 2.633818150000000173e+02 3.417793569999999903e+01 -1.483000029999999914e+00
1.519999999999999929e+01 1.128522619999999961e+03 2.634262299999999755e+02 3.418464929999999669e+01 -1.478733939999999913e+00
1.530000000000000071e+01 1.128374960000000101e+03 2.634706649999999968e+02 3.419134559999999823e+01 -1.474466150000000031e+00
1.540000000000000036e+01 1.128227730000000065e+03 2.635151169999999752e+02 3.419802459999999655e+01 -1.470196679999999922e+00
1.550000000000000000e+01 1.128080920000000106e+03 2.635595890000000168e+02 3.420468629999999877e+01 -1.465925520000000093e+00
1.559999999999999964e+01 1.127934539999999970e+03 2.636040790000000129e+02 3.421133059999999659e+01 -1.461652670000000098e+00
1.569999999999999929e+01 1.127788590000000113e+03 2.636485870000000205e+02 3.421795759999999831e+01 -1.457378150000000039e+00
1.580000000000000071e+01 1.127643070000000080e+03 2.636931139999999800e+02 3.422456720000000274e+01 -1.453101959999999915e+00
1.590000000000000036e+01 1.127497969999999896e+03 2.637376600000000053e+02 3.423115940000000279e+01 -1.448824090000000009e+00
1.600000000000000000e+01 1.127353299999999990e+03 2.637822239999999852e+02 3.423773409999999728e+01 -1.444544559999999978e+00
1.610000000000000142e+01 1.127209059999999909e+03 2.638268059999999764e+02 3.424429140000000160e+01 -1.440263370000000043e+00
1.619999999999999929e+01 1.127065250000000106e+03 2.638714069999999765e+02 3.425083120000000036e+01 -1.435980519999999983e+00
1.630000000000000071e+01 1.126921869999999899e+03 2.639160259999999880e+02 3.425735350000000068e+01 -1.431696019999999958e+00
1.639999999999999858e+01 1.126778909999999996e+03 2.639606630000000109e+02 3.426385820000000137e+01 -1.427409860000000030e+00
1.650000000000000000e+01 1.126636379999999917e+03 2.640053179999999884e+02 3.427034539999999652e+01 -1.423122060000000078e+00
1.660000000000000142e+01 1.126494290000000092e+03 2.640499919999999747e+02 3.427681510000000031e+01 -1.418832630000000039e+00
1.669999999999999929e+01 1.126352619999999888e+03 2.640946839999999725e+02 3.428326710000000332e+01 -1.414541550000000036e+00
1.680000000000000071e+01 1.126211379999999963e+03 2.641393939999999816e+02 3.428970139999999844e+01 -1.410248839999999948e+00
1.689999999999999858e+01 1.126070570000000089e+03 2.641841210000000046e+02 3.429611820000000222e+01 -1.405954499999999996e+00
1.700000000000000000e+01 1.125930190000000039e+03 2.642288669999999797e+02 3.430251719999999693e+01 -1.401658539999999897e+00
1.710000000000000142e+01 1.125790240000000040e+03 2.642736310000000231e+02 3.430889859999999913e+01 -1.397360960000000096e+00
1.719999999999999929e+01 1.125650709999999890e+03 2.643184130000000209e+02 3.431526219999999938e+01 -1.393061759999999927e+00
1.730000000000000071e+01 1.125511619999999994e+03 2.643632119999999759e+02 3.432160799999999767e+01 -1.388760949999999994e+00
1.739999999999999858e+01 1.125372959999999921e+03 2.644080289999999991e+02 3.432793610000000228e+01 -1.384458530000000076e+00
1.750000000000000000e+01 1.125234729999999900e+03 2.644528649999999743e+02 3.433424639999999783e+01 -1.380154499999999951e+00
1.760000000000000142e+01 1.125096929999999929e+03 2.644977180000000203e+02 3.434053889999999853e+01 -1.375848879999999941e+00
1.769999999999999929e+01 1.124959560000000010e+03 2.645425880000000234e+02 3.434681359999999728e+01 -1.371541660000000107e+00
1.780000000000000071e+01 1.124822619999999915e+03 2.645874759999999810e+02 3.435307029999999884e+01 -1.367232849999999944e+00
1.789999999999999858e+01 1.124686110000000099e+03 2.646323820000000069e+02 3.435930919999999844e+01 -1.362922460000000058e+00
1.800000000000000000e+01 1.124550040000000081e+03 2.646773059999999873e+02 3.436553020000000203e+01 -1.358610480000000065e+00
1.810000000000000142e+01 1.124414389999999912e+03 2.647222469999999817e+02 3.437173320000000132e+01 -1.354296919999999904e+00
1.819999999999999929e+01 1.124279179999999997e+03 2.647672049999999899e+02 3.437791829999999749e+01 -1.349981789999999959e+00
1.830000000000000071e+01 1.124144399999999905e+03 2.648121810000000096e+02 3.438408539999999647e+01 -1.345665090000000008e+00
1.839999999999999858e+01 1.124010050000000092e+03 2.648571739999999863e+02 3.439023449999999826e+01 -1.341346820000000051e+00
1.850000000000000000e+01 1.123876130000000103e+03 2.649021849999999745e+02 3.439636560000000287e+01 -1.337026990000000026e+00
1.860000000000000142e+01 1.123742639999999938e+03 2.649472119999999791e+02 3.440247860000000202e+01 -1.332705610000000096e+00
1.869999999999999929e+01 1.123609590000000026e+03 2.649922569999999951e+02 3.440857350000000281e+01 -1.328382670000000099e+00
1.880000000000000071e+01 1.123476959999999963e+03 2.650373200000000224e+02 3.441465039999999931e+01 -1.324058179999999973e+00
1.889999999999999858e+01 1.123344769999999926e+03 2.650823990000000094e+02 3.442070910000000339e+01 -1.319732150000000104e+00
1.900000000000000000e+01 1.123213019999999915e+03 2.651274960000000078e+02 3.442674960000000084e+01 -1.315404580000000045e+00
1.910000000000000142e+01 1.123081689999999981e+03 2.651726100000000201e+02 3.443277210000000110e+01 -1.311075479999999960e+00
1.919999999999999929e+01 1.122950800000000072e+03 2.652177399999999921e+02 3.443877630000000067e+01 -1.306744839999999908e+00
1.930000000000000071e+01 1.122820339999999987e+03 2.652628879999999754e+02 3.444476230000000072e+01 -1.302412679999999989e+00
1.939999999999999858e+01 1.122690319999999929e+03 2.653080529999999726e+02 3.445073010000000124e+01 -1.298078990000000044e+00
1.950000000000000000e+01 1.122560729999999921e+03 2.653532339999999863e+02 3.445667960000000107e+01 -1.293743789999999949e+00
1.960000000000000142e+01 1.122431569999999965e+03 2.653984320000000139e+02 3.446261080000000021e+01 -1.289407069999999988e+00
1.969999999999999929e+01 1.122302850000000035e+03 2.654436479999999960e+02 3.446852379999999982e+01 -1.285068840000000101e+00
1.980000000000000071e+01 1.122174559999999929e+03 2.654888799999999947e+02 3.447441839999999758e+01 -1.280729110000000004e+00
1.989999999999999858e+01 1.122046700000000101e+03 2.655341280000000097e+02 3.448029460000000057e+01 -1.276387879999999919e+00
2.000000000000000000e+01 1.121919280000000072e+03 2.655793929999999818e+02 3.448615250000000287e+01 -1.272045150000000069e+00
2.010000000000000142e+01 1.121792290000000094e+03 2.656246750000000247e+02 3.449199200000000332e+01 -1.267700929999999948e+00
2.019999999999999929e+01 1.121665739999999914e+03 2.656699740000000247e+02 3.449781310000000190e+01 -1.263355220000000001e+00
2.030000000000000071e+01 1.121539620000000014e+03 2.657152889999999843e+02 3.450361579999999861e+01 -1.259008029999999945e+00
2.039999999999999858e+01 1.121413939999999911e+03 2.657606200000000172e+02 3.450939999999999941e+01 -1.254659360000000001e+00
2.050000000000000000e+01 1.121288690000000088e+03 2.658059680000000071e+02 3.451516569999999717e+01 -1.250309220000000110e+00
2.060000000000000142e+01 1.121163880000000063e+03 2.658513320000000135e+02 3.452091289999999901e+01 -1.245957600000000109e+00
2.069999999999999929e+01 1.121039500000000089e+03 2.658967129999999770e+02 3.452664159999999782e+01 -1.241604530000000040e+00
2.080000000000000071e+01 1.120915559999999914e+03 2.659421100000000138e+02 3.453235180000000071e+01 -1.237249990000000022e+00
2.089999999999999858e+01 1.120792050000000017e+03 2.659875230000000101e+02 3.453804329999999823e+01 -1.232893989999999995e+00
2.100000000000000000e+01 1.120668979999999920e+03 2.660329520000000230e+02 3.454371629999999982e+01 -1.228536550000000060e+00
2.110000000000000142e+01 1.120546340000000100e+03 2.660783979999999929e+02 3.454937069999999721e+01 -1.224177660000000056e+00
2.119999999999999929e+01 1.120424140000000079e+03 2.661238589999999817e+02 3.455500649999999752e+01 -1.219817319999999983e+00
2.130000000000000071e+01 1.120302380000000085e+03 2.661693369999999845e+02 3.456062359999999956e+01 -1.215455549999999940e+00
2.139999999999999858e+01 1.120181049999999914e+03 2.662148310000000038e+02 3.456622200000000333e+01 -1.211092339999999989e+00
2.150000000000000000e+01 1.120060159999999996e+03 2.662603399999999851e+02 3.457180170000000174e+01 -1.206727700000000070e+00
2.160000000000000142e+01 1.119939699999999903e+03 2.663058659999999804e+02 3.457736270000000189e+01 -1.202361639999999898e+00
2.169999999999999929e+01 1.119819690000000037e+03 2.663514069999999947e+02 3.458290499999999668e+01 -1.197994159999999919e+00
2.180000000000000071e+01 1.119700109999999995e+03 2.663969640000000254e+02 3.458842849999999913e+01 -1.193625259999999910e+00
2.189999999999999858e+01 1.119580960000000005e+03 2.664425370000000157e+02 3.459393320000000216e+01 -1.189254959999999972e+00
2.200000000000000000e+01 1.119462250000000040e+03 2.664881260000000225e+02 3.459941909999999865e+01 -1.184883240000000004e+00
2.210000000000000142e+01 1.119343980000000101e+03 2.665337299999999914e+02 3.460488620000000282e+01 -1.180510130000000046e+00
2.219999999999999929e+01 1.119226149999999961e+03 2.665793499999999767e+02 3.461033439999999928e+01 -1.176135619999999937e+00
2.230000000000000071e+01 1.119108760000000075e+03 2.666249859999999785e+02 3.461576380000000341e+01 -1.171759709999999899e+00
2.239999999999999858e+01 1.118991800000000012e+03 2.666706369999999993e+02 3.462117429999999985e+01 -1.167382420000000032e+00
2.250000000000000000e+01 1.118875279999999975e+03 2.667163029999999821e+02 3.462656590000000278e+01 -1.163003739999999953e+00
2.260000000000000142e+01 1.118759199999999964e+03 2.667619849999999815e+02 3.463193849999999685e+01 -1.158623689999999984e+00
2.269999999999999929e+01 1.118643559999999979e+03 2.668076819999999998e+02 3.463729219999999742e+01 -1.154242259999999964e+00
2.280000000000000071e+01 1.118528350000000046e+03 2.668533949999999777e+02 3.464262699999999739e+01 -1.149859460000000055e+00
2.289999999999999858e+01 1.118413579999999911e+03 2.668991229999999746e+02 3.464794270000000154e+01 -1.145475299999999974e+00
2.300000000000000000e+01 1.118299260000000004e+03 2.669448659999999904e+02 3.465323939999999681e+01 -1.141089770000000003e+00
2.310000000000000142e+01 1.118185369999999921e+03 2.669906240000000253e+02 3.465851709999999741e+01 -1.136702899999999961e+00
2.319999999999999929e+01 1.118071920000000091e+03 2.670363980000000197e+02 3.466377570000000219e+01 -1.132314669999999968e+00
2.330000000000000071e+01 1.117958900000000085e+03 2.670821859999999788e+02 3.466901529999999809e+01 -1.127925089999999964e+00
2.339999999999999858e+01 1.117846330000000080e+03 2.671279890000000137e+02 3.467423579999999816e+01 -1.123534170000000110e+00
2.350000000000000000e+01 1.117734200000000101e+03 2.671738080000000082e+02 3.467943710000000124e+01 -1.119141919999999901e+00
2.360000000000000142e+01 1.117622499999999945e+03 2.672196410000000242e+02 3.468461930000000137e+01 -1.114748330000000065e+00
2.369999999999999929e+01 1.117511250000000018e+03 2.672654899999999998e+02 3.468978239999999857e+01 -1.110353420000000035e+00
2.380000000000000071e+01 1.117400429999999915e+03 2.673113529999999969e+02 3.469492619999999761e+01 -1.105957180000000095e+00
2.389999999999999858e+01 1.117290060000000040e+03 2.673572300000000155e+02 3.470005090000000081e+01 -1.101559629999999901e+00
2.400000000000000000e+01 1.117180119999999988e+03 2.674031229999999937e+02 3.470515639999999991e+01 -1.097160759999999957e+00
2.410000000000000142e+01 1.117070619999999963e+03 2.674490299999999934e+02 3.471024260000000083e+01 -1.092760579999999981e+00
2.419999999999999929e+01 1.116961569999999938e+03 2.674949520000000120e+02 3.471530959999999766e+01 -1.088359099999999913e+00
2.430000000000000071e+01 1.116852949999999964e+03 2.675408889999999928e+02 3.472035730000000342e+01 -1.083956319999999973e+00
2.439999999999999858e+01 1.116744779999999992e+03 2.675868399999999951e+02 3.472538569999999680e+01 -1.079552250000000102e+00
2.450000000000000000e+01 1.116637040000000070e+03 2.676328050000000189e+02 3.473039479999999912e+01 -1.075146890000000077e+00
2.460000000000000142e+01 1.116529749999999922e+03 2.676787850000000049e+02 3.473538450000000211e+01 -1.070740239999999899e+00
2.469999999999999929e+01 1.116422890000000052e+03 2.677247790000000123e+02 3.474035489999999982e+01 -1.066332309999999950e+00
2.480000000000000071e+01 1.116316479999999956e+03 2.677707869999999843e+02 3.474530599999999936e+01 -1.061923109999999948e+00
2.489999999999999858e+01 1.116210510000000113e+03 2.678168099999999754e+02 3.475023759999999839e+01 -1.057512639999999893e+00
2.500000000000000000e+01 1.116104980000000069e+03 2.678628469999999879e+02 3.475514979999999809e+01 -1.053100900000000006e+00
2.510000000000000142e+01 1.115999890000000050e+03 2.679088980000000220e+02 3.476004259999999846e+01 -1.048687900000000006e+00
2.519999999999999929e+01 1.115895240000000058e+03 2.679549630000000207e+02 3.476491589999999832e+01 -1.044273639999999892e+00
2.530000000000000071e+01 1.115791030000000092e+03 2.680010429999999815e+02 3.476976979999999884e+01 -1.039858130000000047e+00
2.539999999999999858e+01 1.115687269999999899e+03 2.680471360000000232e+02 3.477460409999999769e+01 -1.035441379999999967e+00
2.550000000000000000e+01 1.115583949999999959e+03 2.680932429999999727e+02 3.477941899999999720e+01 -1.031023390000000095e+00
2.560000000000000142e+01 1.115481060000000070e+03 2.681393640000000005e+02 3.478421430000000214e+01 -1.026604150000000049e+00
2.569999999999999929e+01 1.115378619999999955e+03 2.681854989999999930e+02 3.478899009999999947e+01 -1.022183690000000089e+00
2.580000000000000071e+01 1.115276630000000068e+03 2.682316480000000070e+02 3.479374630000000224e+01 -1.017762000000000056e+00
2.589999999999999858e+01 1.115175070000000005e+03 2.682778109999999856e+02 3.479848299999999739e+01 -1.013339090000000109e+00
2.600000000000000000e+01 1.115073959999999943e+03 2.683239869999999883e+02 3.480319999999999681e+01 -1.008914960000000027e+00
2.610000000000000142e+01 1.114973289999999906e+03 2.683701770000000124e+02 3.480789740000000165e+01 -1.004489610000000033e+00
2.619999999999999929e+01 1.114873059999999896e+03 2.684163800000000037e+02 3.481257509999999655e+01 -1.000063060000000004e+00
2.630000000000000071e+01 1.114773280000000113e+03 2.684625970000000166e+02 3.481723319999999688e+01 -9.956353119999999945e-01
2.639999999999999858e+01 1.114673929999999928e+03 2.685088269999999966e+02 3.482187170000000265e+01 -9.912063620000000075e-01
2.650000000000000000e+01 1.114575039999999944e+03 2.685550709999999981e+02 3.482649039999999729e+01 -9.867762180000000383e-01
2.660000000000000142e+01 1.114476580000000013e+03 2.686013280000000236e+02 3.483108940000000331e+01 -9.823448869999999999e-01
2.669999999999999929e+01 1.114378570000000082e+03 2.686475990000000138e+02 3.483566869999999938e+01 -9.779123730000000014e-01
2.680000000000000071e+01 1.114280999999999949e+03 2.686938819999999737e+02 3.484022819999999854e+01 -9.734786810000000123e-01
2.689999999999999858e+01 1.114183870000000070e+03 2.687401790000000119e+02 3.484476800000000196e+01 -9.690438160000000023e-01
2.700000000000000000e+01 1.114087189999999964e+03 2.687864890000000173e+02 3.484928790000000021e+01 -9.646077830000000519e-01
2.710000000000000142e+01 1.113990950000000112e+03 2.688328129999999874e+02 3.485378810000000271e+01 -9.601705860000000481e-01
2.719999999999999929e+01 1.113895150000000058e+03 2.688791489999999840e+02 3.485826840000000004e+01 -9.557322310000000432e-01
2.730000000000000071e+01 1.113799800000000005e+03 2.689254980000000046e+02 3.486272890000000046e+01 -9.512927230000000067e-01
2.739999999999999858e+01 1.113704899999999952e+03 2.689718599999999924e+02 3.486716959999999688e+01 -9.468520660000000477e-01
2.750000000000000000e+01 1.113610429999999951e+03 2.690182350000000042e+02 3.487159030000000115e+01 -9.424102659999999965e-01
2.760000000000000142e+01 1.113516409999999951e+03 2.690646229999999832e+02 3.487599120000000141e+01 -9.379673269999999619e-01
2.769999999999999929e+01 1.113422839999999951e+03 2.691110239999999862e+02 3.488037210000000243e+01 -9.335232549999999963e-01
2.780000000000000071e+01 1.113329709999999977e+03 2.691574370000000158e+02 3.488473309999999827e+01 -9.290780549999999582e-01
2.789999999999999858e+01 1.113237020000000030e+03 2.692038630000000126e+02 3.488907420000000315e+01 -9.246317309999999567e-01
2.800000000000000000e+01 1.113144780000000083e+03 2.692503019999999765e+02 3.489339530000000167e+01 -9.201842890000000441e-01
2.810000000000000142e+01 1.113052989999999909e+03 2.692967530000000238e+02 3.489769640000000095e+01 -9.157357329999999962e-01
2.819999999999999929e+01 1.112961630000000014e+03 2.693432169999999815e+02 3.490197760000000216e+01 -9.112860689999999764e-01
2.830000000000000071e+01 1.112870730000000094e+03 2.693896930000000225e+02 3.490623870000000295e+01 -9.068353009999999825e-01
2.839999999999999858e+01 1.112780269999999973e+03 2.694361809999999764e+02 3.491047970000000333e+01 -9.023834349999999560e-01
2.850000000000000000e+01 1.112690250000000106e+03 2.694826820000000112e+02 3.491470079999999854e+01 -8.979304759999999774e-01
2.860000000000000142e+01 1.112600680000000011e+03 2.695291950000000156e+02 3.491890169999999927e+01 -8.934764290000000164e-01
2.869999999999999929e+01 1.112511559999999918e+03 2.695757209999999873e+02 3.492308260000000075e+01 -8.890212979999999598e-01
2.880000000000000071e+01 1.112422880000000077e+03 2.696222579999999880e+02 3.492724330000000066e+01 -8.845650889999999711e-01
2.889999999999999858e+01 1.112334640000000036e+03 2.696688080000000127e+02 3.493138400000000132e+01 -8.801078070000000197e-01
2.900000000000000000e+01 1.112246859999999970e+03 2.697153700000000072e+02 3.493550450000000041e+01 -8.756494569999999644e-01
2.910000000000000142e+01 1.112159509999999955e+03 2.697619429999999738e+02 3.493960479999999791e+01 -8.711900439999999968e-01
2.919999999999999929e+01 1.112072619999999915e+03 2.698085290000000214e+02 3.494368500000000211e+01 -8.667295729999999754e-01
2.930000000000000071e+01 1.111986169999999902e+03 2.698551259999999843e+02 3.494774499999999762e+01 -8.622680489999999809e-01
2.939999999999999858e+01 1.111900159999999914e+03 2.699017360000000281e+02 3.495178479999999865e+01 -8.578054769999999829e-01
2.950000000000000000e+01 1.111814609999999902e+03 2.699483569999999872e+02 3.495580439999999811e+01 -8.533418630000000338e-01
2.960000000000000142e+01 1.111729499999999916e+03 2.699949899999999730e+02 3.495980380000000309e+01 -8.488772119999999921e-01
2.969999999999999929e+01 1.111644829999999956e+03 2.700416339999999877e+02 3.496378289999999822e+01 -8.444115279999999668e-01
2.980000000000000071e+01 1.111560609999999997e+03 2.700882899999999722e+02 3.496774169999999771e+01 -8.399448170000000102e-01
2.989999999999999858e+01 1.111476840000000038e+03 2.701349579999999833e+02 3.497168020000000155e+01 -8.354770830000000092e-01
3.000000000000000000e+01 1.111393520000000080e+03 2.701816370000000234e+02 3.497559849999999670e+01 -8.310083329999999879e-01
3.010000000000000142e+01 1.111310639999999921e+03 2.702283279999999763e+02 3.497949640000000215e+01 -8.265385710000000552e-01
3.019999999999999929e+01 1.111228209999999990e+03 2.702750300000000152e+02 3.498337399999999775e+01 -8.220678019999999586e-01
3.030000000000000071e+01 1.111146230000000060e+03 2.703217430000000263e+02 3.498723129999999770e+01 -8.175960310000000009e-01
3.039999999999999858e+01 1.111064689999999928e+03 2.703684670000000096e+02 3.499106820000000084e+01 -8.131232640000000123e-01
3.050000000000000000e+01 1.110983600000000024e+03 2.704152030000000195e+02 3.499488470000000007e+01 -8.086495059999999624e-01
3.060000000000000142e+01 1.110902959999999894e+03 2.704619500000000016e+02 3.499868080000000248e+01 -8.041747620000000429e-01
3.069999999999999929e+01 1.110822769999999991e+03 2.705087080000000128e+02 3.500245650000000097e+01 -7.996990360000000297e-01
3.080000000000000071e+01 1.110743019999999888e+03 2.705554769999999962e+02 3.500621180000000265e+01 -7.952223349999999469e-01
3.089999999999999858e+01 1.110663720000000012e+03 2.706022570000000087e+02 3.500994670000000042e+01 -7.907446639999999860e-01
3.100000000000000000e+01 1.110584869999999910e+03 2.706490479999999934e+02 3.501366110000000020e+01 -7.862660270000000340e-01
3.110000000000000142e+01 1.110506470000000036e+03 2.706958500000000072e+02 3.501735500000000201e+01 -7.817864300000000322e-01
3.119999999999999929e+01 1.110428519999999935e+03 2.707426629999999932e+02 3.502102849999999989e+01 -7.773058779999999501e-01
3.130000000000000071e+01 1.110351010000000088e+03 2.707894860000000108e+02 3.502468139999999863e+01 -7.728243759999999796e-01
3.139999999999999858e+01 1.110273950000000013e+03 2.708363200000000006e+02 3.502831379999999939e+01 -7.683419299999999508e-01
3.150000000000000000e+01 1.110197339999999940e+03 2.708831650000000195e+02 3.503192570000000217e+01 -7.638585439999999727e-01
3.160000000000000142e+01 1.110121180000000095e+03 2.709300200000000132e+02 3.503551709999999986e+01 -7.593742239999999866e-01
3.169999999999999929e+01 1.110045470000000023e+03 2.709768859999999790e+02 3.503908789999999840e+01 -7.548889749999999621e-01
3.180000000000000071e+01 1.109970199999999977e+03 2.710237619999999765e+02 3.504263809999999779e+01 -7.504028029999999516e-01
3.189999999999999858e+01 1.109895389999999907e+03 2.710706490000000031e+02 3.504616779999999920e+01 -7.459157119999999530e-01
3.200000000000000000e+01 1.109821020000000090e+03 2.711175460000000044e+02 3.504967680000000030e+01 -7.414277080000000186e-01
3.210000000000000142e+01 1.109747100000000046e+03 2.711644529999999804e+02 3.505316520000000224e+01 -7.369387960000000071e-01
3.220000000000000284e+01 1.109673630000000003e+03 2.712113709999999855e+02 3.505663299999999793e+01 -7.324489819999999707e-01
3.229999999999999716e+01 1.109600609999999961e+03 2.712582980000000248e+02 3.506008010000000041e+01 -7.279582700000000184e-01
3.239999999999999858e+01 1.109528039999999919e+03 2.713052359999999794e+02 3.506350659999999664e+01 -7.234666659999999805e-01
3.250000000000000000e+01 1.109455920000000106e+03 2.713521840000000225e+02 3.506691239999999965e+01 -7.189741750000000486e-01
3.260000000000000142e+01 1.109384240000000091e+03 2.713991419999999835e+02 3.507029760000000351e+01 -7.144808030000000532e-01
3.270000000000000284e+01 1.109313020000000051e+03 2.714461099999999760e+02 3.507366199999999878e+01 -7.099865539999999919e-01
3.279999999999999716e+01 1.109242250000000013e+03 2.714930870000000027e+02 3.507700570000000084e+01 -7.054914340000000283e-01
3.289999999999999858e+01 1.109171920000000000e+03 2.715400750000000016e+02 3.508032870000000258e+01 -7.009954489999999927e-01
3.300000000000000000e+01 1.109102049999999963e+03 2.715870719999999778e+02 3.508363090000000284e+01 -6.964986029999999939e-01
3.310000000000000142e+01 1.109032619999999952e+03 2.716340789999999856e+02 3.508691240000000278e+01 -6.920009019999999733e-01
3.320000000000000284e+01 1.108963649999999916e+03 2.716810950000000275e+02 3.509017310000000123e+01 -6.875023510000000115e-01
3.329999999999999716e+01 1.108895119999999906e+03 2.717281209999999874e+02 3.509341299999999819e+01 -6.830029560000000499e-01
3.339999999999999858e+01 1.108827050000000099e+03 2.717751569999999788e+02 3.509663210000000078e+01 -6.785027219999999470e-01
3.350000000000000000e+01 1.108759420000000091e+03 2.718222020000000043e+02 3.509983040000000187e+01 -6.740016530000000339e-01
3.360000000000000142e+01 1.108692250000000058e+03 2.718692570000000046e+02 3.510300790000000148e+01 -6.694997569999999731e-01
3.370000000000000284e+01 1.108625520000000051e+03 2.719163199999999847e+02 3.510616459999999961e+01 -6.649970370000000131e-01
3.379999999999999716e+01 1.108559250000000020e+03 2.719633939999999939e+02 3.510930040000000218e+01 -6.604934989999999839e-01
3.389999999999999858e+01 1.108493420000000015e+03 2.720104759999999828e+02 3.511241530000000211e+01 -6.559891490000000491e-01
3.400000000000000000e+01 1.108428049999999985e+03 2.720575670000000059e+02 3.511550940000000054e+01 -6.514839919999999562e-01
3.410000000000000142e+01 1.108363129999999956e+03 2.721046680000000038e+02 3.511858260000000342e+01 -6.469780330000000079e-01
3.420000000000000284e+01 1.108298649999999952e+03 2.721517779999999789e+02 3.512163489999999655e+01 -6.424712769999999518e-01
3.429999999999999716e+01 1.108234629999999925e+03 2.721988959999999906e+02 3.512466620000000006e+01 -6.379637299999999511e-01
3.439999999999999858e+01 1.108171059999999898e+03 2.722460239999999771e+02 3.512767670000000209e+01 -6.334553979999999473e-01
3.450000000000000000e+01 1.108107940000000099e+03 2.722931600000000003e+02 3.513066620000000029e+01 -6.289462860000000211e-01
3.460000000000000142e+01 1.108045270000000073e+03 2.723403059999999982e+02 3.513363480000000294e+01 -6.244363979999999481e-01
3.470000000000000284e+01 1.107983050000000048e+03 2.723874589999999785e+02 3.513658230000000060e+01 -6.199257409999999746e-01
3.479999999999999716e+01 1.107921289999999999e+03 2.724346219999999903e+02 3.513950899999999677e+01 -6.154143199999999592e-01
3.489999999999999858e+01 1.107859969999999976e+03 2.724817929999999819e+02 3.514241460000000217e+01 -6.109021399999999824e-01
3.500000000000000000e+01 1.107799109999999928e+03 2.725289730000000077e+02 3.514529919999999663e+01 -6.063892060000000139e-01
3.510000000000000142e+01 1.107738689999999906e+03 2.725761610000000132e+02 3.514816280000000148e+01 -6.018755249999999668e-01
3.520000000000000284e+01 1.107678730000000087e+03 2.726233579999999961e+02 3.515100540000000251e+01 -5.973611009999999499e-01
3.529999999999999716e+01 1.107619220000000041e+03 2.726705630000000156e+02 3.515382699999999971e+01 -5.928459400000000157e-01
3.539999999999999858e+01 1.107560159999999996e+03 2.727177770000000123e+02 3.515662749999999903e+01 -5.883300470000000226e-01
3.550000000000000000e+01 1.107501549999999952e+03 2.727649979999999914e+02 3.515940700000000163e+01 -5.838134280000000231e-01
3.560000000000000142e+01 1.107443400000000111e+03 2.728122280000000046e+02 3.516216539999999924e+01 -5.792960879999999868e-01
3.570000000000000284e+01 1.107385700000000043e+03 2.728594659999999976e+02 3.516490269999999896e+01 -5.747780329999999660e-01
3.579999999999999716e+01 1.107328440000000001e+03 2.729067120000000273e+02 3.516761890000000079e+01 -5.702592669999999586e-01
3.589999999999999858e+01 1.107271639999999934e+03 2.729539669999999774e+02 3.517031399999999763e+01 -5.657397969999999887e-01
3.600000000000000000e+01 1.107215300000000070e+03 2.730012290000000235e+02 3.517298799999999659e+01 -5.612196280000000259e-01
3.610000000000000142e+01 1.107159400000000005e+03 2.730484989999999925e+02 3.517564089999999766e+01 -5.566987650000000398e-01
3.620000000000000284e+01 1.107103959999999915e+03 2.730957760000000007e+02 3.517827259999999967e+01 -5.521772130000000001e-01
3.629999999999999716e+01 1.107048960000000079e+03 2.731430619999999863e+02 3.518088319999999669e+01 -5.476549790000000417e-01
3.639999999999999858e+01 1.106994419999999991e+03 2.731903550000000109e+02 3.518347260000000176e+01 -5.431320680000000234e-01
3.650000000000000000e+01 1.106940340000000106e+03 2.732376560000000154e+02 3.518604080000000067e+01 -5.386084850000000257e-01
3.660000000000000142e+01 1.106886700000000019e+03 2.732849640000000022e+02 3.518858790000000170e+01 -5.340842350000000183e-01
3.670000000000000284e+01 1.106833519999999908e+03 2.733322800000000257e+02 3.519111379999999656e+01 -5.295593240000000534e-01
3.679999999999999716e+01 1.106780790000000025e+03 2.733796039999999721e+02 3.519361849999999947e+01 -5.250337579999999615e-01
3.689999999999999858e+01 1.106728509999999915e+03 2.734269350000000145e+02 3.519610190000000216e+01 -5.205075420000000452e-01
3.700000000000000000e+01 1.106676690000000008e+03 2.734742729999999824e+02 3.519856419999999986e+01 -5.159806810000000521e-01
3.710000000000000142e+01 1.106625320000000102e+03 2.735216179999999895e+02 3.520100519999999733e+01 -5.114531810000000345e-01
3.720000000000000284e+01 1.106574399999999969e+03 2.735689709999999764e+02 3.520342500000000285e+01 -5.069250480000000447e-01
3.729999999999999716e+01 1.106523930000000064e+03 2.736163310000000024e+02 3.520582350000000105e+01 -5.023962859999999697e-01
3.739999999999999858e+01 1.106473919999999907e+03 2.736636980000000108e+02 3.520820069999999902e+01 -4.978669020000000001e-01
3.750000000000000000e+01 1.106424359999999979e+03 2.737110720000000015e+02 3.521055669999999793e+01 -4.933369009999999943e-01
3.760000000000000142e+01 1.106375250000000051e+03 2.737584519999999770e+02 3.521289139999999662e+01 -4.888062890000000049e-01
3.770000000000000284e+01 1.106326600000000099e+03 2.738058399999999892e+02 3.521520480000000219e+01 -4.842750699999999742e-01
3.779999999999999716e+01 1.106278399999999920e+03 2.738532349999999838e+02 3.521749690000000044e+01 -4.797432509999999817e-01
3.789999999999999858e+01 1.106230649999999969e+03 2.739006360000000200e+02 3.521976769999999846e+01 -4.752108369999999971e-01
3.800000000000000000e+01 1.106183350000000019e+03 2.739480439999999817e+02 3.522201720000000336e+01 -4.706778340000000171e-01
3.810000000000000142e+01 1.106136510000000044e+03 2.739954589999999826e+02 3.522424529999999976e+01 -4.661442459999999843e-01
3.820000000000000284e+01 1.106090130000000045e+03 2.740428800000000251e+02 3.522645210000000304e+01 -4.616100799999999782e-01
3.829999999999999716e+01 1.106044190000000071e+03 2.740903079999999932e+02 3.522863749999999783e+01 -4.570753410000000239e-01
3.839999999999999858e+01 1.105998710000000074e+03 2.741377430000000004e+02 3.523080159999999950e+01 -4.525400350000000071e-01
3.850000000000000000e+01 1.105953680000000077e+03 2.741851829999999950e+02 3.523294429999999977e+01 -4.480041670000000087e-01
3.860000000000000142e+01 1.105909110000000055e+03 2.742326299999999719e+02 3.523506569999999982e+01 -4.434677419999999981e-01
3.870000000000000284e+01 1.105864990000000034e+03 2.742800839999999880e+02 3.523716559999999731e+01 -4.389307669999999995e-01
3.879999999999999716e+01 1.105821320000000014e+03 2.743275429999999915e+02 3.523924420000000168e+01 -4.343932469999999824e-01
3.889999999999999858e+01 1.105778109999999970e+03 2.743750089999999773e+02 3.524130130000000349e+01 -4.298551870000000275e-01
3.900000000000000000e+01 1.105735349999999926e+03 2.744224810000000048e+02 3.524333709999999797e+01 -4.253165919999999933e-01
3.910000000000000142e+01 1.105693050000000085e+03 2.744699580000000196e+02 3.524535139999999700e+01 -4.207774699999999868e-01
3.920000000000000284e+01 1.105651200000000017e+03 2.745174420000000168e+02 3.524734430000000174e+01 -4.162378239999999785e-01
3.929999999999999716e+01 1.105609799999999950e+03 2.745649319999999989e+02 3.524931569999999681e+01 -4.116976609999999925e-01
3.939999999999999858e+01 1.105568860000000086e+03 2.746124270000000251e+02 3.525126569999999759e+01 -4.071569859999999985e-01
3.950000000000000000e+01 1.105528369999999995e+03 2.746599289999999769e+02 3.525319429999999699e+01 -4.026158049999999933e-01
3.960000000000000142e+01 1.105488329999999905e+03 2.747074359999999729e+02 3.525510140000000092e+01 -3.980741230000000019e-01
3.970000000000000284e+01 1.105448750000000018e+03 2.747549480000000131e+02 3.525698700000000230e+01 -3.935319460000000213e-01
3.979999999999999716e+01 1.105409630000000107e+03 2.748024659999999812e+02 3.525885120000000228e+01 -3.889892790000000211e-01
3.989999999999999858e+01 1.105370959999999968e+03 2.748499899999999911e+02 3.526069379999999853e+01 -3.844461290000000253e-01
4.000000000000000000e+01 1.105332740000000058e+03 2.748975189999999884e+02 3.526251500000000050e+01 -3.799024999999999763e-01
4.010000000000000142e+01 1.105294979999999896e+03 2.749450540000000274e+02 3.526431459999999873e+01 -3.753583979999999820e-01
4.020000000000000284e+01 1.105257669999999962e+03 2.749925939999999969e+02 3.526609280000000268e+01 -3.708138289999999837e-01
4.029999999999999716e+01 1.105220810000000029e+03 2.750401390000000106e+02 3.526784940000000290e+01 -3.662687980000000065e-01
4.039999999999999858e+01 1.105184410000000071e+03 2.750876890000000117e+02 3.526958450000000056e+01 -3.617233120000000191e-01
4.050000000000000000e+01 1.105148470000000088e+03 2.751352449999999976e+02 3.527129810000000276e+01 -3.571773750000000192e-01
4.060000000000000142e+01 1.105112980000000107e+03 2.751828049999999735e+02 3.527299020000000240e+01 -3.526309930000000037e-01
4.070000000000000284e+01 1.105077939999999899e+03 2.752303709999999910e+02 3.527466069999999831e+01 -3.480841720000000250e-01
4.079999999999999716e+01 1.105043359999999893e+03 2.752779419999999959e+02 3.527630959999999760e+01 -3.435369169999999972e-01
4.089999999999999858e+01 1.105009240000000091e+03 2.753255169999999907e+02 3.527793700000000143e+01 -3.389892349999999999e-01
4.100000000000000000e+01 1.104975560000000087e+03 2.753730969999999729e+02 3.527954280000000153e+01 -3.344411299999999754e-01
4.110000000000000142e+01 1.104942350000000033e+03 2.754206819999999993e+02 3.528112699999999791e+01 -3.298926079999999761e-01
4.120000000000000284e+01 1.104909589999999980e+03 2.754682720000000131e+02 3.528268969999999882e+01 -3.253436749999999988e-01
4.129999999999999716e+01 1.104877279999999928e+03 2.755158660000000168e+02 3.528423080000000311e+01 -3.207943369999999850e-01
4.139999999999999858e+01 1.104845430000000079e+03 2.755634650000000079e+02 3.528575029999999657e+01 -3.162445990000000151e-01
4.150000000000000000e+01 1.104814030000000002e+03 2.756110679999999888e+02 3.528724820000000051e+01 -3.116944660000000034e-01
4.160000000000000142e+01 1.104783089999999902e+03 2.756586760000000140e+02 3.528872439999999955e+01 -3.071439449999999738e-01
4.170000000000000284e+01 1.104752600000000029e+03 2.757062879999999723e+02 3.529017910000000313e+01 -3.025930410000000070e-01
4.179999999999999716e+01 1.104722569999999905e+03 2.757539049999999747e+02 3.529161220000000299e+01 -2.980417599999999889e-01
4.189999999999999858e+01 1.104692990000000009e+03 2.758015260000000239e+02 3.529302359999999794e+01 -2.934901059999999728e-01
4.200000000000000000e+01 1.104663870000000088e+03 2.758491500000000087e+02 3.529441340000000338e+01 -2.889380870000000101e-01
4.210000000000000142e+01 1.104635199999999941e+03 2.758967789999999809e+02 3.529578149999999681e+01 -2.843857069999999876e-01
4.220000000000000284e+01 1.104606989999999996e+03 2.759444119999999998e+02 3.529712800000000072e+01 -2.798329729999999849e-01
4.229999999999999716e+01 1.104579240000000027e+03 2.759920500000000061e+02 3.529845290000000091e+01 -2.752798889999999998e-01
4.239999999999999858e+01 1.104551940000000059e+03 2.760396910000000048e+02 3.529975610000000330e+01 -2.707264620000000011e-01
4.250000000000000000e+01 1.104525090000000091e+03 2.760873349999999959e+02 3.530103770000000196e+01 -2.661726959999999864e-01
4.260000000000000142e+01 1.104498700000000099e+03 2.761349839999999745e+02 3.530229760000000283e+01 -2.616185990000000072e-01
4.270000000000000284e+01 1.104472770000000082e+03 2.761826360000000022e+02 3.530353579999999880e+01 -2.570641750000000059e-01
4.279999999999999716e+01 1.104447290000000066e+03 2.762302920000000199e+02 3.530475229999999698e+01 -2.525094299999999792e-01
4.289999999999999858e+01 1.104422270000000026e+03 2.762779520000000275e+02 3.530594719999999853e+01 -2.479543700000000073e-01
4.300000000000000000e+01 1.104397699999999986e+03 2.763256150000000275e+02 3.530712040000000229e+01 -2.433990000000000042e-01
4.310000000000000142e+01 1.104373589999999922e+03 2.763732820000000174e+02 3.530827190000000115e+01 -2.388433259999999947e-01
4.320000000000000284e+01 1.104349930000000086e+03 2.764209519999999998e+02 3.530940170000000222e+01 -2.342873540000000032e-01
4.329999999999999716e+01 1.104326729999999998e+03 2.764686249999999745e+02 3.531050979999999839e+01 -2.297310899999999989e-01
4.339999999999999858e+01 1.104303979999999910e+03 2.765163019999999960e+02 3.531159619999999677e+01 -2.251745380000000074e-01
4.350000000000000000e+01 1.104281690000000026e+03 2.765639820000000100e+02 3.531266089999999735e+01 -2.206177059999999968e-01
4.360000000000000142e+01 1.104259859999999890e+03 2.766116650000000163e+02 3.531370379999999898e+01 -2.160605969999999931e-01
4.370000000000000284e+01 1.104238479999999981e+03 2.766593510000000151e+02 3.531472509999999687e+01 -2.115032189999999923e-01
4.379999999999999716e+01 1.104217560000000049e+03 2.767070400000000063e+02 3.531572460000000291e+01 -2.069455759999999922e-01
4.389999999999999858e+01 1.104197089999999889e+03 2.767547319999999900e+02 3.531670239999999694e+01 -2.023876749999999891e-01
4.400000000000000000e+01 1.104177079999999933e+03 2.768024270000000229e+02 3.531765850000000029e+01 -1.978295210000000082e-01
4.410000000000000142e+01 1.104157529999999952e+03 2.768501249999999914e+02 3.531859279999999757e+01 -1.932711199999999907e-01
4.420000000000000284e+01 1.104138429999999971e+03 2.768978250000000116e+02 3.531950539999999705e+01 -1.887124769999999896e-01
4.429999999999999716e+01 1.104119789999999966e+03 2.769455280000000243e+02 3.532039629999999875e+01 -1.841535980000000017e-01
4.439999999999999858e+01 1.104101599999999962e+03 2.769932339999999726e+02 3.532126540000000148e+01 -1.795944889999999960e-01
4.450000000000000000e+01 1.104083869999999933e+03 2.770409430000000270e+02 3.532211279999999931e+01 -1.750351549999999978e-01
4.460000000000000142e+01 1.104066589999999906e+03 2.770886530000000221e+02 3.532293839999999818e+01 -1.704756030000000033e-01
4.470000000000000284e+01 1.104049770000000080e+03 2.771363670000000070e+02 3.532374219999999809e+01 -1.659158380000000099e-01
4.479999999999999716e+01 1.104033410000000003e+03 2.771840829999999869e+02 3.532452430000000021e+01 -1.613558649999999872e-01
4.489999999999999858e+01 1.104017499999999927e+03 2.772318010000000186e+02 3.532528460000000337e+01 -1.567956899999999876e-01
4.500000000000000000e+01 1.104002050000000054e+03 2.772795209999999884e+02 3.532602320000000162e+01 -1.522353200000000073e-01
4.510000000000000142e+01 1.103987049999999954e+03 2.773272430000000099e+02 3.532674000000000092e+01 -1.476747579999999893e-01
4.520000000000000284e+01 1.103972510000000057e+03 2.773749680000000239e+02 3.532743500000000125e+01 -1.431140130000000121e-01
4.529999999999999716e+01 1.103958429999999908e+03 2.774226939999999786e+02 3.532810820000000263e+01 -1.385530879999999909e-01
4.539999999999999858e+01 1.103944799999999987e+03 2.774704229999999825e+02 3.532875969999999910e+01 -1.339919900000000053e-01
4.550000000000000000e+01 1.103931630000000041e+03 2.775181539999999814e+02 3.532938939999999661e+01 -1.294307239999999970e-01
4.560000000000000142e+01 1.103918920000000071e+03 2.775658859999999777e+02 3.532999730000000227e+01 -1.248692970000000041e-01
4.570000000000000284e+01 1.103906660000000102e+03 2.776136200000000258e+02 3.533058340000000186e+01 -1.203077129999999967e-01
4.579999999999999716e+01 1.103894860000000108e+03 2.776613560000000120e+02 3.533114770000000249e+01 -1.157459789999999988e-01
4.589999999999999858e+01 1.103883509999999887e+03 2.777090929999999958e+02 3.533169019999999705e+01 -1.111840999999999940e-01
4.600000000000000000e+01 1.103872620000000097e+03 2.777568319999999744e+02 3.533221089999999975e+01 -1.066220820000000069e-01
4.610000000000000142e+01 1.103862180000000080e+03 2.778045730000000049e+02 3.533270989999999756e+01 -1.020599299999999932e-01
4.620000000000000284e+01 1.103852210000000014e+03 2.778523149999999760e+02 3.533318700000000234e+01 -9.749765109999999901e-02
4.629999999999999716e+01 1.103842679999999973e+03 2.779000589999999988e+02 3.533364230000000106e+01 -9.293524990000000263e-02
4.639999999999999858e+01 1.103833620000000110e+03 2.779478030000000217e+02 3.533407590000000198e+01 -8.837273240000000085e-02
4.650000000000000000e+01 1.103825010000000020e+03 2.779955489999999827e+02 3.533448760000000277e+01 -8.381010429999999345e-02
4.660000000000000142e+01 1.103816859999999906e+03 2.780432969999999955e+02 3.533487749999999750e+01 -7.924737140000000235e-02
4.670000000000000284e+01 1.103809160000000020e+03 2.780910450000000083e+02 3.533524560000000037e+01 -7.468453930000000518e-02
4.679999999999999716e+01 1.103801920000000109e+03 2.781387950000000160e+02 3.533559189999999717e+01 -7.012161370000000171e-02
4.689999999999999858e+01 1.103795139999999947e+03 2.781865450000000237e+02 3.533591640000000211e+01 -6.555860040000000000e-02
4.700000000000000000e+01 1.103788810000000012e+03 2.782342959999999721e+02 3.533621910000000099e+01 -6.099550499999999847e-02
4.710000000000000142e+01 1.103782940000000053e+03 2.782820489999999722e+02 3.533650000000000091e+01 -5.643233329999999826e-02
4.720000000000000284e+01 1.103777520000000095e+03 2.783298019999999724e+02 3.533675900000000070e+01 -5.186909099999999911e-02
4.729999999999999716e+01 1.103772560000000112e+03 2.783775560000000269e+02 3.533699620000000152e+01 -4.730578369999999949e-02
4.739999999999999858e+01 1.103768060000000105e+03 2.784253100000000245e+02 3.533721169999999745e+01 -4.274241730000000183e-02
4.750000000000000000e+01 1.103764010000000098e+03 2.784730650000000196e+02 3.533740530000000035e+01 -3.817899730000000325e-02
4.760000000000000142e+01 1.103760430000000042e+03 2.785208210000000122e+02 3.533757700000000312e+01 -3.361552949999999790e-02
4.770000000000000284e+01 1.103757290000000012e+03 2.785685770000000048e+02 3.533772700000000100e+01 -2.905201970000000078e-02
4.779999999999999716e+01 1.103754609999999957e+03 2.786163339999999948e+02 3.533785509999999874e+01 -2.448847349999999992e-02
4.789999999999999858e+01 1.103752390000000105e+03 2.786640909999999849e+02 3.533796149999999869e+01 -1.992489669999999991e-02
4.800000000000000000e+01 1.103750630000000001e+03 2.787118479999999749e+02 3.533804599999999851e+01 -1.536129489999999917e-02
4.810000000000000142e+01 1.103749319999999898e+03 2.787596050000000218e+02 3.533810859999999821e+01 -1.079767390000000056e-02
4.820000000000000284e+01 1.103748469999999998e+03 2.788073630000000094e+02 3.533814950000000010e+01 -6.234039329999999796e-03
4.829999999999999716e+01 1.103748080000000073e+03 2.788551199999999994e+02 3.533816850000000187e+01 -1.670396989999999937e-03
4.839999999999999858e+01 1.103748139999999921e+03 2.789028779999999870e+02 3.533816579999999874e+01 2.893247450000000203e-03
4.850000000000000000e+01 1.103748649999999998e+03 2.789506359999999745e+02 3.533814110000000142e+01 7.456888269999999846e-03
4.860000000000000142e+01 1.103749630000000025e+03 2.789983930000000214e+02 3.533809469999999919e+01 1.202051980000000062e-02
4.870000000000000284e+01 1.103751060000000052e+03 2.790461510000000089e+02 3.533802649999999801e+01 1.658413619999999852e-02
4.879999999999999716e+01 1.103752940000000081e+03 2.790939079999999990e+02 3.533793639999999669e+01 2.114773190000000108e-02
4.889999999999999858e+01 1.103755290000000059e+03 2.791416649999999890e+02 3.533782450000000352e+01 2.571130110000000024e-02
4.900000000000000000e+01 1.103758090000000038e+03 2.791894209999999816e+02 3.533769079999999718e+01 3.027483820000000103e-02
4.910000000000000142e+01 1.103761340000000018e+03 2.792371769999999742e+02 3.533753519999999781e+01 3.483833740000000234e-02
4.920000000000000284e+01 1.103765049999999974e+03 2.792849330000000236e+02 3.533735790000000065e+01 3.940179290000000306e-02
4.929999999999999716e+01 1.103769219999999905e+03 2.793326880000000187e+02 3.533715870000000336e+01 4.396519919999999915e-02
4.939999999999999858e+01 1.103773850000000039e+03 2.793804420000000164e+02 3.533693770000000001e+01 4.852855040000000203e-02
4.950000000000000000e+01 1.103778929999999946e+03 2.794281950000000165e+02 3.533669489999999769e+01 5.309184089999999939e-02
4.960000000000000142e+01 1.103784470000000056e+03 2.794759480000000167e+02 3.533643030000000351e+01 5.765506499999999840e-02
4.970000000000000284e+01 1.103790459999999939e+03 2.795237000000000194e+02 3.533614390000000327e+01 6.221821689999999794e-02
4.979999999999999716e+01 1.103796910000000025e+03 2.795714520000000221e+02 3.533583560000000290e+01 6.678129100000000651e-02
4.989999999999999858e+01 1.103803820000000087e+03 2.796192019999999729e+02 3.533550549999999646e+01 7.134428140000000085e-02
5.000000000000000000e+01 1.103811179999999922e+03 2.796669509999999832e+02 3.533515369999999933e+01 7.590718259999999773e-02
5.010000000000000142e+01 1.103818999999999960e+03 2.797146989999999960e+02 3.533478000000000208e+01 8.046998889999999738e-02
5.020000000000000284e+01 1.103827269999999999e+03 2.797624460000000113e+02 3.533438449999999875e+01 8.503269439999999735e-02
5.029999999999999716e+01 1.103836000000000013e+03 2.798101919999999723e+02 3.533396719999999647e+01 8.959529350000000614e-02
5.039999999999999858e+01 1.103845190000000002e+03 2.798579359999999951e+02 3.533352810000000233e+01 9.415778060000000449e-02
5.050000000000000000e+01 1.103854839999999967e+03 2.799056790000000206e+02 3.533306720000000212e+01 9.872014980000000384e-02
5.060000000000000142e+01 1.103864939999999933e+03 2.799534209999999916e+02 3.533258450000000295e+01 1.032823959999999985e-01
5.070000000000000284e+01 1.103875489999999900e+03 2.800011610000000246e+02 3.533207999999999771e+01 1.078445120000000035e-01
5.079999999999999716e+01 1.103886500000000069e+03 2.800489000000000033e+02 3.533155370000000062e+01 1.124064939999999957e-01
5.089999999999999858e+01 1.103897969999999987e+03 2.800966369999999870e+02 3.533100559999999746e+01 1.169683350000000066e-01
5.100000000000000000e+01 1.103909900000000107e+03 2.801443719999999757e+02 3.533043570000000244e+01 1.215300289999999978e-01
5.110000000000000142e+01 1.103922280000000001e+03 2.801921060000000239e+02 3.532984410000000253e+01 1.260915720000000129e-01
5.120000000000000284e+01 1.103935120000000097e+03 2.802398380000000202e+02 3.532923060000000248e+01 1.306529569999999862e-01
5.129999999999999716e+01 1.103948409999999967e+03 2.802875680000000216e+02 3.532859539999999754e+01 1.352141779999999904e-01
5.139999999999999858e+01 1.103962160000000040e+03 2.803352960000000280e+02 3.532793829999999957e+01 1.397752309999999998e-01
5.150000000000000000e+01 1.103976360000000113e+03 2.803830219999999827e+02 3.532725949999999671e+01 1.443361079999999907e-01
5.160000000000000142e+01 1.103991029999999910e+03 2.804307459999999992e+02 3.532655900000000315e+01 1.488968049999999932e-01
5.170000000000000284e+01 1.104006139999999959e+03 2.804784680000000208e+02 3.532583660000000236e+01 1.534573160000000103e-01
5.179999999999999716e+01 1.104021719999999959e+03 2.805261879999999906e+02 3.532509249999999668e+01 1.580176349999999896e-01
5.189999999999999858e+01 1.104037749999999960e+03 2.805739050000000248e+02 3.532432659999999913e+01 1.625777559999999899e-01
5.200000000000000000e+01 1.104054229999999961e+03 2.806216200000000072e+02 3.532353899999999669e+01 1.671376750000000133e-01
5.210000000000000142e+01 1.104071179999999913e+03 2.806693329999999946e+02 3.532272960000000239e+01 1.716973840000000084e-01
5.220000000000000284e+01 1.104088569999999891e+03 2.807170429999999897e+02 3.532189840000000203e+01 1.762568780000000057e-01
5.229999999999999716e+01 1.104106430000000046e+03 2.807647509999999897e+02 3.532104549999999676e+01 1.808161520000000078e-01
5.239999999999999858e+01 1.104124739999999974e+03 2.808124559999999974e+02 3.532017079999999964e+01 1.853751999999999900e-01
5.250000000000000000e+01 1.104143499999999904e+03 2.808601590000000101e+02 3.531927439999999763e+01 1.899340170000000105e-01
5.260000000000000142e+01 1.104162720000000036e+03 2.809078579999999761e+02 3.531835629999999782e+01 1.944925959999999898e-01
5.270000000000000284e+01 1.104182399999999916e+03 2.809555550000000039e+02 3.531741639999999904e+01 1.990509320000000137e-01
5.279999999999999716e+01 1.104202530000000024e+03 2.810032499999999800e+02 3.531645470000000131e+01 2.036090190000000022e-01
5.289999999999999858e+01 1.104223120000000108e+03 2.810509410000000230e+02 3.531547139999999985e+01 2.081668520000000133e-01
5.300000000000000000e+01 1.104244169999999940e+03 2.810986290000000167e+02 3.531446629999999942e+01 2.127244249999999948e-01
5.310000000000000142e+01 1.104265670000000000e+03 2.811463150000000155e+02 3.531343950000000120e+01 2.172817320000000052e-01
5.320000000000000284e+01 1.104287620000000061e+03 2.811939970000000244e+02 3.531239099999999809e+01 2.218387669999999923e-01
5.329999999999999716e+01 1.104310030000000097e+03 2.812416759999999840e+02 3.531132079999999718e+01 2.263955249999999864e-01
5.339999999999999858e+01 1.104332900000000109e+03 2.812893520000000080e+02 3.531022879999999731e+01 2.309520009999999901e-01
5.350000000000000000e+01 1.104356219999999894e+03 2.813370239999999853e+02 3.530911520000000081e+01 2.355081880000000072e-01
5.360000000000000142e+01 1.104380000000000109e+03 2.813846930000000270e+02 3.530797989999999942e+01 2.400640810000000125e-01
5.370000000000000284e+01 1.104404240000000073e+03 2.814323590000000195e+02 3.530682279999999906e+01 2.446196740000000092e-01
5.379999999999999716e+01 1.104428930000000037e+03 2.814800210000000220e+02 3.530564410000000208e+01 2.491749619999999998e-01
5.389999999999999858e+01 1.104454070000000002e+03 2.815276799999999753e+02 3.530444370000000021e+01 2.537299390000000154e-01
5.400000000000000000e+01 1.104479669999999942e+03 2.815753349999999955e+02 3.530322160000000054e+01 2.582845990000000036e-01
5.410000000000000142e+01 1.104505730000000085e+03 2.816229860000000258e+02 3.530197789999999713e+01 2.628389360000000230e-01
5.420000000000000284e+01 1.104532240000000002e+03 2.816706340000000068e+02 3.530071240000000188e+01 2.673929449999999930e-01
5.429999999999999716e+01 1.104559209999999894e+03 2.817182779999999980e+02 3.529942530000000289e+01 2.719466209999999995e-01
5.439999999999999858e+01 1.104586630000000014e+03 2.817659179999999992e+02 3.529811660000000018e+01 2.764999570000000184e-01
5.450000000000000000e+01 1.104614510000000109e+03 2.818135540000000105e+02 3.529678619999999967e+01 2.810529489999999964e-01
5.460000000000000142e+01 1.104642839999999978e+03 2.818611859999999751e+02 3.529543420000000253e+01 2.856055889999999930e-01
5.470000000000000284e+01 1.104671630000000050e+03 2.819088140000000067e+02 3.529406050000000050e+01 2.901578730000000106e-01
5.479999999999999716e+01 1.104700869999999895e+03 2.819564369999999940e+02 3.529266520000000185e+01 2.947097960000000239e-01
5.489999999999999858e+01 1.104730569999999943e+03 2.820040569999999889e+02 3.529124819999999829e+01 2.992613499999999815e-01
5.500000000000000000e+01 1.104760719999999992e+03 2.820516719999999964e+02 3.528980959999999811e+01 3.038125320000000240e-01
5.510000000000000142e+01 1.104791330000000016e+03 2.820992830000000140e+02 3.528834950000000248e+01 3.083633339999999889e-01
5.520000000000000284e+01 1.104822400000000016e+03 2.821468899999999849e+02 3.528686770000000195e+01 3.129137519999999895e-01
5.529999999999999716e+01 1.104853920000000016e+03 2.821944920000000252e+02 3.528536429999999768e+01 3.174637799999999732e-01
5.539999999999999858e+01 1.104885890000000018e+03 2.822420900000000188e+02 3.528383929999999680e+01 3.220134119999999989e-01
5.550000000000000000e+01 1.104918319999999994e+03 2.822896830000000250e+02 3.528229269999999929e+01 3.265626429999999858e-01
5.560000000000000142e+01 1.104951199999999972e+03 2.823372709999999870e+02 3.528072449999999805e+01 3.311114669999999927e-01
5.570000000000000284e+01 1.104984539999999924e+03 2.823848550000000159e+02 3.527913470000000018e+01 3.356598780000000226e-01
5.579999999999999716e+01 1.105018330000000105e+03 2.824324340000000007e+02 3.527752339999999975e+01 3.402078709999999950e-01
5.589999999999999858e+01 1.105052580000000034e+03 2.824800079999999980e+02 3.527589050000000270e+01 3.447554400000000241e-01
5.600000000000000000e+01 1.105087289999999939e+03 2.825275780000000054e+02 3.527423610000000309e+01 3.493025790000000019e-01
5.610000000000000142e+01 1.105122440000000097e+03 2.825751420000000280e+02 3.527256009999999975e+01 3.538492839999999862e-01
5.620000000000000284e+01 1.105158059999999978e+03 2.826227010000000064e+02 3.527086249999999978e+01 3.583955480000000082e-01
5.629999999999999716e+01 1.105194120000000112e+03 2.826702549999999974e+02 3.526914339999999726e+01 3.629413650000000158e-01
