1466.1      1128.67071      263.381815      34.1779357     -1.48300003               0
1466.2      1128.52262       263.42623      34.1846493     -1.47873394               0
1466.3      1128.37496      263.470665      34.1913456     -1.47446615               0
1466.4      1128.22773      263.515117      34.1980246     -1.47019668               0
1466.5      1128.08092      263.559589      34.2046863     -1.46592552               0
1466.6      1127.93454      263.604079      34.2113306     -1.46165267               0
1466.7      1127.78859      263.648587      34.2179576     -1.45737815               0
1466.8      1127.64307      263.693114      34.2245672     -1.45310196               0
1466.9      1127.49797       263.73766      34.2311594     -1.44882409               0
  1467       1127.3533      263.782224      34.2377341     -1.44454456               0
1467.1      1127.20906      263.826806      34.2442914     -1.44026337               0
1467.2      1127.06525      263.871407      34.2508312     -1.43598052               0
1467.3      1126.92187      263.916026      34.2573535     -1.43169602               0
1467.4      1126.77891      263.960663      34.2638582     -1.42740986               0
1467.5      1126.63638      264.005318      34.2703454     -1.42312206               0
1467.6      1126.49429      264.049992      34.2768151     -1.41883263               0
1467.7      1126.35262      264.094684      34.2832671     -1.41454155               0
1467.8      1126.21138      264.139394      34.2897014     -1.41024884               0
1467.9      1126.07057      264.184121      34.2961182      -1.4059545               0
  1468      1125.93019      264.228867      34.3025172     -1.40165854               0
1468.1      1125.79024      264.273631      34.3088986     -1.39736096               0
1468.2      1125.65071      264.318413      34.3152622     -1.39306176               0
1468.3      1125.51162      264.363212       34.321608     -1.38876095               0
1468.4      1125.37296      264.408029      34.3279361     -1.38445853               0
1468.5      1125.23473      264.452865      34.3342464      -1.3801545               0
1468.6      1125.09693      264.497718      34.3405389     -1.37584888               0
1468.7      1124.95956      264.542588      34.3468136     -1.37154166               0
1468.8      1124.82262      264.587476      34.3530703     -1.36723285               0
1468.9      1124.68611      264.632382      34.3593092     -1.36292246               0
  1469      1124.55004      264.677306      34.3655302     -1.35861048               0
1469.1      1124.41439      264.722247      34.3717332     -1.35429692               0
1469.2      1124.27918      264.767205      34.3779183     -1.34998179               0
1469.3       1124.1444      264.812181      34.3840854     -1.34566509               0
1469.4      1124.01005      264.857174      34.3902345     -1.34134682               0
1469.5      1123.87613      264.902185      34.3963656     -1.33702699               0
1469.6      1123.74264      264.947212      34.4024786     -1.33270561               0
1469.7      1123.60959      264.992257      34.4085735     -1.32838267               0
1469.8      1123.47696       265.03732      34.4146504     -1.32405818               0
1469.9      1123.34477      265.082399      34.4207091     -1.31973215               0
  1470      1123.21302      265.127496      34.4267496     -1.31540458               0
1470.1      1123.08169       265.17261      34.4327721     -1.31107548               0
1470.2       1122.9508       265.21774      34.4387763     -1.30674484               0
1470.3      1122.82034      265.262888      34.4447623     -1.30241268               0
1470.4      1122.69032      265.308053      34.4507301     -1.29807899               0
1470.5      1122.56073      265.353234      34.4566796     -1.29374379               0
1470.6      1122.43157      265.398432      34.4626108     -1.28940707               0
1470.7      1122.30285      265.443648      34.4685238     -1.28506884               0
1470.8      1122.17456       265.48888      34.4744184     -1.28072911               0
1470.9       1122.0467      265.534128      34.4802946     -1.27638788               0
  1471      1121.91928      265.579393      34.4861525     -1.27204515               0
1471.1      1121.79229      265.624675       34.491992     -1.26770093               0
1471.2      1121.66574      265.669974      34.4978131     -1.26335522               0
1471.3      1121.53962      265.715289      34.5036158     -1.25900803               0
1471.4      1121.41394       265.76062         34.5094     -1.25465936               0
1471.5      1121.28869      265.805968      34.5151657     -1.25030922               0
1471.6      1121.16388      265.851332      34.5209129      -1.2459576               0
1471.7       1121.0395      265.896713      34.5266416     -1.24160453               0
1471.8      1120.91556       265.94211      34.5323518     -1.23724999               0
1471.9      1120.79205      265.987523      34.5380433     -1.23289399               0
  1472      1120.66898      266.032952      34.5437163     -1.22853655               0
1472.1      1120.54634      266.078398      34.5493707     -1.22417766               0
1472.2      1120.42414      266.123859      34.5550065     -1.21981732               0
1472.3      1120.30238      266.169337      34.5606236     -1.21545555               0
1472.4      1120.18105      266.214831       34.566222     -1.21109234               0
1472.5      1120.06016       266.26034      34.5718017      -1.2067277               0
1472.6       1119.9397      266.305866      34.5773627     -1.20236164               0
1472.7      1119.81969      266.351407       34.582905     -1.19799416               0
1472.8      1119.70011      266.396964      34.5884285     -1.19362526               0
1472.9      1119.58096      266.442537      34.5939332     -1.18925496               0
  1473      1119.46225      266.488126      34.5994191     -1.18488324               0
1473.1      1119.34398       266.53373      34.6048862     -1.18051013               0
1473.2      1119.22615       266.57935      34.6103344     -1.17613562               0
1473.3      1119.10876      266.624986      34.6157638     -1.17175971               0
1473.4       1118.9918      266.670637      34.6211743     -1.16738242               0
1473.5      1118.87528      266.716303      34.6265659     -1.16300374               0
1473.6       1118.7592      266.761985      34.6319385     -1.15862369               0
1473.7      1118.64356      266.807682      34.6372922     -1.15424226               0
1473.8      1118.52835      266.853395       34.642627     -1.14985946               0
1473.9      1118.41358      266.899123      34.6479427      -1.1454753               0
  1474      1118.29926      266.944866      34.6532394     -1.14108977               0
1474.1      1118.18537      266.990624      34.6585171      -1.1367029               0
1474.2      1118.07192      267.036398      34.6637757     -1.13231467               0
1474.3       1117.9589      267.082186      34.6690153     -1.12792509               0
1474.4      1117.84633      267.127989      34.6742358     -1.12353417               0
1474.5       1117.7342      267.173808      34.6794371     -1.11914192               0
1474.6       1117.6225      267.219641      34.6846193     -1.11474833               0
1474.7      1117.51125       267.26549      34.6897824     -1.11035342               0
1474.8      1117.40043      267.311353      34.6949262     -1.10595718               0
1474.9      1117.29006       267.35723      34.7000509     -1.10155963               0
  1475      1117.18012      267.403123      34.7051564     -1.09716076               0
1475.1      1117.07062       267.44903      34.7102426     -1.09276058               0
1475.2      1116.96157      267.494952      34.7153096      -1.0883591               0
1475.3      1116.85295      267.540889      34.7203573     -1.08395632               0
1475.4      1116.74478       267.58684      34.7253857     -1.07955225               0
1475.5      1116.63704      267.632805      34.7303948     -1.07514689               0
1475.6      1116.52975      267.678785      34.7353845     -1.07074024               0
1475.7      1116.42289      267.724779      34.7403549     -1.06633231               0
1475.8      1116.31648      267.770787       34.745306     -1.06192311               0
1475.9      1116.21051       267.81681      34.7502376     -1.05751264               0
  1476      1116.10498      267.862847      34.7551498      -1.0531009               0
1476.1      1115.99989      267.908898      34.7600426      -1.0486879               0
1476.2      1115.89524      267.954963      34.7649159     -1.04427364               0
1476.3      1115.79103      268.001043      34.7697698     -1.03985813               0
1476.4      1115.68727      268.047136      34.7746041     -1.03544138               0
1476.5      1115.58395      268.093243       34.779419     -1.03102339               0
1476.6      1115.48106      268.139364      34.7842143     -1.02660415               0
1476.7      1115.37862      268.185499      34.7889901     -1.02218369               0
1476.8      1115.27663      268.231648      34.7937463       -1.017762               0
1476.9      1115.17507      268.277811       34.798483     -1.01333909               0
  1477      1115.07396      268.323987         34.8032     -1.00891496               0
1477.1      1114.97329      268.370177      34.8078974     -1.00448961               0
1477.2      1114.87306       268.41638      34.8125751     -1.00006306               0
1477.3      1114.77328      268.462597      34.8172332    -0.995635312               0
1477.4      1114.67393      268.508827      34.8218717    -0.991206362               0
1477.5      1114.57504      268.555071      34.8264904    -0.986776218               0
1477.6      1114.47658      268.601328      34.8310894    -0.982344887               0
1477.7      1114.37857      268.647599      34.8356687    -0.977912373               0
1477.8        1114.281      268.693882      34.8402282    -0.973478681               0
1477.9      1114.18387      268.740179       34.844768    -0.969043816               0
  1478      1114.08719      268.786489      34.8492879    -0.964607783               0
1478.1      1113.99095      268.832813      34.8537881    -0.960170586               0
1478.2      1113.89515      268.879149      34.8582684    -0.955732231               0
1478.3       1113.7998      268.925498      34.8627289    -0.951292723               0
1478.4       1113.7049       268.97186      34.8671696    -0.946852066               0
1478.5      1113.61043      269.018235      34.8715903    -0.942410266               0
1478.6      1113.51641      269.064623      34.8759912    -0.937967327               0
1478.7      1113.42284      269.111024      34.8803721    -0.933523255               0
1478.8      1113.32971      269.157437      34.8847331    -0.929078055               0
1478.9      1113.23702      269.203863      34.8890742    -0.924631731               0
  1479      1113.14478      269.250302      34.8933953    -0.920184289               0
1479.1      1113.05299      269.296753      34.8976964    -0.915735733               0
1479.2      1112.96163      269.343217      34.9019776    -0.911286069               0
1479.3      1112.87073      269.389693      34.9062387    -0.906835301               0
1479.4      1112.78027      269.436181      34.9104797    -0.902383435               0
1479.5      1112.69025      269.482682      34.9147008    -0.897930476               0
1479.6      1112.60068      269.529195      34.9189017    -0.893476429               0
1479.7      1112.51156      269.575721      34.9230826    -0.889021298               0
1479.8      1112.42288      269.622258      34.9272433    -0.884565089               0
1479.9      1112.33464      269.668808       34.931384    -0.880107807               0
  1480      1112.24686       269.71537      34.9355045    -0.875649457               0
1480.1      1112.15951      269.761943      34.9396048    -0.871190044               0
1480.2      1112.07262      269.808529       34.943685    -0.866729573               0
1480.3      1111.98617      269.855126       34.947745    -0.862268049               0
1480.4      1111.90016      269.901736      34.9517848    -0.857805477               0
1480.5      1111.81461      269.948357      34.9558044    -0.853341863               0
1480.6       1111.7295       269.99499      34.9598038    -0.848877212               0
1480.7      1111.64483      270.041634      34.9637829    -0.844411528               0
1480.8      1111.56061       270.08829      34.9677417    -0.839944817               0
1480.9      1111.47684      270.134958      34.9716802    -0.835477083               0
  1481      1111.39352      270.181637      34.9755985    -0.831008333               0
1481.1      1111.31064      270.228328      34.9794964    -0.826538571               0
1481.2      1111.22821       270.27503       34.983374    -0.822067802               0
1481.3      1111.14623      270.321743      34.9872313    -0.817596031               0
1481.4      1111.06469      270.368467      34.9910682    -0.813123264               0
1481.5       1110.9836      270.415203      34.9948847    -0.808649506               0
1481.6      1110.90296       270.46195      34.9986808    -0.804174762               0
1481.7      1110.82277      270.508708      35.0024565    -0.799699036               0
1481.8      1110.74302      270.555477      35.0062118    -0.795222335               0
1481.9      1110.66372      270.602257      35.0099467    -0.790744664               0
  1482      1110.58487      270.649048      35.0136611    -0.786266027               0
1482.1      1110.50647       270.69585       35.017355     -0.78178643               0
1482.2      1110.42852      270.742663      35.0210285    -0.777305878               0
1482.3      1110.35101      270.789486      35.0246814    -0.772824376               0
1482.4      1110.27395       270.83632      35.0283138     -0.76834193               0
1482.5      1110.19734      270.883165      35.0319257    -0.763858544               0
1482.6      1110.12118       270.93002      35.0355171    -0.759374224               0
1482.7      1110.04547      270.976886      35.0390879    -0.754888975               0
1482.8       1109.9702      271.023762      35.0426381    -0.750402803               0
1482.9      1109.89539      271.070649      35.0461678    -0.745915712               0
  1483      1109.82102      271.117546      35.0496768    -0.741427708               0
1483.1       1109.7471      271.164453      35.0531652    -0.736938796               0
1483.2      1109.67363      271.211371       35.056633    -0.732448982               0
1483.3      1109.60061      271.258298      35.0600801     -0.72795827               0
1483.4      1109.52804      271.305236      35.0635066    -0.723466666               0
1483.5      1109.45592      271.352184      35.0669124    -0.718974175               0
1483.6      1109.38424      271.399142      35.0702976    -0.714480803               0
1483.7      1109.31302       271.44611       35.073662    -0.709986554               0
1483.8      1109.24225      271.493087      35.0770057    -0.705491434               0
1483.9      1109.17192      271.540075      35.0803287    -0.700995449               0
  1484      1109.10205      271.587072      35.0836309    -0.696498603               0
1484.1      1109.03262      271.634079      35.0869124    -0.692000902               0
1484.2      1108.96365      271.681095      35.0901731    -0.687502351               0
1484.3      1108.89512      271.728121       35.093413    -0.683002956               0
1484.4      1108.82705      271.775157      35.0966321    -0.678502722               0
1484.5      1108.75942      271.822202      35.0998304    -0.674001653               0
1484.6      1108.69225      271.869257      35.1030079    -0.669499757               0
1484.7      1108.62552       271.91632      35.1061646    -0.664997037               0
1484.8      1108.55925      271.963394      35.1093004    -0.660493499               0
1484.9      1108.49342      272.010476      35.1124153    -0.655989149               0
  1485      1108.42805      272.057567      35.1155094    -0.651483992               0
1485.1      1108.36313      272.104668      35.1185826    -0.646978033               0
1485.2      1108.29865      272.151778      35.1216349    -0.642471277               0
1485.3      1108.23463      272.198896      35.1246662     -0.63796373               0
1485.4      1108.17106      272.246024      35.1276767    -0.633455398               0
1485.5      1108.10794       272.29316      35.1306662    -0.628946286               0
1485.6      1108.04527      272.340306      35.1336348    -0.624436398               0
1485.7      1107.98305      272.387459      35.1365823    -0.619925741               0
1485.8      1107.92129      272.434622       35.139509     -0.61541432               0
1485.9      1107.85997      272.481793      35.1424146     -0.61090214               0
  1486      1107.79911      272.528973      35.1452992    -0.606389206               0
1486.1      1107.73869      272.576161      35.1481628    -0.601875525               0
1486.2      1107.67873      272.623358      35.1510054    -0.597361101               0
1486.3      1107.61922      272.670563       35.153827     -0.59284594               0
1486.4      1107.56016      272.717777      35.1566275    -0.588330047               0
1486.5      1107.50155      272.764998       35.159407    -0.583813428               0
1486.6       1107.4434      272.812228      35.1621654    -0.579296088               0
1486.7       1107.3857      272.859466      35.1649027    -0.574778033               0
1486.8      1107.32844      272.906712      35.1676189    -0.570259267               0
1486.9      1107.27164      272.953967       35.170314    -0.565739797               0
  1487       1107.2153      273.001229       35.172988    -0.561219628               0
1487.1       1107.1594      273.048499      35.1756409    -0.556698765               0
1487.2      1107.10396      273.095776      35.1782726    -0.552177213               0
1487.3      1107.04896      273.143062      35.1808832    -0.547654979               0
1487.4      1106.99442      273.190355      35.1834726    -0.543132068               0
1487.5      1106.94034      273.237656      35.1860408    -0.538608485               0
1487.6       1106.8867      273.284964      35.1885879    -0.534084235               0
1487.7      1106.83352       273.33228      35.1911138    -0.529559324               0
1487.8      1106.78079      273.379604      35.1936185    -0.525033758               0
1487.9      1106.72851      273.426935      35.1961019    -0.520507542               0
  1488      1106.67669      273.474273      35.1985642    -0.515980681               0
1488.1      1106.62532      273.521618      35.2010052    -0.511453181               0
1488.2       1106.5744      273.568971       35.203425    -0.506925048               0
1488.3      1106.52393      273.616331      35.2058235    -0.502396286               0
1488.4      1106.47392      273.663698      35.2082007    -0.497866902               0
1488.5      1106.42436      273.711072      35.2105567    -0.493336901               0
1488.6      1106.37525      273.758452      35.2128914    -0.488806289               0
1488.7       1106.3266       273.80584      35.2152048     -0.48427507               0
1488.8       1106.2784      273.853235      35.2174969    -0.479743251               0
1488.9      1106.23065      273.900636      35.2197677    -0.475210837               0
  1489      1106.18335      273.948044      35.2220172    -0.470677834               0
1489.1      1106.13651      273.995459      35.2242453    -0.466144246               0
1489.2      1106.09013       274.04288      35.2264521     -0.46161008               0
1489.3      1106.04419      274.090308      35.2286375    -0.457075341               0
1489.4      1105.99871      274.137743      35.2308016    -0.452540035               0
1489.5      1105.95368      274.185183      35.2329443    -0.448004167               0
1489.6      1105.90911       274.23263      35.2350657    -0.443467742               0
1489.7      1105.86499      274.280084      35.2371656    -0.438930767               0
1489.8      1105.82132      274.327543      35.2392442    -0.434393247               0
1489.9      1105.77811      274.375009      35.2413013    -0.429855187               0
  1490      1105.73535      274.422481      35.2433371    -0.425316592               0
1490.1      1105.69305      274.469958      35.2453514     -0.42077747               0
1490.2       1105.6512      274.517442      35.2473443    -0.416237824               0
1490.3       1105.6098      274.564932      35.2493157    -0.411697661               0
1490.4      1105.56886      274.612427      35.2512657    -0.407156986               0
1490.5      1105.52837      274.659929      35.2531943    -0.402615805               0
1490.6      1105.48833      274.707436      35.2551014    -0.398074123               0
1490.7      1105.44875      274.754948       35.256987    -0.393531946               0
1490.8      1105.40963      274.802466      35.2588512    -0.388989279               0
1490.9      1105.37096       274.84999      35.2606938    -0.384446129               0
  1491      1105.33274      274.897519       35.262515      -0.3799025               0
1491.1      1105.29498      274.945054      35.2643146    -0.375358398               0
1491.2      1105.25767      274.992594      35.2660928    -0.370813829               0
1491.3      1105.22081      275.040139      35.2678494    -0.366268798               0
1491.4      1105.18441      275.087689      35.2695845    -0.361723312               0
1491.5      1105.14847      275.135245      35.2712981    -0.357177375               0
1491.6      1105.11298      275.182805      35.2729902    -0.352630993               0
1491.7      1105.07794      275.230371      35.2746607    -0.348084172               0
1491.8      1105.04336      275.277942      35.2763096    -0.343536917               0
1491.9      1105.00924      275.325517       35.277937    -0.338989235               0
  1492      1104.97556      275.373097      35.2795428     -0.33444113               0
1492.1      1104.94235      275.420682       35.281127    -0.329892608               0
1492.2      1104.90959      275.468272      35.2826897    -0.325343675               0
1492.3      1104.87728      275.515866      35.2842308    -0.320794337               0
1492.4      1104.84543      275.563465      35.2857503    -0.316244599               0
1492.5      1104.81403      275.611068      35.2872482    -0.311694466               0
1492.6      1104.78309      275.658676      35.2887244    -0.307143945               0
1492.7       1104.7526      275.706288      35.2901791    -0.302593041               0
1492.8      1104.72257      275.753905      35.2916122     -0.29804176               0
1492.9      1104.69299      275.801526      35.2930236    -0.293490106               0
  1493      1104.66387       275.84915      35.2944134    -0.288938087               0
1493.1       1104.6352      275.896779      35.2957815    -0.284385707               0
1493.2      1104.60699      275.944412       35.297128    -0.279832973               0
1493.3      1104.57924       275.99205      35.2984529    -0.275279889               0
1493.4      1104.55194      276.039691      35.2997561    -0.270726462               0
1493.5      1104.52509      276.087335      35.3010377    -0.266172696               0
1493.6       1104.4987      276.134984      35.3022976    -0.261618599               0
1493.7      1104.47277      276.182636      35.3035358    -0.257064175               0
1493.8      1104.44729      276.230292      35.3047523     -0.25250943               0
1493.9      1104.42227      276.277952      35.3059472     -0.24795437               0
  1494       1104.3977      276.325615      35.3071204       -0.243399               0
1494.1      1104.37359      276.373282      35.3082719    -0.238843326               0
1494.2      1104.34993      276.420952      35.3094017    -0.234287354               0
1494.3      1104.32673      276.468625      35.3105098     -0.22973109               0
1494.4      1104.30398      276.516302      35.3115962    -0.225174538               0
1494.5      1104.28169      276.563982      35.3126609    -0.220617706               0
1494.6      1104.25986      276.611665      35.3137038    -0.216060597               0
1494.7      1104.23848      276.659351      35.3147251    -0.211503219               0
1494.8      1104.21756       276.70704      35.3157246    -0.206945576               0
1494.9      1104.19709      276.754732      35.3167024    -0.202387675               0
  1495      1104.17708      276.802427      35.3176585    -0.197829521               0
1495.1      1104.15753      276.850125      35.3185928     -0.19327112               0
1495.2      1104.13843      276.897825      35.3195054    -0.188712477               0
1495.3      1104.11979      276.945528      35.3203963    -0.184153598               0
1495.4       1104.1016      276.993234      35.3212654    -0.179594489               0
1495.5      1104.08387      277.040943      35.3221128    -0.175035155               0
1495.6      1104.06659      277.088653      35.3229384    -0.170475603               0
1495.7      1104.04977      277.136367      35.3237422    -0.165915838               0
1495.8      1104.03341      277.184083      35.3245243    -0.161355865               0
1495.9       1104.0175      277.231801      35.3252846     -0.15679569               0
  1496      1104.00205      277.279521      35.3260232     -0.15223532               0
1496.1      1103.98705      277.327243        35.32674    -0.147674758               0
1496.2      1103.97251      277.374968       35.327435    -0.143114013               0
1496.3      1103.95843      277.422694      35.3281082    -0.138553088               0
1496.4       1103.9448      277.470423      35.3287597     -0.13399199               0
1496.5      1103.93163      277.518154      35.3293894    -0.129430724               0
1496.6      1103.91892      277.565886      35.3299973    -0.124869297               0
1496.7      1103.90666       277.61362      35.3305834    -0.120307713               0
1496.8      1103.89486      277.661356      35.3311477    -0.115745979               0
1496.9      1103.88351      277.709093      35.3316902      -0.1111841               0
  1497      1103.87262      277.756832      35.3322109    -0.106622082               0
1497.1      1103.86218      277.804573      35.3327099     -0.10205993               0
1497.2      1103.85221      277.852315       35.333187   -0.0974976511               0
1497.3      1103.84268      277.900059      35.3336423   -0.0929352499               0
1497.4      1103.83362      277.947803      35.3340759   -0.0883727324               0
1497.5      1103.82501      277.995549      35.3344876   -0.0838101043               0
1497.6      1103.81686      278.043297      35.3348775   -0.0792473714               0
1497.7      1103.80916      278.091045      35.3352456   -0.0746845393               0
1497.8      1103.80192      278.138795      35.3355919   -0.0701216137               0
1497.9      1103.79514      278.186545      35.3359164   -0.0655586004               0
  1498      1103.78881      278.234296      35.3362191    -0.060995505               0
1498.1      1103.78294      278.282049         35.3365   -0.0564323333               0
1498.2      1103.77752      278.329802       35.336759    -0.051869091               0
1498.3      1103.77256      278.377556      35.3369962   -0.0473057837               0
1498.4      1103.76806       278.42531      35.3372117   -0.0427424173               0
1498.5      1103.76401      278.473065      35.3374053   -0.0381789973               0
1498.6      1103.76043      278.520821       35.337577   -0.0336155295               0
1498.7      1103.75729      278.568577       35.337727   -0.0290520197               0
1498.8      1103.75461      278.616334      35.3378551   -0.0244884735               0
1498.9      1103.75239      278.664091      35.3379615   -0.0199248967               0
  1499      1103.75063      278.711848       35.338046   -0.0153612949               0
1499.1      1103.74932      278.759605      35.3381086   -0.0107976739               0
1499.2      1103.74847      278.807363      35.3381495  -0.00623403933               0
1499.3      1103.74808       278.85512      35.3381685  -0.00167039699               0
1499.4      1103.74814      278.902878      35.3381658   0.00289324745               0
1499.5      1103.74865      278.950636      35.3381411   0.00745688827               0
1499.6      1103.74963      278.998393      35.3380947    0.0120205198               0
1499.7      1103.75106      279.046151      35.3380265    0.0165841362               0
1499.8      1103.75294      279.093908      35.3379364    0.0211477319               0
1499.9      1103.75529      279.141665      35.3378245    0.0257113011               0
  1500      1103.75809      279.189421      35.3376908    0.0302748382               0
1500.1      1103.76134      279.237177      35.3375352    0.0348383374               0
1500.2      1103.76505      279.284933      35.3373579    0.0394017929               0
1500.3      1103.76922      279.332688      35.3371587    0.0439651992               0
1500.4      1103.77385      279.380442      35.3369377    0.0485285504               0
1500.5      1103.77893      279.428195      35.3366949    0.0530918409               0
1500.6      1103.78447      279.475948      35.3364303     0.057655065               0
1500.7      1103.79046        279.5237      35.3361439    0.0622182169               0
1500.8      1103.79691      279.571452      35.3358356     0.066781291               0
1500.9      1103.80382      279.619202      35.3355055    0.0713442814               0
  1501      1103.81118      279.666951      35.3351537    0.0759071826               0
1501.1        1103.819      279.714699        35.33478    0.0804699889               0
1501.2      1103.82727      279.762446      35.3343845    0.0850326944               0
1501.3        1103.836      279.810192      35.3339672    0.0895952935               0
1501.4      1103.84519      279.857936      35.3335281    0.0941577806               0
1501.5      1103.85484      279.905679      35.3330672    0.0987201498               0
1501.6      1103.86494      279.953421      35.3325845     0.103282396               0
1501.7      1103.87549      280.001161        35.33208     0.107844512               0
1501.8       1103.8865        280.0489      35.3315537     0.112406494               0
1501.9      1103.89797      280.096637      35.3310056     0.116968335               0
  1502       1103.9099      280.144372      35.3304357     0.121530029               0
1502.1      1103.92228      280.192106      35.3298441     0.126091572               0
1502.2      1103.93512      280.239838      35.3292306     0.130652957               0
1502.3      1103.94841      280.287568      35.3285954     0.135214178               0
1502.4      1103.96216      280.335296      35.3279383     0.139775231               0
1502.5      1103.97636      280.383022      35.3272595     0.144336108               0
1502.6      1103.99103      280.430746       35.326559     0.148896805               0
1502.7      1104.00614      280.478468      35.3258366     0.153457316               0
1502.8      1104.02172      280.526188      35.3250925     0.158017635               0
1502.9      1104.03775      280.573905      35.3243266     0.162577756               0
  1503      1104.05423       280.62162       35.323539     0.167137675               0
1503.1      1104.07118      280.669333      35.3227296     0.171697384               0
1503.2      1104.08857      280.717043      35.3218984     0.176256878               0
1503.3      1104.10643      280.764751      35.3210455     0.180816152               0
1503.4      1104.12474      280.812456      35.3201708       0.1853752               0
1503.5       1104.1435      280.860159      35.3192744     0.189934017               0
1503.6      1104.16272      280.907858      35.3183563     0.194492596               0
1503.7       1104.1824      280.955555      35.3174164     0.199050932               0
1503.8      1104.20253       281.00325      35.3164547     0.203609019               0
1503.9      1104.22312      281.050941      35.3154714     0.208166852               0
  1504      1104.24417      281.098629      35.3144663     0.212724425               0
1504.1      1104.26567      281.146315      35.3134395     0.217281732               0
1504.2      1104.28762      281.193997       35.312391     0.221838767               0
1504.3      1104.31003      281.241676      35.3113208     0.226395525               0
1504.4       1104.3329      281.289352      35.3102288     0.230952001               0
1504.5      1104.35622      281.337024      35.3091152     0.235508188               0
1504.6         1104.38      281.384693      35.3079799     0.240064081               0
1504.7      1104.40424      281.432359      35.3068228     0.244619674               0
1504.8      1104.42893      281.480021      35.3056441     0.249174962               0
1504.9      1104.45407       281.52768      35.3044437     0.253729939               0
  1505      1104.47967      281.575335      35.3032216     0.258284599               0
1505.1      1104.50573      281.622986      35.3019779     0.262838936               0
1505.2      1104.53224      281.670634      35.3007124     0.267392945               0
1505.3      1104.55921      281.718278      35.2994253     0.271946621               0
1505.4      1104.58663      281.765918      35.2981166     0.276499957               0
1505.5      1104.61451      281.813554      35.2967862     0.281052949               0
1505.6      1104.64284      281.861186      35.2954342     0.285605589               0
1505.7      1104.67163      281.908814      35.2940605     0.290157873               0
1505.8      1104.70087      281.956437      35.2926652     0.294709796               0
1505.9      1104.73057      282.004057      35.2912482      0.29926135               0
  1506      1104.76072      282.051672      35.2898096     0.303812532               0
1506.1      1104.79133      282.099283      35.2883495     0.308363334               0
1506.2       1104.8224       282.14689      35.2868677     0.312913752               0
1506.3      1104.85392      282.194492      35.2853643      0.31746378               0
1506.4      1104.88589       282.24209      35.2838393     0.322013412               0
1506.5      1104.91832      282.289683      35.2822927     0.326562643               0
1506.6       1104.9512      282.337271      35.2807245     0.331111467               0
1506.7      1104.98454      282.384855      35.2791347     0.335659878               0
1506.8      1105.01833      282.432434      35.2775234     0.340207871               0
1506.9      1105.05258      282.480008      35.2758905      0.34475544               0
  1507      1105.08729      282.527578      35.2742361     0.349302579               0
1507.1      1105.12244      282.575142      35.2725601     0.353849284               0
1507.2      1105.15806      282.622701      35.2708625     0.358395548               0
1507.3      1105.19412      282.670255      35.2691434     0.362941365               0
1507.4      1105.23064      282.717804      35.2674028     0.367486731               0
1507.5      1105.26762      282.765348      35.2656407     0.372031639               0
1507.6      1105.30505      282.812886      35.2638571     0.376576084               0
1507.7      1105.34294       282.86042      35.2620519      0.38112006               0
1507.8      1105.38127      282.907947      35.2602253     0.385663562               0
1507.9      1105.42007       282.95547      35.2583771     0.390206584               0
  1508      1105.45932      283.002986      35.2565075      0.39474912               0
1508.1      1105.49902      283.050498      35.2546164     0.399291166               0
1508.2      1105.53917      283.098003      35.2527038     0.403832715               0
1508.3      1105.57978      283.145503      35.2507698     0.408373762               0
1508.4      1105.62085      283.192997      35.2488143     0.412914301               0
1508.5      1105.66237      283.240485      35.2468374     0.417454326               0
1508.6      1105.70434      283.287967       35.244839     0.421993833               0
1508.7      1105.74677      283.335443      35.2428192     0.426532815               0
1508.8      1105.78965      283.382914       35.240778     0.431071268               0
1508.9      1105.83298      283.430378      35.2387154     0.435609184               0
  1509      1105.87677      283.477836      35.2366314      0.44014656               0
1509.1      1105.92101      283.525287      35.2345259     0.444683389               0
1509.2       1105.9657      283.572733      35.2323992     0.449219666               0
1509.3      1106.01085      283.620172       35.230251     0.453755384               0
1509.4      1106.05646      283.667604      35.2280814      0.45829054               0
1509.5      1106.10251      283.715031      35.2258905     0.462825127               0
1509.6      1106.14902       283.76245      35.2236783     0.467359139               0
1509.7      1106.19598      283.809863      35.2214447     0.471892571               0
1509.8       1106.2434       283.85727      35.2191898     0.476425418               0
1509.9      1106.29127      283.904669      35.2169136     0.480957674               0
  1510      1106.33959      283.952062      35.2146161     0.485489334               0
1510.1      1106.38837      283.999448      35.2122972     0.490020391               0
1510.2      1106.43759      284.046827      35.2099571     0.494550841               0
1510.3      1106.48728      284.094199      35.2075957     0.499080678               0
1510.4      1106.53741      284.141564       35.205213     0.503609897               0
1510.5        1106.588      284.188922      35.2028091     0.508138491               0
1510.6      1106.63904      284.236273      35.2003839     0.512666456               0
1510.7      1106.69053      284.283616      35.1979374     0.517193786               0
1510.8      1106.74248      284.330953      35.1954698     0.521720476               0
1510.9      1106.79488      284.378281      35.1929809     0.526246519               0
  1511      1106.84773      284.425603      35.1904708     0.530771911               0
1511.1      1106.90103      284.472917      35.1879395     0.535296646               0
1511.2      1106.95479      284.520223       35.185387     0.539820719               0
1511.3      1107.00899      284.567522      35.1828134     0.544344123               0
1511.4      1107.06365      284.614814      35.1802186     0.548866855               0
1511.5      1107.11877      284.662097      35.1776026     0.553388907               0
1511.6      1107.17433      284.709373      35.1749654     0.557910276               0
1511.7      1107.23035      284.756641      35.1723072     0.562430954               0
1511.8      1107.28682      284.803901      35.1696278     0.566950938               0
1511.9      1107.34374      284.851153      35.1669273      0.57147022               0
  1512      1107.40111      284.898397      35.1642057     0.575988797               0
1512.1      1107.45894      284.945632       35.161463     0.580506662               0
1512.2      1107.51721       284.99286      35.1586993     0.585023811               0
1512.3      1107.57594       285.04008      35.1559144     0.589540237               0
1512.4      1107.63512      285.087291      35.1531085     0.594055935               0
1512.5      1107.69475      285.134494      35.1502816       0.5985709               0
1512.6      1107.75484      285.181688      35.1474336     0.603085127               0
1512.7      1107.81537      285.228875      35.1445647     0.607598609               0
1512.8      1107.87636      285.276052      35.1416747     0.612111342               0
1512.9      1107.93779      285.323221      35.1387637      0.61662332               0
  1513      1107.99968      285.370381      35.1358317     0.621134538               0
1513.1      1108.06202      285.417533      35.1328788     0.625644991               0
1513.2      1108.12481      285.464676      35.1299049     0.630154672               0
1513.3      1108.18805       285.51181        35.12691     0.634663577               0
1513.4      1108.25174      285.558935      35.1238942       0.6391717               0
1513.5      1108.31589      285.606052      35.1208575     0.643679036               0
1513.6      1108.38048      285.653159      35.1177999      0.64818558               0
1513.7      1108.44552      285.700257      35.1147214     0.652691326               0
1513.8      1108.51102      285.747346       35.111622     0.657196269               0
1513.9      1108.57696      285.794426      35.1085017     0.661700403               0
  1514      1108.64336      285.841497      35.1053606     0.666203723               0
1514.1       1108.7102      285.888558      35.1021986     0.670706224               0
1514.2       1108.7775       285.93561      35.0990158       0.6752079               0
1514.3      1108.84524      285.982653      35.0958122     0.679708746               0
1514.4      1108.91344      286.029686      35.0925877     0.684208758               0
1514.5      1108.98209       286.07671      35.0893425     0.688707928               0
1514.6      1109.05118      286.123724      35.0860765     0.693206253               0
1514.7      1109.12073      286.170728      35.0827897     0.697703726               0
1514.8      1109.19072      286.217723      35.0794822     0.702200343               0
1514.9      1109.26117      286.264708      35.0761539     0.706696098               0
  1515      1109.33206      286.311683       35.072805     0.711190986               0
1515.1      1109.40341      286.358648      35.0694353     0.715685002               0
1515.2       1109.4752      286.405603      35.0660449      0.72017814               0
1515.3      1109.54744      286.452548      35.0626338     0.724670395               0
1515.4      1109.62013      286.499483       35.059202     0.729161761               0
1515.5      1109.69327      286.546408      35.0557496     0.733652235               0
1515.6      1109.76686      286.593323      35.0522766     0.738141809               0
1515.7       1109.8409      286.640228      35.0487829     0.742630479               0
1515.8      1109.91539      286.687122      35.0452686      0.74711824               0
1515.9      1109.99033      286.734006      35.0417337     0.751605087               0
  1516      1110.06571       286.78088      35.0381782     0.756091013               0
1516.1      1110.14154      286.827743      35.0346022     0.760576015               0
1516.2      1110.21783      286.874595      35.0310056     0.765060086               0
1516.3      1110.29456      286.921437      35.0273884     0.769543222               0
1516.4      1110.37173      286.968268      35.0237508     0.774025417               0
1516.5      1110.44936      287.015089      35.0200926     0.778506666               0
1516.6      1110.52744      287.061899      35.0164139     0.782986964               0
1516.7      1110.60596      287.108698      35.0127148     0.787466306               0
1516.8      1110.68493      287.155486      35.0089952     0.791944686               0
1516.9      1110.76435      287.202263      35.0052551     0.796422099               0
  1517      1110.84421      287.249029      35.0014946      0.80089854               0
1517.1      1110.92453      287.295784      34.9977137     0.805374005               0