  1466      1145.7922      258.77905      32.774549     -1.9045077      10.267523
1466.1      1145.6031      259.00586      33.259573     -1.9003989      12.787257
1466.6      1144.6564      260.00244      34.770414     -1.8799978      11.635172
  1467      1143.9104      259.67337      32.658661     -1.8636385      11.321828
1467.1      1143.7236        259.574      34.123642     -1.8595467      12.642725
1467.2      1143.5371      260.55163       33.88337     -1.8554338      10.593307
1467.3      1143.3512      260.09649      33.324383     -1.8513218      13.330483
1467.6      1142.7994      258.99688      32.903052     -1.8390055      12.227821
1467.8      1142.4327      259.81802       33.54398     -1.8308103      13.043984
1467.9      1142.2497      259.23851      33.401008      -1.826717      13.794957
  1468      1142.0644      260.02094      33.351311     -1.8225726      13.172545
1468.1      1141.8845      259.94791      33.132275     -1.8184567      10.494894
1468.7      1140.8004      259.95669      33.490282      -1.793735      10.612685
  1469      1140.2607      259.46614      33.245439     -1.7813081      10.447445
1469.1      1140.0867      260.23252      33.841832     -1.7771882      12.490644
1469.3      1139.7341      261.43149      33.773733     -1.7688926      10.052282
1469.4      1139.5579      260.39654      34.604289     -1.7647577      11.808916
1469.6       1139.205       260.7639      34.181756     -1.7565098      11.871267
1469.8      1138.8501      259.97498      34.381214     -1.7481627      10.118934
1469.9      1138.6781      261.28665      33.925254     -1.7440231      11.241795
1470.3      1137.9849      260.51139      34.774011      -1.727421      11.083095
1470.6       1137.468      261.09846      33.995546     -1.7149227      11.769923
1470.8      1137.1234      261.17978      33.649875     -1.7065568      10.996403
1470.9       1136.957       261.0351      33.596956     -1.7024156      10.464684
  1471      1136.7839      260.58542      33.573951     -1.6982376      12.397358
1471.2      1136.4481      261.00663      33.802771     -1.6898731       12.49254
1471.3      1136.2759        260.671      33.565543     -1.6856882      11.656328
1471.6      1135.7741      261.49374      34.340191     -1.6731434       11.63124
1471.7       1135.606      261.93293      33.797301     -1.6689603      11.300899
1471.9       1135.271      262.12321      34.448679     -1.6605466      12.014178
  1472      1135.1068      261.17487      34.698601     -1.6564025      10.268274
1472.1      1134.9417      261.21415       33.91102     -1.6522046      11.653209
1472.2      1134.7764      261.62675      34.578238     -1.6480157      13.085529
1472.4      1134.4465      262.40649       34.10265     -1.6396273      11.090175
1472.5      1134.2853      261.73932       34.90643     -1.6354034      12.084697
1472.6      1134.1176      261.53061      34.726653     -1.6311848       10.83095
1472.7      1133.9585      261.26012      34.311265     -1.6270101       12.85653
1472.8       1133.797      262.29942      34.169933     -1.6228063       10.22678
1473.3      1132.9897      262.37929      33.637358     -1.6017624      10.414256
1473.4      1132.8303      262.10673      33.900077     -1.5975103      11.525799
1473.5      1132.6685      263.14932      34.080629     -1.5933081      10.121617
1473.6      1132.5124      261.60915      33.127365     -1.5890894      11.270868
  1474      1131.8768      262.82199      33.899679     -1.5722073      10.882709
1474.2       1131.563      261.94571      34.950841      -1.563724      10.199521
1474.6      1130.9425      262.42894      34.117558     -1.5467651      12.444769
1474.8      1130.6324      262.20986      34.242497     -1.5383212      10.183937
1474.9      1130.4816      263.01504      34.269914     -1.5340597      11.263121
  1475      1130.3319      263.11213      33.468679     -1.5298033      10.646243
1475.1      1130.1762       263.0168      34.194045     -1.5255669      11.009205
1475.2      1130.0231      263.23993      34.476441     -1.5213303      11.785671
1475.3      1129.8699      262.48421      33.484084     -1.5170656      11.794914
1475.5      1129.5695      263.16514      35.210691     -1.5085671      12.328126
1475.7      1129.2702      262.74912      33.194349     -1.5000408      11.796531
1475.8      1129.1159      263.26988      34.128116     -1.4957879      12.905355
  1476      1128.8193      263.86905      34.128395     -1.4872752      10.715191
1476.1      1128.6672        263.335      34.089984     -1.4830091      10.219643
1476.2      1128.5237      262.38325      34.188306     -1.4787498       10.09991
1476.3      1128.3751      263.03564      33.769093     -1.4744796      13.137795
1476.4      1128.2278      263.60964      33.487269     -1.4701789      12.388636
1476.5      1128.0822      263.95258      34.987244     -1.4659294      11.216785
1476.7        1127.79      263.31224       33.56593     -1.4573869      10.313594
  1477      1127.3538       264.1863      34.180885     -1.4445176      11.721742
1477.1      1127.2069      263.60239      34.644196      -1.440277      10.460011
1477.2      1127.0637      263.37006      33.872789     -1.4359915       12.04765
1477.3      1126.9212      264.22216      34.101228      -1.431711      12.104206
1477.4       1126.779      264.44061      34.277564     -1.4273924      11.802711
1477.5      1126.6392      264.88932      35.217488     -1.4231312      11.388397
1477.6      1126.4957      263.76307      34.525787     -1.4188253      10.419141
1477.7      1126.3519      263.23885      34.073346     -1.4145697      10.690581
  1478      1125.9342      263.72317      34.888778     -1.4016772      12.067309
1478.1      1125.7905      263.97898      34.159051     -1.3973601      10.670315
1478.2      1125.6499      263.91157       33.91704     -1.3930528      11.074269
1478.5      1125.2352      264.57979      34.748997     -1.3801384      10.737745
1478.7      1124.9582      264.15811      34.855601     -1.3715505       11.70014
1478.9      1124.6851      264.79807      34.661872     -1.3629363      11.511042
1479.7      1123.6085      265.25552      33.509451     -1.3283631      10.744771
1479.9      1123.3457      265.19507      34.275109     -1.3197149      10.132748
  1480      1123.2136      264.58273      33.693873     -1.3153781      10.442269
1480.4      1122.6915      265.50513      33.591512     -1.2980656      10.766551
1480.6      1122.4293      265.70317      34.743803     -1.2893842      11.912576
1480.7      1122.3008      265.77044      34.313754     -1.2850925      12.831057
1480.8      1122.1761      266.07379      34.080884     -1.2807253      10.083351
  1481      1121.9186      265.91389      35.081194     -1.2720655      10.450878
1481.1      1121.7945      266.56926      34.258023     -1.2676952      10.720824
1481.2      1121.6644      265.69832      34.248187     -1.2633494      10.540618
1481.4      1121.4145      266.47508      34.115299     -1.2546576      12.997546
1481.5        1121.29      264.59976      34.806474     -1.2503002      11.466344
1481.8      1120.9196      265.72642      34.838836     -1.2372332      11.897451
1481.9      1120.7894      265.69077       34.73706     -1.2328938       10.62641
  1482      1120.6697      265.40453       34.93654     -1.2285345       10.91348
1482.2      1120.4229      265.15323      34.820362     -1.2198209      11.849758
1482.3       1120.301        265.776      34.770221     -1.2154418      11.265357
1482.4      1120.1818      266.49172      34.545256     -1.2111063      11.330522
1482.6      1119.9385      266.60364      34.336371     -1.2023483      11.530411
1482.7      1119.8204      266.40448      34.719692     -1.1979853      12.644954
1482.8      1119.6994      266.67369       34.13671     -1.1936113      12.925674
1482.9      1119.5838      265.86697      34.803245     -1.1892642      12.097923
  1483       1119.463       266.5856      34.743608     -1.1848685      12.100439
1483.6      1118.7572      266.94513      35.149895     -1.1586172      10.184151
  1484      1118.2989      266.04453       34.74953     -1.1410638      11.277565
1484.1      1118.1871       267.4505      35.178614      -1.136681      10.426668
1484.2       1118.069      267.22804      35.316625     -1.1323061      11.608811
1484.3        1117.96      266.70436      34.162641     -1.1279128      10.492081
1484.5      1117.7345      267.23508       34.78523      -1.119132      12.144959
1484.6      1117.6211      266.36138      34.571916     -1.1147439      10.443592
1484.7      1117.5112      266.75363      34.702208     -1.1103563      11.087133
  1485      1117.1812      267.10696      34.822214     -1.0971671      11.253917
1485.2      1116.9644      267.18274      34.149969     -1.0883607       10.44157
1485.4      1116.7437       267.9414      34.634039      -1.079518      12.730384
1485.5      1116.6363      267.87819      35.457588     -1.0751673       10.88473
1485.6       1116.531      267.81292      34.325324     -1.0707557      12.163677
1485.7      1116.4232      267.90759      34.479118     -1.0663288      12.242532
1485.8      1116.3181      267.79516      35.551333      -1.061924      10.032023
  1486      1116.1084      268.09195      34.319869     -1.0530964      12.578382
1486.5      1115.5864      268.61125      35.633937      -1.031022      10.652612
1486.6      1115.4814      267.20748      35.134775     -1.0266013      10.622682
1486.9      1115.1763      267.97799      34.323988     -1.0133343      11.280309
  1487      1115.0728      268.72611      34.853411     -1.0089174      10.645631
1487.1       1114.974       268.4996      34.677305     -1.0044666      10.976681
1487.2      1114.8707      268.34439      35.900685     -1.0000584      11.644726
1487.5      1114.5739      269.01112      34.818957    -0.98678558      10.506485
1487.6      1114.4771      268.85047        34.5058    -0.98232006      10.605551
1487.8      1114.2794       269.1468        35.1535    -0.97350436      11.270139
1488.2       1113.897      268.78594       34.81024    -0.95572961      11.277588
1488.5      1113.6088      268.89655      35.662319    -0.94240612      11.251984
1488.6      1113.5191      269.29138      35.270587    -0.93798188      10.895236
1489.1      1113.0548      269.46411      34.168983    -0.91572241      10.899468
1489.2      1112.9633      269.96622      35.147785    -0.91130407      10.832422
1489.3      1112.8706      268.81178       34.31054    -0.90683805      12.816197
  1490       1112.248      269.56507      35.033272    -0.87566091      12.151031
1490.1      1112.1591       270.0352      34.054323     -0.8711744      10.831053
1490.2      1112.0735      270.22809      34.465035    -0.86674699      13.130277
1490.4      1111.9004      270.60348      34.920282    -0.85779701      12.344099
1490.5      1111.8148      269.65409      34.335024    -0.85332896      13.962885
1490.6      1111.7279      269.18963      35.242754    -0.84889581      12.996528
1490.8      1111.5584      269.99689      34.460331    -0.83994455      11.876713
1491.1       1111.308      270.89135      34.573284    -0.82652728      11.199007
1491.4      1111.0617      269.92954      34.746419     -0.8130986      11.986745
1491.5      1110.9816      270.16315       35.90799    -0.80865512      10.592986
1491.6      1110.9028      270.13387      35.402435    -0.80417314      11.257346
1491.7      1110.8198      270.76076       35.03171    -0.79970891      10.671131
1491.8      1110.7424      270.09251      34.849174    -0.79522322      12.143969
1491.9      1110.6651      270.28621      35.662011    -0.79073558      13.393545
1492.1      1110.5064      271.26808       34.68332    -0.78178315      10.654441
1492.3        1110.35      271.76214      34.550198    -0.77281053      10.450532
1492.5      1110.1978       271.1601      35.686881    -0.76388572      12.485696
1492.7      1110.0469       271.7072       34.61977    -0.75489166      10.267043
1492.9      1109.8972      271.08325      34.684392    -0.74594412      10.811312
  1493       1109.821      271.02838      36.158549    -0.74142926      10.311903
1493.2      1109.6721      271.31457      34.806134    -0.73244482      13.513727
1493.3      1109.6008      271.42099       35.41003    -0.72794254      11.971518
1493.4      1109.5294      271.14897      34.699642    -0.72346187      12.166535
1493.9      1109.1703      271.37663      35.020298    -0.70099821      14.140779
  1494      1109.1024      271.32888      34.852932     -0.6964821      11.317357
1494.2      1108.9634      271.97468      35.282313    -0.68752742      10.785062
1494.4      1108.8265      270.91246      35.469149    -0.67849901       11.74559
1494.5       1108.758      271.84968      35.320125    -0.67399921      10.847738
1494.7      1108.6263       272.0571      35.244908    -0.66500679      11.077894
1494.8       1108.559      271.99749      35.505927     -0.6605024      12.999727
1494.9      1108.4947      272.37457       35.60833    -0.65597365       11.13723
  1495      1108.4258      272.47729      35.426874    -0.65148597      11.738316
1495.2      1108.2933       271.3359       34.78979    -0.64246087      10.535972
1495.3      1108.2353      272.39122      35.210449    -0.63796613      13.446497
1495.4      1108.1697      272.37885      34.925594    -0.63348331      12.365135
1495.8      1107.9205      272.50055      35.457396    -0.61541461      10.562479
1495.9      1107.8585      272.62873      36.243764    -0.61090984      10.515875
  1496      1107.7987      272.92319      34.345935     -0.6063603      10.740123
1496.4      1107.5614      273.22516      35.407584    -0.58834201      11.114978
1496.7      1107.3869      272.52696      35.527281     -0.5747669       10.07891
1496.9      1107.2691      272.53942      34.127494    -0.56569153      10.880381
  1497      1107.2161      272.40043      35.725443     -0.5612035      10.457708
1497.1      1107.1609      273.58114      33.232222    -0.55669142      10.194468
1497.2      1107.1049      272.41276      35.233137    -0.55214601      11.107113
1497.4      1106.9923        273.429      34.989912    -0.54313368      10.376374
1498.1       1106.627      273.09794      34.942721    -0.51144575      10.771426
1498.4      1106.4749       273.4814      35.495393    -0.49787849      11.720368
1498.5      1106.4243      273.32977      35.364979    -0.49332703      10.257798
1498.6      1106.3767       273.5362      35.618927    -0.48881233      11.198414
1498.7       1106.328      274.09195       36.03523    -0.48429667      13.053409
1498.8      1106.2799       273.1254      35.038409    -0.47974883      10.248156
1498.9      1106.2293      274.22304      34.715665     -0.4752212      10.884401
1499.1      1106.1369       273.9342      35.643081    -0.46613656      11.696979
1499.4       1106.002      274.44107      35.339774    -0.45254783       12.28025
1499.5      1105.9544      273.80067      34.601112    -0.44797369      10.153307
1499.6      1105.9095       274.4034      35.270607    -0.44344724      10.494081
  1500      1105.7351      274.90634      35.257464    -0.42528946      11.747147
1500.3      1105.6074        274.547      35.362722     -0.4117066      11.626484
1500.6       1105.487      274.68229      35.839608    -0.39808971      12.082101
1500.7      1105.4474      274.38192      35.710833    -0.39353707      12.168962
1501.1      1105.2955      274.57343       35.45293    -0.37533777       10.07592
1501.2       1105.256      275.42682      35.024525    -0.37081046      12.210984
1501.3      1105.2187      275.09411      34.387521    -0.36628853      10.567418
1501.5      1105.1478      274.74381      35.002656    -0.35716917       10.62307
1502.3      1104.8759      274.76444      34.289914    -0.32080242      11.487055
1502.6      1104.7853      275.79727      35.930418    -0.30712226       11.87708
1502.7      1104.7551      275.82695      34.806396    -0.30257454      10.300924
1502.8      1104.7227      275.26513      34.778201    -0.29802282      10.195208
1503.2      1104.6069      275.74054      34.944882    -0.27984106      14.450243
1503.3      1104.5785      276.17716      35.786016    -0.27526792      12.199102
1503.4      1104.5521      275.69673      35.469876    -0.27074583      11.173628
1503.7      1104.4746      275.68407      36.797256    -0.25708004      11.075278
1503.8       1104.446      276.58986      35.299697    -0.25251576      12.442483
1504.1      1104.3743      275.89914      35.085228    -0.23882415      10.600612
1504.3      1104.3285      276.59946      35.242548    -0.22972436        12.6907
1504.5      1104.2826      276.91202      35.305155    -0.22060115      12.634727
1504.7      1104.2376      276.53105      35.952617    -0.21149804       10.39503
  1505      1104.1743      277.28567      35.424181     -0.1978461      10.356883
1505.1      1104.1591      276.89514      35.282948    -0.19325174      10.580006
1505.2        1104.14      276.58349       35.03416    -0.18872891      10.343628
1505.4      1104.1009        276.731      36.465883    -0.17958939      10.430305
1505.6      1104.0694      277.51547      34.963665    -0.17048268      10.322903
1505.7      1104.0518      277.55383      34.931003    -0.16590794      12.009039
1505.8      1104.0326      277.49944      35.196427    -0.16132502      10.518926
  1506           1104      278.30767      36.340032    -0.15225476      10.213445
1506.4      1103.9421      276.38985      34.548038    -0.13397575      10.443973
1506.5      1103.9325      277.32798      35.639524    -0.12939225      10.578067
1506.6      1103.9176      277.40605      35.243779     -0.1248894      11.569309
1506.9      1103.8841      277.31863      35.817496    -0.11118409      10.002443
1507.2      1103.8551      277.64239      35.276082   -0.097475864      10.304006
1507.3      1103.8418      277.28037       34.96174   -0.092948609      12.003956
1507.4      1103.8318      277.95214      35.512692   -0.088369946      12.634448
1507.5      1103.8232      278.09336      34.445804   -0.083794691      11.495911
1507.7      1103.8082       278.3969      35.476473   -0.074693859      11.832686
1507.8      1103.8029       278.2545      34.765932   -0.070119606      10.911814
1507.9      1103.7915      278.07313      35.166868   -0.065564097      10.573027
  1508      1103.7892      278.21417      35.719145   -0.061004412      11.906608
1508.2      1103.7793      278.10493      35.157905   -0.051872364      10.963848
1508.3      1103.7712       277.8623      36.011966   -0.047314959      11.329688
1508.6      1103.7594      278.74607      35.245832   -0.033637025      12.194001
1508.9      1103.7515      278.97017      34.608402   -0.019946412      10.898532
  1509      1103.7522      278.66457      35.225276   -0.015366707      12.713699
1509.2      1103.7516      278.76105      35.077106  -0.0062185824      10.856676
1509.3      1103.7477      278.85235      35.256963   -0.001648285      12.226509
1509.4      1103.7496      278.86432      35.506888   0.0028794765      12.646508
1509.6      1103.7507      278.51946      34.959069    0.012025982      10.841179
1509.8      1103.7523      280.00574      35.782709    0.021151387      10.939045
1509.9      1103.7565      279.03794      35.509197    0.025725028       10.81691
1510.8      1103.7985      280.76976      34.891685    0.066775163      10.636157
1510.9      1103.8027      279.59904      34.636499    0.071338376      12.620866
1511.1      1103.8226      279.87974      35.892555    0.080479849      13.702953
1511.2      1103.8264       279.3757      35.182117    0.085048524      12.555006
1511.4      1103.8468      280.42585      35.522597     0.09415545       10.67256
1511.6      1103.8648      280.10076      35.052131     0.10326173      11.271217
1511.9         1103.9      280.04874       36.24052      0.1169601      11.762128
  1512      1103.9071      278.67333      34.403749     0.12154767      10.692968
1512.1      1103.9258      280.40087      35.158207     0.12609808      10.606283
1512.2      1103.9365      280.79197      35.815762     0.13065494      10.179456
1512.5      1103.9768      280.63083      35.695114     0.14432361       13.08499
1512.6      1103.9915      279.63557      35.412667     0.14888574      10.661419
1512.7      1104.0081      279.64858       34.92326     0.15346458      11.228119
1512.8      1104.0234      280.90992      35.521445     0.15802735      11.366114
  1513       1104.054      281.32647      36.560339     0.16715291      10.046259
1513.2      1104.0887      280.52138      35.228199     0.17625558      15.043747
1513.5      1104.1442      281.06936      35.552518     0.18993213       12.09236
1513.6      1104.1631      280.98163      34.526773      0.1944799      13.389268
1513.8       1104.201      280.79437       35.21727     0.20361516      13.964256
1513.9      1104.2231      281.26691      35.695356      0.2081455       12.05103
1514.6      1104.3793        282.017      35.104235     0.24006426       11.47503
1514.8      1104.4284      280.82604      35.842758      0.2491624      12.134099
1514.9      1104.4539      281.60094      35.386156     0.25374243      12.764142
  1515      1104.4821      283.16354      34.979339     0.25829498      11.884548
1515.2      1104.5313      281.91418      35.484606     0.26739606      11.111458
1515.4      1104.5864      282.33424      35.576493     0.27648748      12.075343
1515.8      1104.6999      282.12416      35.493634     0.29470262      11.325296
  1516      1104.7601      283.43203      34.237226     0.30379247      10.385073
1516.1       1104.795      282.34868      35.753846     0.30836374      10.009854
1516.3      1104.8548      281.79104      35.847597     0.31748306      11.451088
1516.5      1104.9177      282.71881      35.069444     0.32655722      10.451689
1516.7      1104.9865      282.73618      35.414548     0.33566631       10.43817
1516.8      1105.0185      282.08614      35.382529     0.34022056      12.713525
1516.9      1105.0555      282.90144       34.91301     0.34477033      11.656652
  1517      1105.0884      281.59463      35.747298     0.34926715      10.878553
