1466.1      1145.6037      259.63601       32.61295     -1.9004181      13.123056
1466.2       1145.416       259.0511      33.426329      -1.896305      12.130977
1466.3      1145.2203      259.43899      33.573813     -1.8922406      10.747461
1466.4      1145.0349      259.32626      33.426849     -1.8881755      12.092891
1466.5      1144.8445      258.82552      32.460954     -1.8840463      10.216543
1466.9      1144.0958      259.76613      33.683007      -1.867721      13.249936
  1467       1143.907      259.72956      33.491873     -1.8636324      12.580655
1467.1      1143.7232      259.29529      33.445525     -1.8595528       13.23379
1467.2      1143.5389      260.07905      33.814475     -1.8554533       11.75322
1467.4      1143.1661      259.67862      33.324271     -1.8472412      11.509594
1467.6      1142.7998      259.57489      33.778937      -1.839044       12.06898
1467.9      1142.2478      259.84842      34.257034     -1.8266995      10.925888
1468.1       1141.883      260.07459      33.190446     -1.8184565      11.035943
1468.3      1141.5218      259.90575      32.780391     -1.8102141      10.695393
1468.4      1141.3403      259.90404      33.411606     -1.8061005       13.19293
1468.5      1141.1568      260.16351       33.81617     -1.8020055      10.388566
1468.6      1140.9802      259.93557       33.51498     -1.7978619      11.769638
1468.7      1140.8033      259.58627      32.971076     -1.7937566      10.015283
1468.8      1140.6235      260.58652      32.800977      -1.789578       12.71407
1469.3      1139.7315      260.19063      33.192437     -1.7689476      11.260069
1469.5      1139.3788       261.1976      33.828742      -1.760627      13.438602
1469.7      1139.0287      261.19535      33.930443     -1.7523184      14.853394
1469.8       1138.853      261.32302      34.327609     -1.7481967      11.331148
1469.9      1138.6776      259.81115      33.860085     -1.7440152      10.551344
  1470      1138.5035      260.05502      33.579443     -1.7398633      13.530653
1470.2      1138.1572      260.22511      33.230826     -1.7315577       13.56812
1470.4      1137.8114      260.97752      33.671901     -1.7232427      13.172408
1470.5      1137.6371       261.2261       33.57133     -1.7190605      11.757998
1470.6      1137.4678      261.27552      33.346362     -1.7149199      12.901916
1470.9      1136.9562      260.91755      33.307833     -1.7024215      10.447962
1471.1      1136.6155      261.24533       33.32708     -1.6940544      12.146659
1471.2      1136.4467       260.9345        33.5882     -1.6898263      11.150224
1471.4       1136.108      260.79734      33.806034     -1.6815323      10.811588
1471.5      1135.9399      261.16082      33.919915     -1.6772925      11.097921
1471.7      1135.6039      260.90308      33.221612      -1.668985      10.473039
1471.8      1135.4384      261.65194       34.53109     -1.6647749      11.962653
1471.9      1135.2745      261.51401      33.747565     -1.6606038      12.657833
1472.2      1134.7777      261.87313      33.203359     -1.6480328      11.627309
1472.3      1134.6128       261.6815      34.030987     -1.6438247      11.522926
1472.4      1134.4491      262.05366      33.861322     -1.6396396      11.913242
1472.5      1134.2846      262.33072      34.321409     -1.6354165      10.190795
1472.8      1133.7943      261.34473      33.780122     -1.6228064      11.550245
1472.9      1133.6347       262.9404      33.955485     -1.6186052      11.138166
  1473      1133.4713      262.78859       33.00021     -1.6143783      10.140767
1473.1      1133.3077      262.18208      34.347514     -1.6101551      12.003158
1473.2      1133.1496       262.3725      33.592514     -1.6059737      14.359379
1473.3      1132.9865      261.90161      34.756361     -1.6017724      11.235725
1473.7      1132.3501      262.10335      34.578203     -1.5848793      11.049825
1473.8      1132.1925      262.73557      34.468589      -1.580628      10.285928
1473.9      1132.0342      262.96306      33.452337     -1.5764081       11.21618
1474.1      1131.7228      262.03144      33.428651     -1.5679753      10.029681
1474.2       1131.565      263.12222      33.572281     -1.5637181      10.371169
1474.3      1131.4096      262.23558      33.602822     -1.5595133      12.068911
1474.7      1130.7877      262.63225      34.274519     -1.5425447      14.044522
  1475      1130.3273      262.97475      34.096797     -1.5298493      11.243855
1475.1      1130.1709      262.85962      34.953634     -1.5255701      10.200153
1475.2      1130.0234      264.24294      34.711755     -1.5212912      10.394577
1475.3      1129.8711      263.32004      33.900657     -1.5170778      10.094593
1475.4      1129.7184      262.99351      34.169029     -1.5128086      11.453049
1475.5      1129.5665      262.22114      33.698827     -1.5085471      12.032692
1475.6      1129.4155      264.35935      34.827577      -1.504291      10.554426
1475.7      1129.2653      263.67499      34.404284     -1.5000321       11.45391
1476.1      1128.6723      262.80052       33.89775     -1.4829907      12.200278
1476.2      1128.5215      263.38389      34.232917     -1.4787371        12.4547
1476.3      1128.3769      262.71304      34.135316      -1.474472      10.526554
1476.6      1127.9345      263.77107      33.714064     -1.4616637      11.851964
1476.7      1127.7859      264.21673      34.669526     -1.4573874      10.079125
1476.8      1127.6421      264.03739       33.88879     -1.4530824      11.313164
1476.9      1127.4969      262.98019      33.899814      -1.448832      10.401041
1477.1      1127.2058      264.94817      34.577802     -1.4402376      11.285203
1477.3      1126.9229      264.24418      34.649821     -1.4316874        10.3189
1477.6      1126.4939      264.15473      34.031302     -1.4188239      10.322841
1477.9      1126.0698      264.53737      34.461119     -1.4059604      11.800046
  1478       1125.935       264.7478      34.993917     -1.4016563      11.116924
1478.2      1125.6522       264.8878      34.142666     -1.3930447      11.045182
1478.5      1125.2347      264.15379      34.621068     -1.3801172      10.509615
1478.8      1124.8205      264.68696      33.902695     -1.3671853      10.628084
1478.9      1124.6876      265.45047      35.021504     -1.3629249      12.603028
  1479      1124.5493      264.55062      35.035384     -1.3585972      11.641583
1479.1      1124.4134      264.48011      34.107383     -1.3542998      11.060722
1479.2      1124.2767      264.36987      34.102373     -1.3499882      10.809532
1479.3      1124.1427      264.18856      34.048339      -1.345658      10.660581
1479.5      1123.8769      264.73826      33.963395     -1.3370227      13.629102
1479.6       1123.745      265.50639      34.085151     -1.3327084      13.152382
1479.8      1123.4804      265.73881      34.043938     -1.3240683      10.002979
1479.9      1123.3434      265.21556       34.12456     -1.3197434      11.857639
1480.1      1123.0794      265.50254      34.660788     -1.3110758      11.045525
1480.2      1122.9491      265.16195       34.92311     -1.3067573      10.201259
1480.3      1122.8223       265.3861       34.74131      -1.302379      12.313753
1480.6      1122.4338      266.18858      34.460083     -1.2893978      11.610731
1480.7       1122.305      265.71373      34.558514     -1.2850646      11.171223
1480.8      1122.1733      265.73093      34.620939     -1.2807151      11.558224
  1481       1121.918      265.14657      34.814086     -1.2720453      11.451286
1481.2      1121.6658      266.29111      34.545856     -1.2633458      11.983771
1481.5      1121.2875      266.20861      34.683467     -1.2502933       11.16058
1481.7      1121.0415      266.35242      34.044145      -1.241615      10.575236
1481.8      1120.9163      265.88553      34.679538     -1.2372386      13.334462
  1482      1120.6705       266.5479      35.343096     -1.2285358      10.939001
1482.1      1120.5472      265.94804      35.065686     -1.2241639      11.193077
1482.2      1120.4246      266.27894      33.659347     -1.2198291      10.708612
1482.4      1120.1797      266.74476       34.64917     -1.2110776      11.465224
1482.5      1120.0604      266.18443      34.893941      -1.206717      11.812869
1482.6      1119.9375       266.1788      34.532893      -1.202389      10.615685
1482.7      1119.8188      265.30972       34.69104     -1.1979744      10.478612
1482.8      1119.6975      266.33013      34.976049     -1.1936048      10.150609
1482.9      1119.5785      266.22145      34.777389     -1.1892707      12.057273
1483.1      1119.3438      266.41904      34.544819     -1.1805181      12.476122
1483.2      1119.2272       267.5356      33.706929     -1.1761375       10.29097
1483.4      1118.9888      266.49006      34.756362     -1.1673629      12.133339
1483.6      1118.7598      266.58766      34.223046     -1.1586494       10.10165
1483.7      1118.6444      267.64672      35.190664     -1.1542374      10.003137
  1484      1118.2985      266.66101      34.132451     -1.1411036       10.78046
1484.1       1118.185       266.9694      33.956579     -1.1366938      10.501839
1484.2      1118.0733      267.05918      35.327818       -1.13233      10.634872
1484.4      1117.8478      266.95381       34.59424     -1.1235409      11.796222
1484.5      1117.7361      267.61098      34.019608     -1.1191319      12.271849
1484.8      1117.4014       267.7501      33.410343     -1.1059503      10.450147
1485.1      1117.0693      267.37667      34.383872     -1.0927819       13.14234
1485.2       1116.963      268.47051      35.451887     -1.0883511      11.072567
1485.3      1116.8533      267.31073      33.896513      -1.083955      10.050567
1485.4      1116.7465      266.90568      33.944028     -1.0795669       10.89415
1485.5      1116.6355      267.61716        34.6801     -1.0751619       12.67738
1485.6      1116.5299      267.92604       34.08194     -1.0707335      10.712163
1485.7      1116.4237      266.98811      34.795201     -1.0663274      11.930311
1485.8      1116.3152      268.54319      34.600753     -1.0619095      10.299371
1485.9      1116.2141      266.51195       34.94017     -1.0575107      10.165605
1486.2      1115.8927      267.79375       35.07283     -1.0442909       11.91629
1486.3      1115.7905      268.48604      35.585732     -1.0398564      10.917803
1486.4      1115.6873      268.66488      35.142001     -1.0354266      10.800615
1486.5      1115.5854      267.65709      34.436298     -1.0309981      11.252434
1486.7      1115.3788      268.37131      35.034852     -1.0221684      10.467225
1486.8      1115.2745      268.14901      34.850502     -1.0177491      12.208006
1486.9      1115.1764       268.0618      34.175464      -1.013349      11.230454
1487.2      1114.8717      268.16179      34.616821     -1.0000523      14.202453
1487.3      1114.7717      268.13807      34.931814    -0.99560072      11.139196
1487.6      1114.4739      268.22151       34.62045    -0.98235591      10.727821
1487.8      1114.2808      268.80401      35.664255    -0.97347228      12.520548
  1488      1114.0867      268.15786      34.823279    -0.96460973      11.176522
1488.1      1113.9914      268.46748      34.110405    -0.96015685      10.062012
1488.3      1113.7999       269.3842      35.443838    -0.95127407      12.712699
1488.4      1113.7052      269.55925      34.682486    -0.94687019      12.410948
1488.5      1113.6089      269.16655      34.653226    -0.94240315      12.968755
1488.6      1113.5175      269.31362      35.178823    -0.93795614      11.028879
1488.7      1113.4223      269.37305      34.685254    -0.93352188       12.92176
1488.8      1113.3306      268.56267      34.988217    -0.92906203      12.874557
  1489      1113.1483      268.97905      33.968634    -0.92018616      11.135519
1489.2      1112.9594      268.99703      34.685779    -0.91128183      11.814182
1489.3      1112.8741      268.71633      34.879959    -0.90682095      10.904798
1489.4      1112.7812       268.7235      35.542824     -0.9023993      11.379565
1489.5      1112.6887      270.17675      34.677386    -0.89791865      10.978306
1489.6      1112.6006      269.36279      34.885339    -0.89344948      12.359555
1489.9      1112.3373      270.28409      34.998295    -0.88012132      10.883469
1490.2      1112.0739      270.55967      35.055174    -0.86672512         10.391
1490.3      1111.9884      270.05659      35.280777    -0.86225414      14.111713
1490.4      1111.8991      270.64633      35.588668    -0.85780935      11.705578
1490.6      1111.7294      268.86572      35.531176    -0.84890108      10.483361
1490.8      1111.5574      269.49944      35.479236    -0.83995495      12.398859
1490.9      1111.4794      270.11271      34.394352    -0.83550592      10.415148
1491.5      1110.9803      271.29653      34.851779    -0.80863742      10.672374
1491.6      1110.9019      270.19018       34.69648    -0.80418771      12.016618
1491.7      1110.8201      270.47722      34.658469    -0.79968767       10.41782
1492.1      1110.5036      269.77602      35.561857    -0.78179195      10.388168
1492.2      1110.4282      270.33603      35.391235    -0.77733141      11.270227
1492.3       1110.353      269.73763      35.526247    -0.77282897      10.360218
1492.4      1110.2744      270.78945      35.445016    -0.76834462      10.574095
1492.9      1109.8933      271.44424      35.035614    -0.74589457       12.56918
  1493      1109.8186      271.39668      34.265557    -0.74142848      10.802493
1493.2       1109.676      271.57768      35.218171    -0.73240928       12.23473
1493.5      1109.4571        271.375      34.198732    -0.71896073      10.102212
1493.6      1109.3862       271.4414      35.078203    -0.71445211      13.091049
1493.7      1109.3116      271.49077       34.40976    -0.70999099      10.178595
  1494      1109.1011       271.5436      34.756226     -0.6965041      13.376233
1494.1      1109.0313      271.91592      35.162617    -0.69197308      12.115291
1494.2      1108.9658       270.5344      33.008916    -0.68750692      10.357426
1494.3      1108.8971      271.96735      35.200613    -0.68298202      10.254473
1494.5      1108.7584       272.2296      34.385205    -0.67398287      11.364301
1494.6      1108.6908      271.44511      34.741508    -0.66953129      11.646457
1494.7      1108.6249      271.68027       34.75533    -0.66497744      12.718511
1494.9      1108.4929       272.4261      35.471827    -0.65598743      11.840269
1495.1      1108.3642      272.16075      34.992679    -0.64697835      11.465141
1495.2      1108.3001      272.58107       34.67016    -0.64248691      10.888921
1495.4      1108.1712      271.94652       34.95637    -0.63343725      10.012232
1495.5      1108.1075      271.93042      34.848933    -0.62895294      12.513512
1495.7      1107.9835      271.96355      35.057638    -0.61990663      13.403062
1495.8      1107.9247      272.98406      35.450675    -0.61541573      10.379492
1495.9        1107.86      272.81781      34.464192    -0.61090131      11.853827
  1496      1107.7996      272.08226      35.235957    -0.60639232      11.795017
1496.4      1107.5608      273.56872      34.364305    -0.58833348      11.025615
1496.5      1107.5017      272.98492       35.09007    -0.58379891      11.812419
1496.7      1107.3887      272.58062      35.350062    -0.57476472      10.343331
1496.8      1107.3294      273.19555      34.761397    -0.57024154      10.566675
  1497      1107.2157      272.81782      34.180649    -0.56121363      11.512239
1497.2      1107.1058      272.43125      35.748769    -0.55217123      11.593617
1497.3      1107.0505      273.11682      34.904534    -0.54767507      10.499327
1497.5      1106.9422      272.92492      34.539222    -0.53859061      10.979355
1497.6      1106.8862      273.77186      35.218198    -0.53408032      12.256683
1497.7      1106.8342      273.07823      34.756294    -0.52955691       10.47831
1497.9      1106.7311      274.13401      34.858101    -0.52051383      13.260165
  1498      1106.6751      273.10426       35.68258    -0.51597655      10.743287
1498.3      1106.5238      273.21706      35.750414    -0.50239221      10.889595
1498.6       1106.375      273.73087      35.287767    -0.48877995      11.083959
  1499      1106.1836       273.4906       34.75001    -0.47064023      11.060296
1499.2      1106.0897      274.32095      35.075724    -0.46161172      12.740998
1499.3      1106.0463       273.0132       36.16578     -0.4570481      11.239693
1499.5      1105.9535      273.79472      34.460185    -0.44798314      12.285648
1499.7      1105.8634      274.53396      36.060952    -0.43893764      11.694247
1499.9      1105.7801      274.26553      36.163447    -0.42985392       12.89187
  1500      1105.7345      273.66585      35.748089    -0.42531248      11.753798
1500.1      1105.6944      274.84669      35.977274    -0.42079974      10.077757
1500.3        1105.61      275.16837      35.326755    -0.41167659      11.297036
1500.9      1105.3699      274.68982      35.305393     -0.3844365      14.393396
1501.1      1105.2932      275.93404      35.684966    -0.37532439      10.344489
1501.3      1105.2207       274.7494      35.847096    -0.36628647      10.521611
1501.5      1105.1499      274.63463        35.6304    -0.35716273      11.259651
1501.6      1105.1103      274.21757      35.947061    -0.35262397      10.006281
1501.7      1105.0759      275.27579      35.208941    -0.34806102      11.273843
  1502      1104.9724      275.36271      35.864771    -0.33445364      11.439107
1502.1      1104.9417      275.02922      34.714214    -0.32989015      11.912404
1502.2      1104.9095      276.68838      35.028352    -0.32536943      10.093831
1502.3      1104.8776       276.5154      34.931791    -0.32081385      13.535387
1502.6      1104.7826      275.24513      35.572072    -0.30714737      12.053683
1502.7      1104.7537      275.64801          35.99    -0.30261065      10.532664
  1503      1104.6652      276.24357      35.538399    -0.28891384      12.739447
1503.1      1104.6354      276.07568      35.736653    -0.28438497      13.455585
1503.3      1104.5826      275.89306      35.325031     -0.2753213      10.702512
1503.7       1104.473      275.90209      35.087683    -0.25704049      10.684513
  1504      1104.3977      275.26416      34.328847    -0.24340382         10.388
1504.6      1104.2604      276.51618      35.455533    -0.21606407      12.237982
1504.8      1104.2177       276.2227      35.485725    -0.20694269      10.319822
1504.9       1104.197       276.0739       34.97332    -0.20240489      10.981883
  1505      1104.1789      276.57147      35.547363    -0.19785461      10.714674
1505.2      1104.1385      276.43907       35.81005    -0.18871133      12.785383
1505.4      1104.1025      277.02199      35.062676    -0.17959267      11.095417
1505.5      1104.0818       276.1831      34.767801    -0.17501452      10.794277
1505.7      1104.0498      277.67799       35.52478    -0.16593292      10.425308
1505.8       1104.033      276.83408      35.610835     -0.1613473      11.079208
1506.4      1103.9454      277.47172      35.214463    -0.13399609      12.935875
1506.6      1103.9192      277.19112      34.878552    -0.12487469      11.906719
1506.9      1103.8831      278.01315      35.593052    -0.11123413       11.20086
1507.1      1103.8604       276.9591      35.337739    -0.10207256      11.523299
1507.3      1103.8399      278.50591       35.00609   -0.092919848       11.21991
1507.4       1103.834      277.88705      35.583028   -0.088361945      10.765459
1507.7      1103.8086      277.58517      34.820183   -0.074684211      12.178702
  1508      1103.7865      277.92182      35.507506   -0.060959933      11.865261
1508.1      1103.7808      278.42078      36.308256   -0.056418339      10.282584
1508.2      1103.7765      278.40016      35.292432   -0.051845511      10.798719
1508.3      1103.7749      278.64691      35.404695   -0.047295714      10.728044
1508.5      1103.7619      278.75348      35.469308   -0.038193589       11.50007
1508.6      1103.7598      278.00276      35.053575   -0.033594709      12.014014
1508.7      1103.7585         278.69      35.111883   -0.029033582      11.917331
1508.9      1103.7532      278.73455      35.621611   -0.019911036      12.721724
1509.2      1103.7475      278.62136      35.595064  -0.0062285145      10.987237
1509.3      1103.7498      278.27302      35.678064  -0.0016567239        11.5292
1509.4      1103.7485      279.15537      35.438221   0.0029057317      10.594908
1509.7      1103.7526      278.89332       35.74881     0.01659155      12.379541
1510.1      1103.7619      279.64991       35.09861    0.034830069      11.819411
1510.2      1103.7653      278.64651      35.591035    0.039410495        12.0997
1510.3       1103.771      280.64334      35.172711    0.043969568      11.669817
1510.4      1103.7756      278.54163      35.912669    0.048525423      13.139324
1510.7      1103.7921      279.18749      34.888729    0.062198416      11.981084
1510.8      1103.7994      278.88381      35.875515    0.066793586      11.081773
1510.9      1103.8067      280.11977      34.615192    0.071376077        11.2883
  1511      1103.8124      279.47354      35.369067    0.075895941      11.162243
1511.1      1103.8196      279.69738      34.677975    0.080490521       12.69977
1511.2      1103.8273      280.79161      34.732241    0.085038232      10.657529
1511.4      1103.8448      280.50426      35.324695    0.094137555      12.930046
  1512      1103.9102      280.17323      35.461416     0.12151596      13.607773
1512.4      1103.9616      279.85635      35.510142     0.13978435      11.505797
1512.6      1103.9912      280.64243      35.177202     0.14889378      10.353858
1512.7       1104.008      280.50901      34.707388     0.15346344      12.101667
1512.9       1104.039      280.56256      34.484471     0.16255031       12.42177
  1513      1104.0543      279.67069      35.740023     0.16713793      10.713891
1513.1      1104.0727      280.99373      34.924615     0.17172264      10.893426
1513.4       1104.126      280.58393      35.725213     0.18534238      12.422364
1513.5      1104.1436        281.186      35.537978      0.1899339      10.156744
1513.6      1104.1628      281.55108      35.154467     0.19450563      12.467256
1513.8      1104.2024      280.84717       35.70704     0.20360439      11.734578
1513.9      1104.2221      281.38984      35.447001     0.20815482      11.602592
  1514       1104.245      281.22189      35.264637     0.21271283      13.015844
1514.1       1104.267      281.36934      36.019173     0.21730279      10.569725
1514.3      1104.3102      280.54148      36.257652     0.22641317      11.881748
1514.4      1104.3319      281.87495      35.309281     0.23092246      11.796851
1514.5      1104.3588       280.1375       35.41436       0.235503      11.926492
1514.6      1104.3778      280.36755      34.872074     0.24007489      10.947693
1515.1      1104.5065      281.99724      35.384869     0.26284947       11.53829
1515.4      1104.5875      282.15649      35.195468     0.27648716       11.51596
1515.6      1104.6442      282.32329      35.991447     0.28562153       10.11423
1515.9      1104.7318      281.72106      35.286816     0.29923686      10.399339
  1516      1104.7604      281.62157      34.713067     0.30382413      10.471131
1516.4      1104.8879      283.03545      34.872374     0.32201675      10.461548
1516.6      1104.9503      282.29163      35.703519     0.33112439      11.209921
1516.7      1104.9848      281.69522      35.631802     0.33562095      11.296009
1516.8      1105.0182      282.68941      35.039496     0.34019384      10.126151
  1517      1105.0858      282.28243      35.142357     0.34931986      14.316282
1517.1      1105.1236      282.59241      35.080064     0.35388443      11.101316
