   10      1250.7513      269.96281      29.144509      -5.923384      19.553693
 10.1      1250.1587      269.93114      28.813887     -5.9221698      20.051667
 10.2       1249.568      269.57031      29.102941      -5.920945        20.3217
 10.3      1248.9752       270.0948      28.889366     -5.9197441      21.020808
 10.4      1248.3839      269.77609      28.906449     -5.9185253      19.406235
 10.5      1247.7913      270.00902      29.345543     -5.9172986      20.305854
 10.6      1247.2005      269.66278      28.677501     -5.9160682       19.36652
 10.7      1246.6085      270.03984      29.025109     -5.9148602      19.801021
 10.8      1246.0168      269.85528       29.49216      -5.913632      19.536601
 10.9      1245.4262      269.80971      29.243921     -5.9123957      20.443699
   11      1244.8351      270.14554      29.177043     -5.9111752      20.459116
 11.1      1244.2434      269.80974      29.181482      -5.909939      18.903478
 11.2      1243.6523      269.89337      29.022941       -5.90871      19.835132
 11.3      1243.0612      270.24287      29.158842     -5.9074748      20.075434
 11.4      1242.4719      269.67649      29.068602     -5.9062418      19.660698
 11.5      1241.8799      270.17236      29.288079     -5.9050112       19.74437
 11.6      1241.2905      269.99004      29.071826     -5.9037529      19.779336
 11.7      1240.6983      269.97121      29.501666     -5.9025092       19.72429
 11.8      1240.1084      269.98969      29.291317     -5.9012662      18.603213
 11.9      1239.5206      269.89302      29.124954     -5.9000256      19.945681
   12      1238.9285      269.79417      29.397371     -5.8987851       19.77078
 12.1      1238.3398      270.03074      29.586223     -5.8975395      19.694268
 12.2      1237.7491      270.05833      29.555494     -5.8962675      20.847075
 12.3      1237.1601      270.14135      29.763444     -5.8950198      19.388569
 12.4      1236.5713      269.80946      29.626004     -5.8937644      19.987151
 12.5      1235.9802      269.81788      29.054167     -5.8925097      20.561341
 12.6      1235.3926      269.84508       29.61041      -5.891252      20.565725
 12.7      1234.8017      270.11736      29.633042     -5.8899879      20.377254
 12.8      1234.2137       270.1325      29.326876     -5.8887245      20.756552
 12.9      1233.6253      269.74912      29.710973     -5.8874648       19.78046
   13      1233.0363      269.91446       29.54026     -5.8862022      20.494347
 13.1      1232.4472      269.82569      29.550582     -5.8849329        19.7815
 13.2      1231.8616      269.85468      29.385879     -5.8836625      20.991683
 13.3      1231.2721      269.78275      29.516985     -5.8823941      19.453208
 13.4      1230.6827      269.53108      29.773011     -5.8811141      20.221724
 13.5      1230.0951      270.35007      30.015939     -5.8798298      19.236879
 13.6      1229.5077      269.84523       29.63264     -5.8785604      19.769957
 13.7       1228.919      270.04347      29.729677     -5.8772781      19.710565
 13.8      1228.3315      269.94009      29.771094      -5.875997      20.288744
 13.9      1227.7441      270.32526      30.028823     -5.8747131      19.717992
   14      1227.1567      270.07648      30.005979     -5.8734304      20.450281
 14.1        1226.57      270.03697      29.737411     -5.8721418      20.201423
 14.2      1225.9825      270.24224      29.662357     -5.8708439      19.121689
 14.3      1225.3956      269.97496      29.919497     -5.8695539      19.499267
 14.4      1224.8089      270.10988      30.067919     -5.8682541      20.032906
 14.5      1224.2223      269.93657      30.129629     -5.8669838      21.060387
 14.6      1223.6347      270.32811      29.869242     -5.8656748      18.976728
 14.7      1223.0488      270.02169      29.816024     -5.8643824      20.520327
 14.8      1222.4627       270.0215      29.948314     -5.8630852      19.307947
 14.9      1221.8752      270.12861      30.088041      -5.861778      18.586586
   15      1221.2907      270.44881      30.314567     -5.8604752      20.678405
 15.1       1220.704      270.21503      30.085184     -5.8591711      21.081954
 15.2      1220.1184      269.91137      30.219852     -5.8578587      21.138044
 15.3      1219.5318      269.78334      30.091456     -5.8565397      20.411563
 15.4       1218.946      270.08106      30.141678     -5.8552265      20.656835
 15.5      1218.3619      270.53764      30.057826     -5.8539214      19.451872
 15.6      1217.7756      270.01519      30.418675     -5.8526139      20.288297
 15.7       1217.191      270.21043      30.131193      -5.851281      21.380223
 15.8      1216.6063      270.32225       30.43537     -5.8499629      20.065493
 15.9      1216.0196      269.82543      30.119293     -5.8486386      19.577142
   16      1215.4354      270.15745      30.544119     -5.8473145       19.90051
 16.1      1214.8517      269.97787      30.391061     -5.8459892      19.177809
 16.2      1214.2658      269.98529      30.484461     -5.8446694      18.821041
 16.3      1213.6809      270.17752      30.247072     -5.8433373      20.050941
 16.4      1213.0988       269.7113      30.473081     -5.8419965      18.914673
 16.5      1212.5135      269.85745      30.815911     -5.8406738      20.066233
 16.6      1211.9301      270.15206      30.366909     -5.8393199      19.941702
 16.7      1211.3468       269.8025      30.512095     -5.8379916      20.059178
 16.8       1210.762      269.95648      30.504201     -5.8366457      21.582584
 16.9      1210.1789       270.0094      30.511965     -5.8353082      18.945384
   17      1209.5964      270.08101      30.380455     -5.8339763      19.803872
 17.1      1209.0123       269.8762      30.368538     -5.8326129      19.625256
 17.2      1208.4287       269.7818      30.900618     -5.8312688      20.502175
 17.3      1207.8452       269.8464      30.596246     -5.8299106      20.033884
 17.4      1207.2622      269.84988      30.466367     -5.8285638      20.538476
 17.5      1206.6804      269.79936      30.566678     -5.8272068      20.624548
 17.6      1206.0974      270.15643      30.669768     -5.8258584      19.786696
 17.7      1205.5142      270.03126      30.728979     -5.8244907      20.176047
 17.8      1204.9322      269.59417      30.623296     -5.8231341      19.742348
 17.9        1204.35      269.89707       30.66259     -5.8217712      21.036854
   18      1203.7686      270.00494      30.864903     -5.8204159      19.496238
 18.1      1203.1868      270.09937      30.546849      -5.819043      19.783082
 18.2      1202.6032      269.99178      31.117116     -5.8176717      19.217229
 18.3      1202.0217      269.89291      30.711906     -5.8163069       20.00338
 18.4       1201.442      270.08792      30.844572     -5.8149305      20.745409
 18.5      1200.8605      270.11534      30.713845       -5.81356      20.158128
 18.6      1200.2778      269.56863        31.0998     -5.8121828      20.497657
 18.7      1199.6975      270.12853       30.98149     -5.8108056        20.3689
 18.8      1199.1171      269.79192      30.848153     -5.8094259       20.13274
 18.9      1198.5352      269.81636      30.781042     -5.8080405       20.50571
   19      1197.9549       269.8928      31.246588     -5.8066527      20.776206
 19.1      1197.3735      270.09386      30.919407     -5.8052574      19.430958
 19.2      1196.7932      269.96211      31.355893     -5.8038773      18.671182
 19.3      1196.2121      270.07226      31.164128     -5.8024835      19.777462
 19.4      1195.6342      270.15322      31.037943     -5.8010934      20.077698
 19.5      1195.0522      270.16769      31.057616     -5.7997037      19.181091
 19.6      1194.4728      270.11132      31.109537     -5.7983053       19.56121
 19.7      1193.8931      269.76333      31.101493     -5.7969152      19.835041
 19.8      1193.3135      269.97154      31.240503     -5.7954969      20.624248
 19.9      1192.7332      270.03115      31.132907     -5.7940895      19.576423
   20      1192.1551      270.08011      31.369992     -5.7926891      20.071312
 20.1      1191.5752      270.07334      31.031891     -5.7912811      19.915752
 20.2       1190.997      270.24619      31.348153     -5.7898653      19.072065
 20.3      1190.4173      269.76124      30.873786     -5.7884553       20.02443
 20.4      1189.8385      270.10639      31.184977     -5.7870338      20.744971
 20.5      1189.2606      269.86152      31.282435     -5.7856198      20.323477
 20.6      1188.6819      270.16018      31.617885     -5.7842001      19.904116
 20.7       1188.103      270.01626      31.396107     -5.7827864      21.089597
 20.8      1187.5252      270.06199      31.466933     -5.7813647      18.970518
 20.9      1186.9467      270.07369      31.412417     -5.7799303      19.972121
   21      1186.3693      270.32771      31.308331     -5.7785036      20.445924
 21.1      1185.7911      270.09052      31.320669     -5.7770826      20.617557
 21.2      1185.2146      269.84113      31.326673       -5.77565      19.883092
 21.3      1184.6368      269.59873      31.590038     -5.7742158       20.77904
 21.4      1184.0589      269.97228      31.788086     -5.7727858      19.746109
 21.5      1183.4809      269.92454      31.685705     -5.7713396      19.117825
 21.6      1182.9048      270.28127      31.472366      -5.769894       20.27059
 21.7      1182.3278      270.01722      31.729148     -5.7684576      20.268794
 21.8      1181.7508      269.90149      31.772453     -5.7670141      20.544186
 21.9      1181.1733      270.06327       31.97003     -5.7655663       21.08217
   22      1180.5977      270.05005      31.580148     -5.7641165      21.227012
 22.1      1180.0213      270.23144      31.499379     -5.7626616      20.519712
 22.2      1179.4459      270.02732      31.821533     -5.7612119      19.811352
 22.3      1178.8694      269.95628      31.737457     -5.7597619      21.890917
 22.4      1178.2939      269.90304      31.984937     -5.7583025      20.324249
 22.5      1177.7178      269.97933      31.666609     -5.7568353      20.212259
 22.6      1177.1426       269.8404      31.735214     -5.7553712      20.768932
 22.7      1176.5667      269.85866      32.106891     -5.7539173      20.296904
 22.8      1175.9913      270.10955      31.929762     -5.7524442      19.721147
 22.9      1175.4159      270.13352      31.890014     -5.7509725      21.268993
   23      1174.8408       269.5298      31.858005      -5.749506      19.564671
 23.1      1174.2653      270.03146      32.081966     -5.7480357      20.019128
 23.2      1173.6904      270.02372      31.558532     -5.7465475        19.7937
 23.3      1173.1172      269.77051      32.082014     -5.7450871      21.025581
 23.4      1172.5424      270.26667      31.961512     -5.7435955      20.517255
 23.5      1171.9686      270.34912      32.303972     -5.7421128      20.339564
 23.6      1171.3942      270.34216      31.887039     -5.7406338      20.091915
 23.7      1170.8199      270.22549      32.126354     -5.7391419      19.637401
 23.8      1170.2471      269.96819      31.963946       -5.73766      19.605086
 23.9      1169.6727      270.18152      31.990226     -5.7361621      20.508516
   24       1169.098      270.14921      31.956193     -5.7346627      20.355335
 24.1      1168.5246      269.56107      32.355454     -5.7331774      20.541916
 24.2      1167.9517      269.63487      32.570917     -5.7316747       19.09296
 24.3       1167.379      269.93502      32.357692     -5.7301686      20.325911
 24.4      1166.8066      269.98825       32.21803      -5.728668       19.57725
 24.5       1166.234      269.95838       32.00606     -5.7271774      20.490143
 24.6      1165.6609      269.79402      32.531687     -5.7256678      20.667993
 24.7      1165.0886      270.23297      32.123377     -5.7241471      19.790716
 24.8      1164.5162      269.97242       32.31351     -5.7226313      20.145822
 24.9       1163.944      269.96944      31.996241     -5.7211172      20.432245
   25       1163.373      269.83873      32.223544     -5.7196144      19.372758
 25.1      1162.8006      270.25939      32.294797     -5.7180903      20.201284
 25.2      1162.2285      270.08779      32.648925       -5.71656      18.921229
 25.3      1161.6568      269.63269      32.639052     -5.7150481      20.216749
 25.4      1161.0848      270.06244      32.400507      -5.713521      20.229823
 25.5      1160.5144      269.93956      32.532707     -5.7120016      19.692629
 25.6      1159.9422      269.79542      32.540376     -5.7104602      19.761669
 25.7      1159.3724      270.13117       32.73792      -5.708932       20.50066
 25.8      1158.8019      269.75241      32.478136     -5.7073969      20.882516
 25.9      1158.2304      269.86377      32.814068     -5.7058547      20.195255
   26      1157.6594      270.02666      32.594732     -5.7043145      19.922887
 26.1      1157.0893      270.05774      32.958719     -5.7027848      20.021099
 26.2      1156.5201      270.08018      32.736533     -5.7012221      19.502253
 26.3      1155.9483      270.08601       32.67861      -5.699691      19.660541
 26.4      1155.3782      270.13265      32.860853     -5.6981306        19.9334
 26.5      1154.8095      269.57539      32.815543     -5.6965674       18.34712
 26.6      1154.2399      270.04789       32.76585     -5.6950285       21.18366
 26.7      1153.6702      270.33533      32.848143     -5.6934694      19.793983
 26.8      1153.1014      269.88276      33.222396     -5.6919183      19.637664
 26.9       1152.533      269.82752      32.900266     -5.6903508      19.966277
   27      1151.9632      269.90102      32.441472     -5.6888011      20.101507
 27.1      1151.3937      269.92452      32.793514     -5.6872321      20.950165
 27.2       1150.825      269.67556      32.938435     -5.6856461      19.352474
 27.3      1150.2571      269.82469      33.058496     -5.6840956      20.713695
 27.4      1149.6889       269.7955      32.934064     -5.6825166      20.252593
 27.5      1149.1208      269.95406      32.995418     -5.6809393      20.178358
 27.6      1148.5533      269.90491      33.209961     -5.6793708      20.639309
 27.7      1147.9846      270.17936      32.902122     -5.6777848        20.8179
 27.8      1147.4167      269.98311      33.009598     -5.6761988      19.125385
 27.9      1146.8491       269.7041       33.07527     -5.6746123      20.607441
   28      1146.2817      269.87634       33.30704     -5.6730175      19.299058
 28.1       1145.714      270.05612       33.14306     -5.6714476      20.492247
 28.2      1145.1478      269.76695      33.009711     -5.6698496      20.191612
 28.3      1144.5813      269.84281      33.250067       -5.66825      20.367994
 28.4      1144.0142      270.07539      33.326266      -5.666657       20.32436
 28.5      1143.4476      270.12744      33.062134     -5.6650518      18.999527
 28.6      1142.8815      269.87164      33.455166     -5.6634582      19.982957
 28.7      1142.3155      270.15982      33.178603     -5.6618605      19.785919
 28.8      1141.7485       269.8097      33.095273     -5.6602426      20.812125
 28.9      1141.1828      269.98024      33.161545     -5.6586397      19.882527
   29      1140.6163      269.90912      33.218648     -5.6570232       19.79141
 29.1      1140.0506      269.54114      33.653274      -5.655403      19.502383
 29.2      1139.4865       270.0403      33.274932     -5.6537983      20.257394
 29.3       1138.921      269.94209      33.680002     -5.6521606        19.2091
 29.4      1138.3548      269.95833      33.537367     -5.6505485       20.89593
 29.5       1137.791      270.06433      33.339939      -5.648932      21.369759
 29.6      1137.2257      269.83782      33.520048     -5.6473083      20.620988
 29.7      1136.6616      270.05809      33.879459     -5.6456755       20.04643
 29.8      1136.0955      270.41708      33.519016     -5.6440382      18.992109
 29.9      1135.5333      270.08113      33.546905     -5.6424063       20.18619
   30      1134.9683      269.82426      33.608666     -5.6407795      19.517044
 30.1      1134.4045      269.96495      33.649042     -5.6391339      19.517698
 30.2      1133.8404       270.1782      33.943389     -5.6374929      20.275587
 30.3      1133.2766      270.02658        33.8367     -5.6358407      20.064153
 30.4       1132.713      269.93942      33.737149     -5.6342002      20.569007
 30.5      1132.1498      270.05487      33.913617     -5.6325495      20.016471
 30.6      1131.5865      269.92848      33.841849     -5.6308925      20.342224
 30.7      1131.0231        270.093      33.569356     -5.6292367      18.825509
 30.8      1130.4608      269.79101      33.950799     -5.6275877      20.230513
 30.9      1129.8981      269.95427       33.96783     -5.6259201      19.984297
   31      1129.3368      270.12512      33.647725     -5.6242599      18.354248
 31.1      1128.7736      270.23719      33.616803     -5.6225917       18.58564
 31.2       1128.211      269.81664      33.755747     -5.6209291        19.7098
 31.3       1127.648      269.79646      34.023813     -5.6192554      19.169085
 31.4      1127.0875      270.16076      33.979656     -5.6175884      20.566158
 31.5      1126.5255      270.15196      34.410304     -5.6159254      19.619663
 31.6      1125.9642       269.8795        33.9312     -5.6142444      20.299889
 31.7      1125.4038      270.00075      34.032042     -5.6125577      19.913987
 31.8      1124.8411      270.01267      34.065089     -5.6108771      19.954449
 31.9      1124.2811      269.55286      33.940272     -5.6091971      18.987528
   32      1123.7196      269.88009      33.905772     -5.6075109      21.055565
 32.1      1123.1592       269.8717      33.983208     -5.6058286      19.626619
 32.2      1122.5983      270.09113      34.298438     -5.6041162       20.79515
 32.3       1122.038      270.27549       34.19685     -5.6024366      19.427612
 32.4      1121.4784      270.27549      34.395772     -5.6007347        19.9499
 32.5      1120.9187      269.94614      34.245237     -5.5990228      18.499956
 32.6      1120.3591       270.0063      34.252541     -5.5973274      19.171379
 32.7      1119.7998      269.95389      34.384893     -5.5956367      19.038424
 32.8      1119.2396      269.80445      34.194472     -5.5939042      20.413956
 32.9      1118.6802      269.70073      34.289202     -5.5922021      20.656009
   33      1118.1216      269.92974      34.462946     -5.5904948      19.409146
 33.1      1117.5617      269.91132      34.445285     -5.5887827      18.399517
 33.2      1117.0046      270.14971      34.147397     -5.5870602      20.082486
 33.3      1116.4438      269.83907      34.377589      -5.585338      20.169728
 33.4      1115.8857      270.22266      34.229431     -5.5836205       20.51212
 33.5      1115.3272      270.00112      34.611953     -5.5818816      21.223491
 33.6        1114.77      270.02652      34.374618     -5.5801499      19.593724
 33.7      1114.2118      270.00942      34.542971     -5.5784281      19.320091
 33.8      1113.6528       269.7593      34.475119      -5.576697       19.84973
 33.9      1113.0964      270.08747      34.722562     -5.5749483      20.633803
   34      1112.5386      270.19867      34.415247     -5.5732067      20.170266
 34.1      1111.9821      269.56977      34.572694     -5.5714726      19.655872
 34.2      1111.4251      270.15162      34.554414      -5.569733      21.017254
 34.3      1110.8675      269.76268       34.76363     -5.5679746      19.950199
 34.4      1110.3106      269.87219      34.643209     -5.5662291      19.867554
 34.5      1109.7556       270.0229      35.192114     -5.5644747      19.643941
 34.6      1109.1988       270.1467      34.701689     -5.5627193      20.297011
 34.7      1108.6418      269.98389      35.017969      -5.560956      20.415054
 34.8      1108.0864      269.97404      34.947344     -5.5591916      20.684673
 34.9      1107.5299      270.03049      34.870961     -5.5574289      20.375636
   35      1106.9737      270.16848      35.036624     -5.5556628      20.321768
 35.1      1106.4187      269.92228      34.914993     -5.5538836      20.118946
 35.2      1105.8634      270.01657       35.20344     -5.5521229      21.294408
 35.3      1105.3094      269.96588      35.008465     -5.5503539      20.129277
 35.4       1104.754      269.87606      34.817215     -5.5485754      20.839878
 35.5       1104.199      269.78239      35.168035     -5.5467845       19.93225
 35.6      1103.6438      269.76126      35.049098     -5.5450037      21.032877
 35.7       1103.089      269.99901      34.975694     -5.5432215      20.032317
 35.8      1102.5356      270.03653      35.038816       -5.54143      20.007876
 35.9      1101.9813      269.96568       35.49693     -5.5396356      19.305774
   36      1101.4286      269.99219      35.125834     -5.5378337      21.322707
 36.1      1100.8748      269.83479      35.229342     -5.5360406       20.03426
 36.2      1100.3212      270.04589      35.114113     -5.5342423      20.179721
 36.3      1099.7679      269.90471      34.879862      -5.532452      19.226375
 36.4       1099.214      270.09085      35.121696     -5.5306422      21.047809
 36.5      1098.6609      270.00979      35.395011      -5.528839      20.280888
 36.6      1098.1076      269.76326      35.241539     -5.5270178      18.702783
 36.7      1097.5544       270.1079      35.418029     -5.5252103      20.687775
 36.8      1097.0029      269.90142      35.441963     -5.5233857      19.523295
 36.9      1096.4507      269.77385      35.616012     -5.5215656      20.494436
   37      1095.8997       269.9379      35.269719     -5.5197362       20.14541
 37.1      1095.3463      269.99675      35.450926     -5.5179167      20.259944
 37.2      1094.7959      270.07278      35.482587       -5.51609      20.692336
 37.3      1094.2438      270.16474      35.565378     -5.5142642      20.534501
 37.4      1093.6921      270.14619      35.533955     -5.5124249      20.595942
 37.5      1093.1407      269.82395      35.494261     -5.5105924      19.534263
 37.6      1092.5906      270.13974      35.948356     -5.5087685       20.73585
 37.7      1092.0389       269.9332       35.64829     -5.5069059      20.049667
 37.8      1091.4902      269.98677      35.554805     -5.5050686      20.030338
 37.9      1090.9383      269.91203      35.454605     -5.5032061      19.473843
   38      1090.3884      270.14776      35.647944     -5.5013662      19.810408
 38.1      1089.8379      269.92238      35.742533     -5.4995112      20.365659
 38.2       1089.288      270.26959      36.017766     -5.4976598      20.897949
 38.3      1088.7391      269.96857      35.233386     -5.4958043      19.659592
 38.4      1088.1887       270.3743      35.631902     -5.4939298      20.093461
 38.5      1087.6414      270.09418      35.767747     -5.4920731      20.081825
 38.6      1087.0904      270.07227       36.02229      -5.490199      20.103545
 38.7      1086.5418      270.05188      35.794875      -5.488338       19.99749
 38.8      1085.9934      270.00014      35.931696     -5.4864646      20.376913
 38.9      1085.4448      270.16321      36.089004     -5.4845691      20.217446
   39      1084.8958      269.72212       35.99659      -5.482693      20.446909
 39.1      1084.3479      269.83556      35.857178     -5.4808125       21.35888
 39.2      1083.8011      269.93152      35.875784     -5.4789343      20.475557
 39.3      1083.2516      270.06768      36.015596     -5.4770462      19.616665
 39.4      1082.7037      269.90205      36.072561       -5.47515        20.5349
 39.5      1082.1567      269.77648      35.849826     -5.4732565      20.854283
 39.6      1081.6106      269.80909      36.160996      -5.471359      19.070609
 39.7      1081.0643      269.91472      36.199102     -5.4694658      19.843753
 39.8      1080.5158      269.99371      36.228903     -5.4675584      19.701718
 39.9      1079.9709      269.96443      36.389876     -5.4656538      18.973963
   40      1079.4229      270.05138      36.137624     -5.4637406      20.493416
 40.1      1078.8775      270.26577      36.173721     -5.4618346      18.866643
 40.2      1078.3313       270.0742      36.563106     -5.4599215      20.904526
 40.3      1077.7848      269.93081      36.117071     -5.4580035      21.030036
 40.4      1077.2391      269.92561      36.290114     -5.4560854      20.847343
 40.5      1076.6934      270.08202      36.605746     -5.4541564      19.365351
 40.6      1076.1477      270.04337      36.570593     -5.4522364      21.155601
 40.7      1075.6043      270.14868      36.354242     -5.4503009      20.838394
 40.8      1075.0576      269.99996      36.476618     -5.4483677      20.108294
 40.9      1074.5134      270.07976      36.356469     -5.4464295      20.729248
   41      1073.9698      269.77995      36.482831     -5.4444971      20.609753
 41.1      1073.4246      269.78714      36.762748     -5.4425478      19.697656
 41.2      1072.8798       269.9324      36.608263     -5.4406027      20.569616
 41.3      1072.3366      269.84654      36.344547     -5.4386561      20.515606
 41.4      1071.7925       269.8624      36.798476     -5.4367079      19.719261
 41.5      1071.2494      270.26343      36.487368     -5.4347554       19.59559
 41.6      1070.7054      269.94003      36.780989     -5.4327937      19.060429
 41.7      1070.1627      269.99201      36.843207     -5.4308237      21.107107
 41.8      1069.6196      270.19249      36.844655     -5.4288722       20.07662
 41.9      1069.0766      270.15023      36.637335     -5.4269022      19.878377
   42      1068.5334       269.9822      36.668667      -5.424933      19.163664
 42.1      1067.9912      269.78005      36.963632     -5.4229671      19.742964
 42.2      1067.4482      270.15307      36.668326     -5.4209914      19.773968
 42.3      1066.9082       270.0769       36.86616     -5.4190055      20.630811
 42.4       1066.366      270.18676      37.088833     -5.4170241      19.572307
 42.5      1065.8249      269.94083      36.982783     -5.4150394      19.863615
 42.6      1065.2828      269.66725       37.17633     -5.4130408      19.796092
 42.7        1064.74      270.00779       36.88372     -5.4110751      19.979101
 42.8      1064.2005      270.12805      37.155677     -5.4090678      20.701876
 42.9        1063.66      269.83958      36.822107     -5.4070613      18.365767
   43      1063.1192      270.15637      37.237933     -5.4050735      21.249309
 43.1      1062.5801      269.93071      37.345541      -5.403057      19.741253
 43.2       1062.038      269.98944      36.927041     -5.4010579      20.756158
 43.3      1061.4985      270.07589      37.084632     -5.3990525      20.482588
 43.4      1060.9591      270.05498      36.829795     -5.3970404      20.625316
 43.5      1060.4183      269.66313      37.074111     -5.3950216      20.308059
 43.6      1059.8804      269.96004      37.109912     -5.3930082      20.331314
 43.7      1059.3411        270.337      37.101094     -5.3909888      20.097902
 43.8      1058.8022      269.96842      37.408723     -5.3889618      19.942495
 43.9      1058.2627      269.67194      37.305872     -5.3869292      21.233012
   44      1057.7234      269.77216      37.267094     -5.3849064      19.577866
 44.1      1057.1861      270.30166      37.186523     -5.3828622      21.204871
 44.2      1056.6465      270.10448      37.505158     -5.3808407       19.69789
 44.3      1056.1094      270.02999      37.578319     -5.3787848      19.981251
 44.4      1055.5721      269.89278      37.474966      -5.376727      21.033265
 44.5      1055.0342      270.07274       37.42451     -5.3746905      19.458282
 44.6      1054.4979      269.80202      37.813583     -5.3726471      19.884955
 44.7      1053.9598      270.10263      37.849826     -5.3705866      19.770579
 44.8      1053.4228      269.73707      37.623494     -5.3685304      20.821772
 44.9      1052.8863      270.07256      37.311863     -5.3664717      19.163317
   45      1052.3497      269.79982      37.840932     -5.3644121      19.931405
 45.1      1051.8122       269.5355      37.567181     -5.3623371      19.204674
 45.2      1051.2762      270.10332      37.433671     -5.3602816        20.4559
 45.3      1050.7415      269.72088      37.539179     -5.3581985       19.61277
 45.4      1050.2065       270.1685      37.900097     -5.3561278      20.293753
 45.5      1049.6706      269.80758      37.863982     -5.3540522      19.787912
 45.6       1049.134      270.11472      37.799281     -5.3519628      20.902788
 45.7      1048.5991       269.8699      37.846866     -5.3498672      20.531594
 45.8      1048.0651      270.17727      37.744994     -5.3477911      20.723666
 45.9      1047.5308      269.91868      38.040343     -5.3456982       18.86548
   46      1046.9949      270.36853        37.8526     -5.3436032      20.251217
 46.1      1046.4605      270.13193      37.934841     -5.3414919      19.012873
 46.2      1045.9274      269.98031      38.082207     -5.3394035      19.810422
 46.3      1045.3919      270.37022      37.764392     -5.3372735      18.961861
 46.4      1044.8604      270.05437      38.227447     -5.3351797      19.665654
 46.5      1044.3268      270.06935      37.985041     -5.3330855      20.106335
 46.6      1043.7929       269.8129      38.363775     -5.3309522      20.929378
 46.7      1043.2606      270.13491       38.17434     -5.3288333      19.003775
 46.8       1042.728      270.02588      37.893826     -5.3267157      18.677644
 46.9      1042.1942      269.66108      38.167016     -5.3245905      19.952957
   47      1041.6632      269.88812       38.31301     -5.3224601      20.710955
 47.1       1041.131      270.06456      38.305758     -5.3203257      20.197002
 47.2       1040.599      270.00057      37.796455     -5.3182005      20.298133
 47.3      1040.0659      269.97163         38.225     -5.3160432      19.037862
 47.4      1039.5357      269.83074      38.173357     -5.3139125      20.117224
 47.5      1039.0036      270.01107      38.275315     -5.3117706      20.307154
 47.6      1038.4739      270.26339      38.079904     -5.3096243      18.616473
 47.7      1037.9417      270.29568      38.400626     -5.3074614      19.988359
 47.8      1037.4115      270.05039       38.52999      -5.305321       20.30943
 47.9      1036.8804      269.87691      38.335709     -5.3031492      20.297421
   48      1036.3509      270.10915      38.431341     -5.3009903      20.206019
 48.1      1035.8208      269.89329      38.812356     -5.2988204      21.294185
 48.2      1035.2914      270.01611      38.272273     -5.2966539      20.742637
 48.3      1034.7617      270.13296      38.537987     -5.2944851      20.704257
 48.4      1034.2313      270.15926      38.534076      -5.292301      19.394065
 48.5      1033.7022      270.08729        38.7078     -5.2901279      19.659072
 48.6      1033.1744      269.96912      38.594391     -5.2879464      20.225165
 48.7      1032.6464      269.95266      38.660258     -5.2857646      19.198941
 48.8       1032.117      269.70771      39.118119     -5.2835744      19.818192
 48.9      1031.5891      270.08875      38.744303     -5.2813661      18.826073
   49      1031.0608      270.19339      39.036296       -5.27919      20.319478
 49.1      1030.5327      270.02699      38.793945     -5.2769859      19.848586
 49.2      1030.0044      270.17646      38.668872     -5.2747748      20.252269
 49.3      1029.4787      270.18385        38.5825     -5.2725602      18.839467
 49.4      1028.9508       269.9225      38.943672     -5.2703683      20.648445
 49.5      1028.4238      270.19419      38.766071     -5.2681419      19.346619
 49.6      1027.8967      270.04018      38.891941     -5.2659299       20.69389
 49.7      1027.3714      270.07276      38.884865     -5.2637046      20.164765
 49.8      1026.8436      270.11314      38.986702     -5.2614842      20.307566
 49.9      1026.3184      270.06992      38.770132     -5.2592642      19.755966
   50      1025.7925      269.90392      39.114543     -5.2570227      20.138544
 50.1      1025.2669      270.29233      39.035827     -5.2547956      19.524417
 50.2      1024.7417      270.26876      39.134969     -5.2525485       19.81591
 50.3      1024.2158      270.04019      38.994103     -5.2503107      20.286958
 50.4      1023.6914      269.83529      39.412677     -5.2480763      19.890159
 50.5      1023.1667       270.2086      39.135083     -5.2458166      20.182378
 50.6      1022.6415      270.11868      39.387823     -5.2435706      20.966707
 50.7      1022.1178      269.86261       39.21612       -5.24132      19.419408
 50.8      1021.5934      270.55051      39.196193     -5.2390515      19.479962
 50.9      1021.0701      269.66881      39.354365     -5.2367965       19.63934
   51      1020.5469      270.21369      39.682894     -5.2345169      20.838939
 51.1      1020.0227      270.07682      39.339483     -5.2322578      19.675753
 51.2      1019.5004      270.05881      39.705457     -5.2299859      20.552063
 51.3      1018.9763        270.013      39.478063     -5.2277106      20.591416
 51.4      1018.4546      270.00271       39.54619     -5.2254285      18.735565
 51.5      1017.9315      270.09556      39.464121     -5.2231486      20.524476
 51.6      1017.4109       270.1725      39.421868     -5.2208568      19.101237
 51.7      1016.8873      270.36803        39.5331       -5.21857      18.640974
 51.8      1016.3659      270.05274      39.728165     -5.2162659      19.950003
 51.9      1015.8457      269.99387      39.443138     -5.2139782      19.571097
   52      1015.3231      269.82567      39.578195     -5.2116711        20.8594
 52.1      1014.8022      270.05417      39.730662     -5.2093623      19.986311
 52.2      1014.2811      270.08427      39.976041     -5.2070638      20.816531
 52.3      1013.7621      270.03413      39.696898      -5.204752      19.997087
 52.4      1013.2399      270.11548      40.056615      -5.202419      19.145446
 52.5      1012.7205      269.88889      39.498862     -5.2001101      20.139884
 52.6       1012.201      270.37471       40.04983     -5.1977847      20.413911
 52.7      1011.6806      270.02435       39.61572     -5.1954547      21.278625
 52.8      1011.1613      269.85251      39.860376     -5.1931241      19.383803
 52.9      1010.6426      270.00384      39.887918     -5.1907883      19.497668
   53      1010.1243      270.04504      39.940096     -5.1884514      19.474104
 53.1      1009.6045      269.99032      40.221732     -5.1861069      20.833636
 53.2      1009.0864      269.96962      40.179611     -5.1837674      20.291807
 53.3      1008.5685      269.84014      40.274096     -5.1814136      20.055104
 53.4      1008.0507      269.92856      39.989019     -5.1790658      20.091515
 53.5      1007.5327      269.92122      40.258115     -5.1767023      21.497161
 53.6      1007.0139      269.98256      39.903551     -5.1743428      20.634062
 53.7      1006.4983      270.10125      40.559824     -5.1719858      19.354504
 53.8      1005.9788      270.03092      40.303832      -5.169609      20.455269
 53.9      1005.4634      269.81778      40.535746      -5.167254      20.715525
   54      1004.9463      269.97636      40.327087      -5.164878      19.958502
 54.1      1004.4307      270.01525      40.182738     -5.1624928      21.187834
 54.2      1003.9149      269.90748      40.273953     -5.1601074      20.504565
 54.3      1003.3983      269.70167      40.195599     -5.1577234      17.732009
 54.4      1002.8826      270.09582       40.43295     -5.1553161      19.540221
 54.5      1002.3661      270.12248      40.510248     -5.1529332      20.253435
 54.6      1001.8526      270.30224      40.233111     -5.1505277      19.423452
 54.7      1001.3389      269.96352      40.733216     -5.1481342      19.325498
 54.8      1000.8231      270.17897      40.745028     -5.1457463      19.690486
 54.9       1000.308      269.90875      41.306236     -5.1433122       19.65679
   55      999.79243       269.9197      40.666352     -5.1409067      20.918674
 55.1      999.27873      270.36315      40.718865     -5.1384845      20.386137
 55.2      998.76546      269.85319      40.625613     -5.1360786      19.733879
 55.3      998.25153      270.24911      41.053818     -5.1336481      19.441394
 55.4      997.73987      269.98392      40.956175     -5.1312308      19.626371
 55.5      997.22631      270.03102      40.674344     -5.1287853      20.835962
 55.6       996.7131      269.86428      40.657964     -5.1263599      19.807029
 55.7      996.20041      269.78346      41.019561     -5.1239299       19.85897
 55.8      995.68964      270.15217      40.474436     -5.1214758      19.507846
 55.9      995.17618      270.15988      41.190434     -5.1190381      20.345144
   56      994.66477      270.05599      41.054433     -5.1165756      19.541352
 56.1      994.15499      270.30415      40.709322      -5.114122      19.530442
 56.2      993.64129      269.97896      41.152216     -5.1116735      20.016911
 56.3       993.1309      269.44534      41.189529     -5.1092061      19.047808
 56.4      992.62007      270.11572      41.427177     -5.1067334      19.631524
 56.5      992.11049      270.17343      41.244926     -5.1042645      21.036231
 56.6       991.5998      270.17092      41.184391     -5.1017983      20.001459
 56.7      991.08914      270.05561      41.240426     -5.0993135      20.018316
 56.8      990.57893      270.15929      41.541408     -5.0968435      19.911864
 56.9      990.07011      269.90684      41.284824     -5.0943514      20.475883
   57      989.56081      269.94943        41.3203     -5.0918572      20.448776
 57.1      989.05136      269.79003      41.241865     -5.0893658      20.409845
 57.2      988.54241      269.89735      41.212579     -5.0868794      19.887752
 57.3      988.03415      270.10021      41.249074     -5.0843726      20.105738
 57.4      987.52499      270.28102       41.50537     -5.0818741      20.394726
 57.5      987.01828      270.38059      41.567526      -5.079352       19.99731
 57.6      986.50981      269.91226      41.232357     -5.0768449      19.579677
 57.7      986.00337      269.97895      41.340302     -5.0743268      19.501896
 57.8      985.49569      269.90969      41.279891     -5.0718021      19.664785
 57.9      984.98806      269.91557      41.588906     -5.0692875      19.998582
   58      984.48166      269.88372      41.164587     -5.0667625      20.024514
 58.1      983.97458      270.01955      41.204103     -5.0642153       21.35436
 58.2       983.4691      270.14047       41.66267     -5.0616872      19.559765
 58.3      982.96225      269.79703      41.715319     -5.0591317      20.568015
 58.4      982.45691      270.28062      41.566681     -5.0565916      19.640368
 58.5      981.95096      269.95248      41.982986      -5.054039      20.603489
 58.6      981.44633      270.10787      41.805684     -5.0515023      20.721314
 58.7      980.93996      270.17035      41.619581     -5.0489349       19.31027
 58.8      980.43634      269.83437      41.773615     -5.0463732      19.977993
 58.9      979.93121      270.06638       41.55459     -5.0438032      19.199451
   59      979.42698      269.78364      41.978779     -5.0412447      19.927023
 59.1       978.9227      270.11794      42.040709     -5.0386759      20.075084
 59.2      978.42055      270.07001       42.12159     -5.0360882      20.463313
 59.3      977.91696      269.84457      41.784345     -5.0335147      21.084826
 59.4      977.41331      270.23158      42.124646     -5.0309363      20.104842
 59.5      976.91025       270.4596      41.893633     -5.0283371      20.069932
 59.6      976.40685      269.90655      42.109037     -5.0257519      20.725162
 59.7      975.90557       270.1609      42.019193     -5.0231642      20.381221
 59.8      975.40279      269.80255      42.365283     -5.0205616      18.929751
 59.9      974.90077      270.02987      42.387544     -5.0179481      20.933546
   60      974.39891      269.78373      42.084563     -5.0153251      19.061408
 60.1      973.89757      269.99558       41.97805     -5.0127221      20.614178
 60.2      973.39653       270.3989      42.166285     -5.0101046      20.533824
 60.3      972.89551      270.23051      41.960428      -5.007487      19.857185
 60.4      972.39592      269.79477      42.372945     -5.0048595      20.908686
 60.5      971.89427      269.98788      42.629357     -5.0022372      19.965336
 60.6      971.39517      270.18062      42.504984     -4.9995962      19.484381
 60.7      970.89558      270.06672      42.190048     -4.9969503      19.544543
 60.8      970.39465      270.24152      42.616313     -4.9943109      19.338079
 60.9      969.89563      269.77328      42.525281     -4.9916691      19.677128
   61      969.39719      269.72067      42.781814     -4.9890316      18.819768
 61.1      968.89788      270.04588      42.727698     -4.9863651      19.688539
 61.2      968.39899      269.99855      42.365601     -4.9837039      20.716356
 61.3      967.90076       270.1973      42.551987     -4.9810446      19.492083
 61.4      967.40237      269.75344      42.659281     -4.9783762      19.710515
 61.5      966.90526       269.8492      42.788402     -4.9757056        19.4394
 61.6      966.40677      270.05641      42.668699     -4.9730339      19.756886
 61.7       965.9097      269.98098       42.96552      -4.970352      20.306791
 61.8       965.4143      270.14977      42.857267      -4.967671      19.444047
 61.9      964.91811      269.93701      42.839972     -4.9649797      20.240938
   62      964.42125      270.18311      42.831702     -4.9622979      19.811411
 62.1       963.9257      270.03577      42.753996      -4.959588      19.733775
 62.2      963.42901      270.13484      43.103415     -4.9568931      18.777678
 62.3      962.93351        270.129      42.833612     -4.9541981      21.028547
 62.4      962.44051      270.03439      43.254858     -4.9514807      18.732479
 62.5      961.94339      269.90081      43.044145     -4.9487635      19.899076
 62.6      961.44795      269.86006      42.993411     -4.9460491      20.194965
 62.7      960.95431      270.30227      43.097787     -4.9433191      20.777912
 62.8      960.45998      269.99139      43.272969     -4.9406089      19.232195
 62.9      959.96633      269.98453      43.488198     -4.9378707      19.673256
   63      959.47306      270.13508      43.041445     -4.9351365      19.992237
 63.1      958.97843      270.08888      43.435886     -4.9324017      20.375822
 63.2      958.48554      269.85292      43.438582     -4.9296588      20.152915
 63.3      957.99384      270.26633      43.223928     -4.9269102      19.987455
 63.4      957.50015      270.11199      43.376263     -4.9241599      18.922864
 63.5      957.00801      270.12005      43.471295     -4.9213934      19.118429
 63.6      956.51676      269.87389      43.279105      -4.918639      20.286648
 63.7      956.02498      270.12603      43.125618     -4.9158815      20.862665
 63.8        955.534      270.37849      43.718845     -4.9131117      20.722441
 63.9      955.04171      270.04674      43.579332     -4.9103376      19.564455
   64      954.55126      270.13698      43.481977     -4.9075571      20.001203
 64.1      954.06029      269.93446       43.84245     -4.9047718      20.883945
 64.2      953.57019      269.82426      43.744774     -4.9019833      19.752329
 64.3      953.07961      270.00986      43.539429     -4.8991982      20.484917
 64.4      952.59034      269.88725      44.043237     -4.8964018      21.011366
 64.5      952.10052      269.73625      43.845438     -4.8936076      20.897177
 64.6      951.61121      270.03431      43.815164     -4.8907891      19.920758
 64.7      951.12131      269.97472      43.987031     -4.8879896      20.207676
 64.8      950.63409      270.10511      43.656635      -4.885177       20.34657
 64.9      950.14538      270.21303      44.170855     -4.8823706      19.559091
   65      949.65731      270.14242       43.86784     -4.8795484      20.489123
 65.1      949.16935      269.98044      44.138835     -4.8767165      20.501838
 65.2      948.68216      270.11406       43.97666     -4.8738935      19.560294
 65.3      948.19469      270.25396      43.499173     -4.8710572      19.177304
 65.4      947.70809      269.45851      44.098831     -4.8682125      19.281345
 65.5      947.21961      270.04394      44.085463     -4.8653695      20.424399
 65.6      946.73486      269.88266      44.110947     -4.8625257      20.289863
 65.7      946.24905      270.15745      44.284452     -4.8596703       18.64725
 65.8      945.76295      269.90866      44.553677     -4.8568182      19.072543
 65.9      945.27702      269.85839      44.211555     -4.8539472      20.465312
   66      944.79369      269.93689      44.040364     -4.8510907      20.083758
 66.1      944.30619      269.93117      44.273668      -4.848218      19.917891
 66.2      943.82218      270.27898      44.188748     -4.8453399      21.025212
 66.3       943.3376      269.90727      44.305289     -4.8424628      20.898135
 66.4      942.85367      270.34297      44.487403     -4.8395779      19.737481
 66.5      942.37048      270.06878      44.183674     -4.8366936      20.338347
 66.6      941.88646        269.741       44.40083     -4.8337945      19.917468
 66.7      941.40259      270.11174      44.574081     -4.8309071      20.089561
 66.8      940.92067      270.03975      44.604596     -4.8280023      21.198692
 66.9      940.43702      270.12532      44.704771     -4.8250881      19.372913
   67      939.95497      269.93673      44.585444      -4.822177      19.446527
 67.1      939.47361      270.07111      44.656154     -4.8192669      19.478717
 67.2       938.9921      269.88732      44.684482     -4.8163533       19.79614
 67.3       938.5103      269.75751      44.539056       -4.81344      19.371688
 67.4      938.02789      269.95968      44.523663     -4.8104968      20.340172
 67.5      937.54845      270.01739       44.64997     -4.8075643      19.423636
 67.6      937.06711      270.13971      44.843988     -4.8046129      20.336743
 67.7      936.58641      269.90552      44.964093     -4.8016956      19.363187
 67.8      936.10699      270.03436      44.587736     -4.7987271      20.756541
 67.9      935.62736      270.32063      44.782973     -4.7957781      20.130713
   68      935.14875      270.24797      44.679724     -4.7928221      21.180988
 68.1      934.66931      270.01355      45.427763     -4.7898638      20.025335
 68.2      934.18985      270.07742      45.285089     -4.7868907       21.25705
 68.3      933.71134      269.86445      44.927629     -4.7839257      20.047843
 68.4      933.23293      269.79098      45.351585     -4.7809461      19.022454
 68.5      932.75572      269.92106      45.552857     -4.7779751      20.070225
 68.6      932.27728       269.8599       45.28581      -4.774999      19.528541
 68.7      931.80078      270.02069      44.833438     -4.7719938      20.717132
 68.8      931.32365      270.20939      45.033002     -4.7690081       20.04405
 68.9      930.84622      270.04065      45.333872     -4.7660021      21.489822
   69      930.37036      270.14552      45.481631     -4.7630075      19.915399
 69.1       929.8939       269.9867      45.436702     -4.7600039       19.38923
 69.2      929.41777      270.24572      45.449324     -4.7569797      19.795856
 69.3      928.94328      269.86049      45.300334     -4.7539801      18.912544
 69.4      928.46649      269.75739       45.19904      -4.750952      20.758266
 69.5      927.99217      270.09588      45.281744     -4.7479212      20.832208
 69.6      927.51837       270.1701      45.802415     -4.7448856      18.884887
 69.7      927.04309      269.64007      45.657313     -4.7418587      20.335594
 69.8      926.56848      270.10654      45.766023      -4.738816      20.943032
 69.9      926.09557      269.96466      45.377954     -4.7357817      20.619521
   70      925.62183      270.21995      45.665976     -4.7327198      20.830912
 70.1      925.14782      269.84557      45.752566     -4.7296777      20.090832
 70.2      924.67602      269.91223      45.545415     -4.7266027      20.699564
 70.3      924.20378      270.46185      45.775167     -4.7235441      21.225967
 70.4       923.7319      270.15019      46.088776     -4.7204697      20.659504
 70.5      923.26088      269.96243      45.937144     -4.7174025       19.77893
 70.6      922.78795       269.9609       45.97635     -4.7143267      19.441389
 70.7      922.31684      269.71834      46.161802     -4.7112332      20.733437
 70.8      921.84454       269.9105      45.680409     -4.7081471      19.324226
 70.9      921.37502      269.97622      46.110847     -4.7050561      19.012721
   71      920.90509      270.07031      46.051528     -4.7019625      20.250256
 71.1      920.43475      270.02569      46.080429     -4.6988566      20.416489
 71.2      919.96623      269.63295      46.087547     -4.6957547      19.377284
 71.3      919.49481      270.16312      46.117527     -4.6926508      18.866465
 71.4      919.02595      269.66932      45.960677     -4.6895319      18.921951
 71.5        918.558      270.07516      46.191964     -4.6864085      19.850913
 71.6       918.0897       269.8303      45.987964      -4.683283      20.373058
 71.7      917.62067      269.96426      46.237315     -4.6801445      19.920979
 71.8      917.15374      269.97059      46.034788     -4.6770118      20.685771
 71.9      916.68655      269.99892      46.556036     -4.6738783      19.793767
   72      916.21802      270.02059      46.621979     -4.6707344      19.804866
 72.1      915.75139      270.44111      46.791973     -4.6675755      18.941525
 72.2      915.28467      270.27189      46.529068     -4.6644239      20.063912
 72.3      914.81826      270.14231      46.532711     -4.6612575      21.103457
 72.4      914.35185      269.63355      46.724831     -4.6580827      19.154379
 72.5      913.88731      269.81498      46.285676     -4.6549233      19.401389
 72.6      913.42094      270.19003      46.506382     -4.6517501      19.401929
 72.7       912.9556      270.06933      46.923463     -4.6485746      20.026209
 72.8      912.49283      269.95215      46.613589     -4.6453949      20.243926
 72.9       912.0273      270.13002       46.57867     -4.6421955      20.211181
   73       911.5626       270.1232      46.980704     -4.6390062      19.653032
 73.1      911.10039      270.32204      46.601714     -4.6358013       19.03568
 73.2      910.63701      269.42884      47.134447     -4.6326011      19.217082
 73.3      910.17255      270.05557      46.874713     -4.6293962       19.45991
 73.4      909.71001      269.80942      47.106221     -4.6261595       19.71438
 73.5      909.24679      270.25787      46.899567     -4.6229536      18.886507
 73.6      908.78582      269.84238      46.900966     -4.6197244      20.380465
 73.7      908.32578      270.13027      46.900859      -4.616511       18.76541
 73.8      907.86227      270.05164      46.797647     -4.6132757      19.706828
 73.9      907.40069      269.84312      47.169924     -4.6100324      19.434249
   74      906.94032       270.0913      47.086757      -4.606779      20.131109
 74.1      906.47907      270.26198      47.488882     -4.6035281      20.221472
 74.2      906.01972      270.07608      47.347526     -4.6002867      20.248574
 74.3      905.55869      270.15876      47.361579     -4.5970185      19.046853
 74.4      905.10083      270.12884      47.431389      -4.593764       20.08286
 74.5      904.64126      269.79309      47.192972     -4.5904868      19.987593
 74.6      904.18209      270.03285      47.193644     -4.5872028       20.00962
 74.7      903.72339      270.05406      47.494099      -4.583932      19.952897
 74.8      903.26357      270.01619      47.596577     -4.5806447      20.626613
 74.9       902.8076      269.78556      47.413686     -4.5773618       20.91027
   75      902.34889      270.11389      47.629515     -4.5740593       19.21997
 75.1      901.89298      270.28756      47.297689     -4.5707688      19.902053
 75.2      901.43564      269.97928      47.654657     -4.5674553      19.816753
 75.3      900.97929      269.53775      47.665059     -4.5641454      18.840437
 75.4      900.52309      270.21529      47.725059     -4.5608288      20.405453
 75.5      900.06674      269.75116      47.716474     -4.5575138      19.233649
 75.6      899.61051      270.05915       47.75165     -4.5541895      20.466861
 75.7      899.15711      269.74453      47.839831     -4.5508648        18.4791
 75.8      898.70212      269.41803      47.637052     -4.5475232      19.647904
 75.9      898.24677      270.03672      47.598762     -4.5441898      20.635825
   76      897.79307      269.82211      47.953615     -4.5408463      20.396281
 76.1      897.33889      270.04435      47.883459     -4.5374852       20.61784
 76.2      896.88593      269.82341      48.092483     -4.5341411      19.643742
 76.3      896.43146      270.02695      48.037514     -4.5307756      21.277931
 76.4       895.9792      269.81284      48.237246     -4.5274041      19.690989
 76.5      895.52635      269.95249      48.236048     -4.5240373      19.668211
 76.6      895.07346      270.25303      48.171565     -4.5206636      20.003978
 76.7      894.62146      269.93528      48.238886      -4.517278       20.13769
 76.8      894.16979      269.75551      48.598459     -4.5138908      20.362938
 76.9      893.71925      269.92206      47.856279     -4.5104947      19.317275
   77      893.26821      269.91965      48.383071     -4.5071045      19.771363
 77.1      892.81767      269.95575      48.545232     -4.5037043      21.096383
 77.2      892.36697      270.00756      48.131515     -4.5002933      20.212095
 77.3      891.91835      269.97981      48.274741     -4.4968847      20.087048
 77.4      891.46756      270.06097      48.337046     -4.4934622      19.778102
 77.5      891.01883      269.97729      48.499274     -4.4900307      20.289501
 77.6      890.57124      270.19277       48.63917     -4.4866105      21.032257
 77.7      890.12071      269.91301      48.641662     -4.4831811      19.691448
 77.8      889.67334       270.1167      48.653377     -4.4797344      20.307848
 77.9      889.22515      270.20235      48.622583     -4.4762918      20.225145
   78      888.77854      270.00781      48.353031     -4.4728484      20.045701
 78.1      888.33095      269.83963      48.764468     -4.4693906      19.944828
 78.2      887.88436        269.951       48.53711     -4.4659289      18.897097
 78.3      887.43779      270.24856      48.703824     -4.4624588        19.3897
 78.4      886.99244      270.07434      49.030618     -4.4589911       19.11839
 78.5      886.54584      269.97764      49.069173     -4.4555235      20.529042
 78.6      886.10166      270.16334      48.635581     -4.4520436      20.003323
 78.7      885.65638      269.90697      49.083861     -4.4485637      19.613838
 78.8      885.21193      269.83134      48.593387     -4.4450536      18.666771
 78.9      884.76701      269.81265      48.927772     -4.4415653      20.162374
   79      884.32432      270.14542      48.917827     -4.4380569      20.337274
 79.1      883.87889      270.14081      49.169495     -4.4345533      20.747406
 79.2      883.43524      270.02778      49.103131     -4.4310522      19.853565
 79.3      882.99321      269.85971      49.052709     -4.4275243      20.668723
 79.4      882.55072      269.99484      49.204126     -4.4240022      20.349121
 79.5       882.1084      269.77609      49.340672     -4.4204784       20.54732
 79.6      881.66606      269.97703      49.415529     -4.4169422      20.908702
 79.7      881.22415       270.2043      49.532789     -4.4133977      21.077138
 79.8      880.78414       269.8306       49.45128     -4.4098495      20.205953
 79.9      880.34268      269.83738      49.269682     -4.4063038      19.661137
   80      879.90292       269.9804      49.421254     -4.4027513      20.267976
 80.1      879.46338      270.15036      49.559926     -4.3991829      20.009485
 80.2       879.0221       270.2825      49.233003     -4.3956155      19.354884
 80.3      878.58289      270.39628      49.589081     -4.3920439      19.989193
 80.4      878.14451      269.94347      49.750627     -4.3884745      20.619824
 80.5      877.70498      270.26821      49.736962     -4.3848892      19.830109
 80.6      877.26806      269.69414      49.911125     -4.3812954      20.566386
 80.7      876.82964      269.94975      49.758456     -4.3776996      20.766142
 80.8      876.39089      269.81015      49.789953     -4.3741108      20.903293
 80.9      875.95485      270.43517      50.134387     -4.3705076      20.077406
   81      875.51757      269.77236      50.084467     -4.3668979      19.543284
 81.1      875.08086      269.83899      49.934296     -4.3632743      20.027162
 81.2      874.64541      270.00477      49.955473      -4.359655      19.828952
 81.3      874.20892      270.06795      49.711349     -4.3560272       19.61888
 81.4      873.77248      270.30714       50.03227      -4.352394      19.520477
 81.5      873.33827      269.78969      50.044696     -4.3487641      21.225897
 81.6      872.90395      269.86212      50.357151     -4.3451194      20.213352
 81.7      872.46984      270.14118      50.378127     -4.3414642      20.413527
 81.8      872.03609      269.72183      50.115853     -4.3378134      20.141763
 81.9      871.60269       269.7795      50.130131     -4.3341582      20.311456
   82       871.1683      269.96896      50.290544     -4.3304941      19.584823
 82.1      870.73653      270.07735      50.537548     -4.3268171      19.908474
 82.2      870.30448      270.04475      50.293318       -4.32314      19.211295
 82.3      869.87223      269.76647      50.279854     -4.3194463      19.845974
 82.4      869.43937      269.68021      50.286115     -4.3157775      19.487378
 82.5      869.00873      270.24784      50.392997     -4.3120898      20.006698
 82.6      868.57652      269.96583      50.519211     -4.3083816      19.264558
 82.7      868.14724      269.74289      50.469723     -4.3046762      20.663629
 82.8      867.71637      270.09978      50.568721     -4.3009755      19.407288
 82.9      867.28771      270.09709      50.638004     -4.2972633      20.018323
   83      866.85733      269.98674      50.722611      -4.293536      19.408919
 83.1      866.42697        270.316      50.963695     -4.2898148      20.672406
 83.2      865.99823      270.15343      51.026215     -4.2860764      20.683864
 83.3      865.56995      270.12748      50.622988     -4.2823494         20.898
 83.4      865.14168      269.82285      50.940515     -4.2786061      21.246142
 83.5      864.71501      269.81137      50.810383      -4.274852      21.435916
 83.6      864.28681       270.2368      50.497765     -4.2711012      19.247758
 83.7      863.85918      269.91127      50.804707     -4.2673334      21.308456
 83.8      863.43315      270.20478      51.121899     -4.2635797      20.535612
 83.9       863.0069      270.20745      51.167778     -4.2598033      19.778664
   84      862.58187      270.07447      51.180586     -4.2560266      19.854277
 84.1      862.15669      270.07532      51.286407     -4.2522464       20.01335
 84.2      861.73147      270.08394      51.246551     -4.2484613      19.765872
 84.3      861.30733       270.0814      51.114798     -4.2446661      20.974029
 84.4      860.88214      270.00067      51.477928     -4.2408665      20.427869
 84.5      860.45785       269.6833         51.115     -4.2370614      20.131713
 84.6      860.03536      269.99754      51.206117     -4.2332538      20.312943
 84.7      859.61206      269.84095      51.391981     -4.2294317       20.55896
 84.8      859.18854      269.96042      51.633314     -4.2256098      20.785873
 84.9      858.76693      270.20872      51.340987     -4.2217919      19.498877
   85      858.34484      269.88148      51.453784      -4.217959      19.979556
 85.1      857.92322      270.35272      51.677197     -4.2141105      20.129142
 85.2      857.50137      269.92838      51.143283     -4.2102631      20.285387
 85.3      857.08127      269.92846       51.76259     -4.2064299      20.333156
 85.4      856.66068      270.18136      51.771051     -4.2025554      20.077292
 85.5      856.23994      269.58456      51.547352     -4.1986882      19.117036
 85.6      855.82103      270.11124      52.078847     -4.1948424      18.943207
 85.7      855.40294      269.97478      51.547231     -4.1909708      19.343183
 85.8      854.98227      270.02608      52.062949     -4.1870695      19.634569
 85.9      854.56281      269.53146      51.927224     -4.1832027       19.27198
   86      854.14556      269.90928       51.78643     -4.1793083      19.512003
 86.1      853.72857      270.29041      52.018609     -4.1754102      20.810715
 86.2      853.31089      269.90377      51.841707     -4.1715063      19.988928
 86.3      852.89348      270.30488       52.01462     -4.1676073       20.20915
 86.4      852.47674      269.88805      52.405885     -4.1636904      19.409877
 86.5      852.06142      270.11751      52.224997     -4.1597603      20.052994
 86.6      851.64534        269.914      52.184613     -4.1558455       19.61122
 86.7      851.23063      269.98828      52.558252     -4.1519109      20.815307
 86.8      850.81627       269.9888      52.355136     -4.1479812      20.596289
 86.9      850.40038      270.03305      52.613141     -4.1440386      20.396377
   87      849.98621      270.12099        52.3235     -4.1400912      20.829671
 87.1      849.57316      270.04688      52.419877     -4.1361271      19.066556
 87.2      849.15948       270.3775      52.023878     -4.1321701      19.992846
 87.3       848.7463      269.95664      52.856695     -4.1282046      19.518452
 87.4      848.33314      269.92713      52.528992     -4.1242314       19.01242
 87.5      847.92131      270.15565      52.395689     -4.1202634      20.488363
 87.6      847.51033      270.05899      52.552569     -4.1162776      21.250146
 87.7      847.09781      269.81219      52.406495     -4.1122839      20.965361
 87.8      846.68625       270.0831      53.074883     -4.1082896      19.303544
 87.9      846.27646      269.77557      52.598506     -4.1042852      21.457082
   88      845.86589      269.81207      52.796936     -4.1002827      20.825214
 88.1      845.45684      270.10097      52.454934     -4.0962832      20.308428
 88.2       845.0478      270.22408      52.754239     -4.0922526      20.295496
 88.3      844.63828      269.98824      52.668357     -4.0882198      20.229436
 88.4      844.22901      269.96609      52.853801     -4.0841914      20.505481
 88.5      843.82053      269.85888      52.897405     -4.0801555      19.140627
 88.6        843.414      270.08748      53.100734     -4.0761291      19.167001
 88.7      843.00499      269.95743      53.151804     -4.0720785      19.828242
 88.8      842.59844      269.81622      53.328928     -4.0680076      20.318637
 88.9      842.19302       269.8824      53.278833     -4.0639498      19.531683
   89      841.78585      270.10617      53.453118     -4.0598944      19.492116
 89.1      841.38086      270.17593      52.963847     -4.0558289      19.921478
 89.2      840.97508      270.24156       53.44216     -4.0517353      19.623475
 89.3      840.56987       270.1541      53.190589     -4.0476625      20.041529
 89.4      840.16576      269.98815      53.428919     -4.0435791      20.484849
 89.5      839.76007      269.84868      53.304512     -4.0394768      20.235214
 89.6      839.35775      270.03754        53.6394      -4.035377      19.580838
 89.7      838.95489      270.00049      53.575576     -4.0312687      19.939958
 89.8      838.55144      270.04312      53.316483     -4.0271605      20.166777
 89.9      838.14839        270.157      53.412926      -4.023027      20.056493
   90       837.7465      270.13904       53.82796     -4.0189022      19.495009
 90.1      837.34427      270.02356      53.574537     -4.0147667      20.151438
 90.2      836.94267      269.93585      53.866896     -4.0106305        19.6837
 90.3      836.54198      269.81921      53.903003     -4.0065012      20.316499
 90.4      836.14108      270.02647       53.70821     -4.0023479      19.353505
 90.5      835.74282      270.41354      53.863949     -3.9981978       19.61424
 90.6      835.34227      269.97281      54.111051     -3.9940316      19.356603
 90.7      834.94345      269.84969      54.138886     -3.9898597      21.028693
 90.8      834.54454       270.2703      53.803503     -3.9856803       20.00749
 90.9      834.14662      269.87431      54.005979     -3.9815122      20.160187
   91      833.74699      269.90348      53.948553     -3.9773273      20.231763
 91.1      833.35106      269.87817      54.002753     -3.9731422      18.964919
 91.2      832.95308      270.27078      54.100137     -3.9689423      20.073843
 91.3      832.55714      269.97501      54.551544     -3.9647394      19.814363
 91.4      832.16134      270.32042      54.244293     -3.9605232      19.943503
 91.5       831.7649      269.78725      54.360786     -3.9563087      20.435624
 91.6      831.37009      270.11127      54.174039     -3.9520839      20.079199
 91.7      830.97407      270.14994      54.271621     -3.9478526      20.627876
 91.8      830.57967      270.03417      54.317717     -3.9436322      20.568305
 91.9      830.18668       270.0962      54.604531     -3.9393841      20.701251
   92       829.7919      270.08029      54.565838     -3.9351292      20.056768
 92.1       829.3985      270.25785      54.606881     -3.9308859       19.59714
 92.2      829.00747      269.73245      54.466472      -3.926634      20.111605
 92.3      828.61393      270.14901      54.488279     -3.9223628      20.706454
 92.4      828.22057      269.85967      54.315942     -3.9180929      19.963742
 92.5      827.83033      269.77165      54.622397     -3.9138157      20.393991
 92.6      827.43889      269.99223      54.983211     -3.9095307      19.024929
 92.7      827.04807      270.10109      54.614038     -3.9052475        20.5266
 92.8      826.65805      270.32452      55.008711     -3.9009475      19.080559
 92.9      826.26747      269.79064      54.896285     -3.8966554      21.006225
   93      825.87866      270.37884      54.490632     -3.8923549      19.870623
 93.1      825.48934      270.25933      55.150384     -3.8880229      20.957291
 93.2       825.1008      270.12014      55.058478      -3.883703      20.022336
 93.3      824.71257      270.12215      55.084222     -3.8793866      20.496491
 93.4        824.325      270.40535      55.183436     -3.8750604      19.478782
 93.5      823.93724      270.06437      55.342209     -3.8707211      19.125118
 93.6      823.55069      270.26829      54.898334     -3.8663727      20.151716
 93.7      823.16465      269.74861      55.260462      -3.862024      20.475714
 93.8      822.77805      270.18778      54.839727     -3.8576626      19.769515
 93.9      822.39225      270.20106      55.465379      -3.853308      19.877451
   94      822.00742      269.99845      55.294419     -3.8489229      19.695598
 94.1      821.62408      269.88214      55.304468     -3.8445474      19.409833
 94.2      821.23851      270.05797      55.344552      -3.840175      20.560866
 94.3      820.85492      269.89382      55.275408     -3.8357954      20.230732
 94.4      820.47172       270.1596      55.701063     -3.8313866      20.585868
 94.5      820.08819      270.00943      55.468946     -3.8270009      19.956012
 94.6      819.70527      269.80512      55.826742     -3.8225759      19.984706
 94.7      819.32346        269.797      55.460126     -3.8181686      20.734611
 94.8      818.94251      269.98284      55.754578     -3.8137585      20.317531
 94.9      818.56204      269.79308      55.942591     -3.8093467      19.750621
   95      818.18196      269.80673      55.749861     -3.8049058      20.152042
 95.1      817.79955       270.0434      56.031846     -3.8004752      19.069238
 95.2      817.42022      270.15622       55.99759     -3.7960246      20.595577
 95.3      817.04081      270.01911      55.979625     -3.7915766       20.07121
 95.4      816.66232      270.25903      56.047341     -3.7871234      20.579552
 95.5      816.28405      270.01175      56.096664      -3.782662       20.36272
 95.6       815.9056      270.23116      56.164002      -3.778184      19.651569
 95.7      815.52747      270.20158      56.198549     -3.7737164      19.578622
 95.8       815.1503       270.1844       56.40372     -3.7692361      20.029814
 95.9      814.77446      270.19254      56.156763     -3.7647552      20.943332
   96      814.39746      270.12286      56.377163     -3.7602571      18.278933
 96.1      814.02135      269.97914      56.644464     -3.7557569      19.384553
 96.2      813.64697      269.95446      56.499561     -3.7512554      20.524359
 96.3      813.27066      270.15744      56.495885     -3.7467433      19.510709
 96.4      812.89806      269.81512      56.766938     -3.7422191      20.838242
 96.5      812.52342      270.05156      56.788904     -3.7376959      19.704078
 96.6      812.15047      270.22973      56.429484     -3.7331687      20.497003
 96.7      811.77609      270.03162      56.365257     -3.7286314      20.277382
 96.8       811.4044      270.02092      56.555336     -3.7240891      20.371219
 96.9      811.03217      269.76559      57.095106     -3.7195423      19.567302
   97      810.66004      270.14018      56.659471     -3.7149706      19.515513
 97.1      810.28884      269.90199      56.784941     -3.7104126      19.307726
 97.2       809.9176      270.03058      56.901208     -3.7058413      20.169471
 97.3      809.54751      269.83891      56.984503     -3.7012713      20.527722
 97.4      809.17824      269.79644      56.651991     -3.6966919      20.910154
 97.5      808.80846      270.18993      56.735345     -3.6921026      21.111097
 97.6      808.43996       269.8828      56.974167     -3.6874978      19.266715
 97.7      808.07104      270.05806       57.03624     -3.6829163      20.031774
 97.8      807.70378       269.9747      57.076712     -3.6782949       19.66869
 97.9      807.33603      269.97381      56.977675     -3.6736815      21.022276
   98      806.96721      270.01302       57.01984     -3.6690742       20.94079
 98.1      806.60121      270.01498      56.945562     -3.6644425      20.829132
 98.2       806.2349      270.19803      57.144263     -3.6598158      20.073222
 98.3      805.86946      269.76853      57.329219     -3.6551755      19.830606
 98.4      805.50414      270.00879      57.555823     -3.6505376      19.546046
 98.5      805.13916       270.1895      57.336578     -3.6458893      19.318768
 98.6      804.77549      270.01615      57.302769     -3.6412251      19.907372
 98.7      804.41102      269.90813      57.502394     -3.6365524      20.961393
 98.8       804.0465      269.94727      57.448682     -3.6318747      19.883708
 98.9      803.68522      270.00159       57.63732     -3.6272071      20.834975
   99      803.32289      270.06505      57.840109     -3.6225304      20.836755
 99.1      802.96218      270.25039       57.66949     -3.6178337      18.878815
 99.2      802.59962      269.92546      57.963131     -3.6131369      19.746475
 99.3      802.23801      270.01181       57.81497     -3.6084296      19.224506
 99.4      801.87771       270.0796      57.724529      -3.603732      20.450541
 99.5      801.51686      269.80131      58.019821     -3.5990123      20.523368
 99.6      801.15701      269.77895      58.103337     -3.5943003      20.289664
 99.7      800.79783      269.77222      57.816012     -3.5895565      20.502735
 99.8      800.43905      270.01026      58.111939     -3.5848246      20.236519
 99.9      800.08101      270.29546      58.229675     -3.5800884      19.141544
  100      799.72321       269.9498      58.588471      -3.575348      20.239599
100.1      799.36586      270.37218      58.052952     -3.5705955      19.815271
100.2      799.00839      270.07901      58.092056      -3.565831      20.392157
100.3      798.65344      269.85459      58.144134     -3.5610666      21.199407
100.4      798.29692      270.23485      58.288841      -3.556285      19.514217
100.5      797.94231      270.03812      58.212831     -3.5515224      20.341562
100.6      797.58612      270.14374      58.662617     -3.5467315       21.07274
100.7      797.23157      270.24633      58.606334     -3.5419386      20.243895
100.8      796.87737      269.89221       58.60799     -3.5371389      20.269818
100.9       796.5246      269.63085      58.212334     -3.5323478      19.778749
  101      796.17225      270.27631      58.422823     -3.5275278      19.668689
101.1      795.81926       269.8721      58.624369     -3.5227106      19.871786
101.2      795.46708      270.08715      58.971052      -3.517876      20.251344
101.3      795.11425      270.04023      59.220853      -3.513049      20.263074
101.4      794.76523      270.17157      58.905676     -3.5082164      20.516285
101.5      794.41468      269.89837      58.782853     -3.5033613      19.544929
101.6      794.06356      269.65362      58.893119     -3.4985161      19.287665
101.7      793.71417      269.93303      58.739409       -3.49366      19.683145
101.8      793.36564       270.3127      59.231681     -3.4888021      19.447351
101.9      793.01801      269.98074      58.911049     -3.4839334       19.74491
  102      792.66726      269.69035      59.167082       -3.47905      19.873973
102.1      792.32133      270.40605       59.05996     -3.4741755      20.213906
102.2      791.97442      270.01457      59.225408     -3.4692863       20.25636
102.3      791.62703      269.67998       59.36218     -3.4643969      20.263824
102.4      791.28075      269.91802      59.355772     -3.4594842      19.047968
102.5      790.93481      269.88105      59.533335     -3.4545646      19.684136
102.6      790.58865      269.91665      59.345151     -3.4496569      20.238854
102.7      790.24541      270.00069      59.310416     -3.4447367      20.636607
102.8      789.90057      269.87368      59.348959     -3.4398106      20.621575
102.9      789.55741      269.93143      59.605418     -3.4348943      20.341557
  103      789.21386      269.87977      59.336612     -3.4299374      20.261339
103.1      788.87063      270.04678      59.398207     -3.4250058      18.547644
103.2      788.52862      270.16594      59.553972     -3.4200522      20.763407
103.3      788.18676      269.87713      59.673303     -3.4150744      20.306391
103.4      787.84499      270.17385      59.766307     -3.4101092      20.733214
103.5      787.50634      270.25501      59.794195     -3.4051397      19.374819
103.6      787.16546      270.24395      59.902652     -3.4001564      19.146645
103.7      786.82515      270.09784      60.061204     -3.3951793      19.939332
103.8      786.48599      269.99749      59.877618       -3.39019      19.974689
103.9      786.14683       270.1694      59.650738     -3.3851803      19.750587
  104      785.80881      270.03191        60.4511     -3.3801737      20.648498
104.1      785.47021      269.78656      59.805734     -3.3751675      19.048119
104.2      785.13327      270.44702      60.206788     -3.3701521      19.608917
104.3      784.79757      270.11977      60.119346     -3.3651242      19.482253
104.4      784.46098      269.92618      60.407179     -3.3600852      20.110849
104.5      784.12494      269.86305      60.654618     -3.3550529      20.876852
104.6       783.7905      270.29729      60.220485      -3.350011       20.78864
104.7      783.45555       270.0303      60.427681     -3.3449553      20.669703
104.8       783.1211      270.01432      60.657597      -3.339912      20.362702
104.9      782.78668      269.98408      60.545167     -3.3348409      20.224017
  105      782.45477      269.88481      60.511731     -3.3297649      20.807795
105.1      782.12017      269.84346      60.625982     -3.3246838      20.983214
105.2      781.78822      269.96972      60.773583     -3.3195938      19.357261
105.3      781.45678      270.08377      60.691072      -3.314513      19.743569
105.4      781.12639      269.80291      60.999575     -3.3094199       19.92368
105.5      780.79554      270.14075       60.47502     -3.3043175      19.705718
105.6      780.46562      270.17589      60.853087     -3.2992123      20.303705
105.7      780.13562      269.98718      60.647653     -3.2941012      19.943752
105.8      779.80673      269.78035      60.777081     -3.2889734      18.919953
