   5      1145.7937      259.20684      33.529474     -1.9044786      20.644643
 5.1      1145.6046      258.77211      33.403107     -1.9004097      19.665613
 5.2      1145.4139      258.91768      33.217653     -1.8963292      19.652362
 5.3      1145.2237      259.05815      33.438841     -1.8922396      21.010775
 5.4      1145.0358      259.20841      33.239015     -1.8881706      19.657168
 5.5      1144.8469      259.34345      33.619736     -1.8840804      19.489359
 5.6      1144.6581       259.0644      33.422666     -1.8799884      19.830599
 5.7      1144.4707      259.21477      33.504045      -1.875906      20.775849
 5.8      1144.2825      259.22741      33.392523     -1.8718157      20.030108
 5.9      1144.0956      259.85122      33.320538     -1.8677385      19.947352
   6      1143.9088      259.64231      33.606765     -1.8636341      19.241012
 6.1      1143.7238      259.65307      33.262766      -1.859541      20.636924
 6.2      1143.5378       259.5471      33.494549     -1.8554423      20.407681
 6.3      1143.3519      259.66523      33.638796     -1.8513359      20.240115
 6.4       1143.167      259.58895      33.919591     -1.8472384      20.655861
 6.5      1142.9819      259.37039      33.418218     -1.8431292      20.033529
 6.6      1142.7989      259.72044      33.509985     -1.8390265      20.787326
 6.7      1142.6153      259.60842      33.272544     -1.8349106      20.377363
 6.8      1142.4311      259.82671      33.397482     -1.8308156      20.309677
 6.9      1142.2489      259.77184      33.667445     -1.8266909      19.149626
   7      1142.0665      260.27448      33.492405     -1.8225879      19.641948
 7.1       1141.885      259.76009      33.496674     -1.8184485      19.283378
 7.2      1141.7029      259.91312      33.884916     -1.8143405      19.349136
 7.3       1141.521      259.81351      33.734581     -1.8102224      19.325448
 7.4      1141.3419      260.14708      33.733727      -1.806095      20.524033
 7.5      1141.1603      260.16007      33.782028     -1.8019694      20.413904
 7.6      1140.9809      260.03805      33.366318     -1.7978541      20.117939
 7.7      1140.8018      260.06861      33.790343     -1.7937173      20.310852
 7.8      1140.6213      260.18744      33.805731      -1.789589      20.684879
 7.9      1140.4436      260.12896      33.669373      -1.785464      20.696718
   8       1140.264      260.17375       33.51465     -1.7813266      19.953926
 8.1      1140.0864      260.14353       33.25593     -1.7771849      19.555764
 8.2      1139.9088      260.81088      33.634986      -1.773054      19.244016
 8.3      1139.7318      260.60642      33.766701     -1.7689134      19.405579
 8.4       1139.555      260.18409       33.54345     -1.7647684       20.71172
 8.5      1139.3784      260.57832      33.705881     -1.7606231      21.163435
 8.6      1139.2033      260.41627      33.659743     -1.7564854      19.203269
 8.7      1139.0283      260.67906      33.381414     -1.7523405      20.421121
 8.8      1138.8532      260.60766      33.558815     -1.7481908       20.04883
 8.9      1138.6777      260.96933      33.712634     -1.7440427      19.186156
   9      1138.5034       260.6563      33.562496     -1.7398744      19.491811
 9.1      1138.3306       260.5108      33.535105     -1.7357223      20.118398
 9.2       1138.157      260.77866      33.951408      -1.731565      19.782732
 9.3      1137.9836      260.85123      33.725117      -1.727405      21.079851
 9.4      1137.8109      261.06867      33.636459     -1.7232479      20.203427
 9.5      1137.6379      261.08321      34.018055      -1.719078      19.307138
 9.6      1137.4671      261.31081      33.717591     -1.7149088      19.548113
 9.7      1137.2963      260.84803      34.424239     -1.7107456       19.03391
 9.8      1137.1273      261.00004      33.784478      -1.706564       20.40211
 9.9      1136.9554      261.23362      34.160119     -1.7024167      19.660322
  10      1136.7843      261.07143      33.677667     -1.6982308      20.815205
10.1      1136.6153      261.02026      33.779035     -1.6940605      20.947035
10.2      1136.4464      261.26254      33.732534     -1.6898951      19.957796
10.3      1136.2766      261.30975      34.006317     -1.6856964      20.442857
10.4      1136.1091      261.15018      34.085518     -1.6815196      20.986367
10.5      1135.9408      261.33372      33.894217      -1.677351      20.707278
10.6      1135.7742      261.09455      34.117877      -1.673149      20.100988
10.7      1135.6067      261.62468      33.777568     -1.6689803      20.041691
10.8      1135.4395      261.32957      34.280994     -1.6647921      20.200447
10.9       1135.274      261.47454      33.753295     -1.6605851       20.71272
  11      1135.1071      261.22956      33.336491     -1.6564106      18.970332
11.1      1134.9426      261.89308      34.193654     -1.6522078      20.114316
11.2      1134.7773      261.58818      33.870157      -1.648015      20.864036
11.3      1134.6123      261.81038      33.948894     -1.6438197      21.205045
11.4      1134.4485      262.02084      34.104308     -1.6396195      20.182821
11.5      1134.2843      262.29241      33.627116     -1.6354241      20.787506
11.6      1134.1207      261.80076      33.853316     -1.6312134      20.183139
11.7      1133.9578      261.86734      34.008996     -1.6270017      19.964182
11.8      1133.7965       261.7315      34.191486     -1.6228167      20.033928
11.9      1133.6341      261.92856      33.820395     -1.6186012       20.06943
  12      1133.4724       261.8715      34.079087     -1.6143834      19.461593
12.1        1133.31       262.2045      34.100383     -1.6101695      19.816334
12.2      1133.1506      262.22554      34.108795      -1.605963      20.566134
12.3      1132.9894      261.81932      34.038999     -1.6017419      19.432958
12.4      1132.8305      262.18723       34.00999     -1.5975257      18.773369
12.5      1132.6712      262.29425      33.929052     -1.5933202      19.171134
12.6      1132.5112      262.21117      34.097485     -1.5890817      20.548701
12.7      1132.3522      262.31867      33.901491     -1.5848724       21.28037
12.8      1132.1933      262.55268      34.368662     -1.5806449       19.54802
12.9      1132.0366       262.4826      34.309846     -1.5764143      20.748454
  13      1131.8773      262.44314      34.150609      -1.572183      19.880388
13.1      1131.7222      262.46339      34.162624     -1.5679628      20.441656
13.2      1131.5643      262.55374       33.88376     -1.5637228      20.032551
13.3       1131.408       262.5595      33.874247     -1.5594955      19.906026
13.4      1131.2534      262.68783      34.466014     -1.5552614      19.751505
13.5      1131.0993      262.65196      34.062336     -1.5510195      20.733577
13.6       1130.943      262.50212      34.240133     -1.5467916      20.525962
13.7      1130.7886      263.02045       33.93897     -1.5425364      19.875654
13.8      1130.6342      262.60327      34.195448     -1.5382961      19.902328
13.9      1130.4808      263.20673      34.175225     -1.5340555       19.44196
  14      1130.3286      262.97436      34.355691     -1.5298165      20.226772
14.1       1130.175      262.91621      34.063595     -1.5255692      20.180718
14.2      1130.0236      262.90536      34.088292      -1.521319      20.092424
14.3      1129.8703      262.88823      34.379299     -1.5170715      20.526816
14.4      1129.7206      263.15556      34.147533     -1.5128199      17.584156
14.5      1129.5681      262.80782      34.119347     -1.5085651      19.498615
14.6      1129.4183      263.28079      34.020807     -1.5043026      20.285957
14.7      1129.2674      263.28994      34.126232     -1.5000454      21.193625
14.8      1129.1179      263.31604      33.871526     -1.4957912      20.188619
14.9      1128.9674      263.22612      34.086912     -1.4915208      19.483364
  15      1128.8201      263.68241      34.053576     -1.4872645      20.723505
15.1      1128.6715      263.58726       34.35433     -1.4829942      20.530277
15.2      1128.5228      263.17577       34.13852     -1.4787402      20.755989
15.3      1128.3739      263.68884      34.224254     -1.4744762      20.274504
15.4      1128.2277      263.45938      34.088391     -1.4701927      18.895517
15.5      1128.0804      263.54553      34.168001     -1.4659292      20.573215
15.6      1127.9345       263.4146      34.176314     -1.4616498      18.312633
15.7      1127.7888      263.64499      34.164978     -1.4573712      20.464843
15.8      1127.6427      263.84445      33.789361     -1.4530987      20.722438
15.9      1127.4975      263.63005      34.086238     -1.4488261      20.354246
  16      1127.3537      263.78848      34.179645     -1.4445358      20.258969
16.1      1127.2091      263.47711      34.494377      -1.440261      20.012582
16.2      1127.0655      263.85571      34.362209       -1.43597      20.422362
16.3      1126.9228      264.17285      34.407417     -1.4316995      21.202551
16.4      1126.7791      264.05154      34.079867     -1.4274034      20.684806
16.5      1126.6366      264.19021      34.241733     -1.4231221      20.576192
16.6      1126.4941      264.09327      34.251915     -1.4188264       19.76633
16.7      1126.3529      264.07453      34.358633     -1.4145478        21.4169
16.8      1126.2109      263.85888      34.448535      -1.410252      21.086701
16.9      1126.0707      264.42728      34.062827     -1.4059544       19.39929
  17      1125.9294      264.22675      34.465464     -1.4016654      19.996412
17.1      1125.7899      264.23822      34.363289     -1.3973638      20.761376
17.2       1125.652      264.02349      34.173206     -1.3930544      19.057995
17.3      1125.5114      264.32984      34.441236     -1.3887612      20.493285
17.4      1125.3738      264.31589      34.295439     -1.3844493        19.5544
17.5      1125.2349      264.53516      34.271041     -1.3801474      20.361005
17.6      1125.0967      264.55732      33.920626     -1.3758522      20.455352
17.7      1124.9597      264.77156      34.139596     -1.3715352      20.248671
17.8      1124.8217      264.54056      34.105622     -1.3672288      20.070626
17.9      1124.6854      264.56577      34.359791       -1.36292      20.304473
  18      1124.5493      264.52555      34.386382      -1.358615      20.046261
18.1      1124.4147      264.62196      34.518383     -1.3542983      20.954982
18.2      1124.2793      264.98501      34.340636     -1.3499708      20.164428
18.3      1124.1447      264.97163      34.220664     -1.3456612      20.630781
18.4      1124.0102      264.61301        34.4777     -1.3413529      20.861946
18.5      1123.8762      264.66461      34.545773     -1.3370134      19.968992
18.6      1123.7435      265.38332      34.122116     -1.3327022      19.851503
18.7      1123.6091      264.72625      34.325359     -1.3283868      20.365876
18.8      1123.4775      264.80353      34.380378      -1.324058      19.581673
18.9       1123.344      264.88296      34.622873     -1.3197295      20.515289
  19      1123.2127      265.12555        34.6503     -1.3154025      20.408961
19.1      1123.0811      265.26983      34.275963     -1.3110769      20.478386
19.2      1122.9518      265.02363      34.538666     -1.3067511      19.416934
19.3      1122.8199      265.38109      34.492551     -1.3024123      19.810135
19.4      1122.6895      265.39471      34.592696     -1.2980732      19.638156
19.5      1122.5602       265.5788      34.487257     -1.2937309      18.860239
19.6      1122.4319      265.20806      34.043566     -1.2894037      19.899224
19.7      1122.3021      265.17701      34.586708     -1.2850678      19.081436
19.8      1122.1736      265.37352      34.509959     -1.2807359      21.597157
19.9      1122.0479      265.50053      34.281208     -1.2763856      19.665175
  20      1121.9204      265.71986      34.411599     -1.2720313      19.411238
20.1      1121.7929       265.2267      34.686049     -1.2677009      18.952273
20.2      1121.6652      265.78747      34.432114     -1.2633542      19.723478
20.3      1121.5394      265.63291      34.236289     -1.2590144      20.873863
20.4      1121.4131      265.88192      34.723033     -1.2546599      19.639107
20.5      1121.2893      265.72114      34.516031     -1.2503141       20.34661
20.6      1121.1635      265.87642      34.758646     -1.2459549      20.018912
20.7      1121.0386      265.77377      34.625639     -1.2416089      20.041023
20.8      1120.9164      265.74101      34.452442     -1.2372461      19.380999
20.9      1120.7911      266.06517      34.624869     -1.2328879      20.562555
  21      1120.6694      265.98991      34.520248     -1.2285324      18.560467
21.1      1120.5472      265.96688      34.704531      -1.224172       20.86514
21.2      1120.4242      266.24322      34.321908     -1.2198165      20.125646
21.3      1120.3023      266.35852      34.648299     -1.2154523      20.962563
21.4      1120.1807      266.40358      34.430148     -1.2110951      19.750709
21.5        1120.06      266.33326      34.970073     -1.2067301      20.574346
21.6        1119.94      266.30119      34.903562     -1.2023571      21.855744
21.7      1119.8195      266.50921      34.381459     -1.1979967      20.081861
21.8      1119.6997      266.32073       34.39677     -1.1936148      20.457516
21.9      1119.5797      266.26843      34.447825     -1.1892562      19.905976
  22      1119.4629      266.39265      34.542848     -1.1848841      20.428713
22.1      1119.3433      266.57526      34.147333     -1.1804982      19.555491
22.2      1119.2265      266.60019      34.815418     -1.1761335      20.589914
22.3      1119.1083      266.55638      34.537741     -1.1717702      20.394292
22.4      1118.9919      266.73453       34.49324     -1.1673754      20.155354
22.5      1118.8752      266.74922      34.749093     -1.1630015      20.040548
22.6      1118.7592      266.68954       34.57246      -1.158629      19.736395
22.7      1118.6437      266.70343      34.242793     -1.1542477      20.685809
22.8      1118.5276      266.92592       34.36285     -1.1498636      19.815923
22.9      1118.4135      266.84054      35.025837     -1.1454784      20.388418
  23      1118.2992      266.81994      34.419087     -1.1410975      19.456071
23.1      1118.1852      267.22543      34.656917      -1.136694      18.505679
23.2      1118.0729      267.34034      34.778081     -1.1323188      18.851911
23.3      1117.9585      267.03471      34.998237     -1.1279202      20.535981
23.4      1117.8465      266.86083      34.535303     -1.1235381      20.324911
23.5      1117.7344      267.28718      34.778615     -1.1191458      20.856697
23.6      1117.6221      267.25316      34.514278     -1.1147485      19.896995
23.7      1117.5111      267.34247      35.028044     -1.1103587      18.584183
23.8      1117.3999      266.86975      34.755329     -1.1059626      18.762332
23.9      1117.2892      267.53957      34.765974     -1.1015593      20.298582
  24      1117.1806      267.48685      34.524274      -1.097159      19.458452
24.1      1117.0705      267.71496      34.469585     -1.0927641      20.208513
24.2      1116.9608      267.34711      34.770203     -1.0883609      20.507604
24.3      1116.8539      267.21871       35.11005     -1.0839531      19.200058
24.4      1116.7459      267.41621      34.406555     -1.0795475      19.205175
24.5      1116.6371      267.62789      34.837334     -1.0751476      19.372879
24.6      1116.5283      267.74698      34.882816     -1.0707305      20.585201
24.7      1116.4221       267.5025      34.756404     -1.0663293       20.44234
24.8      1116.3164      267.91688      34.806922     -1.0619278      19.918705
24.9      1116.2096      267.96457      34.758713     -1.0575098      20.383748
  25      1116.1037       267.7657      34.949307     -1.0531038      19.241107
25.1      1116.0005      267.93914      34.656878     -1.0486885      20.000287
25.2      1115.8964      267.89839      35.140621     -1.0442771      19.679654
25.3      1115.7916      268.24628      34.523088     -1.0398629      19.750316
25.4      1115.6867      268.09677       34.90947     -1.0354465      19.561358
25.5      1115.5848      268.34751      34.516482     -1.0310234      20.634476
25.6      1115.4811      268.03809      34.890416     -1.0266082      20.745892
25.7      1115.3779       268.0505      34.507063     -1.0221814      20.108161
25.8      1115.2771      268.24149      34.860511     -1.0177606      19.855705
25.9      1115.1746      267.95866      34.842213     -1.0133467      19.919784
  26      1115.0729      267.87194      35.122065     -1.0089104      18.772193
26.1      1114.9738      268.19061      35.178026     -1.0044875      19.434068
26.2      1114.8735      268.33183      34.904974     -1.0000564      19.919076
26.3      1114.7724      268.25871      34.697439     -0.9956276      20.375542
26.4      1114.6748      268.56989      34.739183    -0.99120044      19.341784
26.5       1114.575       268.3442      34.522086    -0.98678091      19.711487
26.6      1114.4763      268.83628      34.890924    -0.98233546      19.880032
26.7      1114.3787      268.79048      34.798763    -0.97790903      20.818225
26.8      1114.2822      268.77656      34.910467    -0.97346962      18.787634
26.9      1114.1836      268.66906       34.77379    -0.96904885      20.012416
  27      1114.0872      268.85353      34.852884    -0.96461356      20.295886
27.1      1113.9913      268.56226      34.775608    -0.96017581      21.137164
27.2      1113.8952      268.96655      35.198007     -0.9557291      21.071269
27.3      1113.8006       268.9744      35.037305    -0.95129977      19.862266
27.4       1113.705      268.77104      34.787984     -0.9468538       20.79294
27.5      1113.6102      269.25766      35.046445     -0.9424095      20.691445
27.6      1113.5164      268.85649      34.863353    -0.93797026      20.252799
27.7       1113.423      268.82519      34.569996    -0.93351725      19.821498
27.8      1113.3298      269.05705      34.887719     -0.9290731        20.0026
27.9      1113.2369      269.31269        34.9992    -0.92462947      20.849557
  28      1113.1448      269.24995      34.942558    -0.92017944      20.102387
28.1      1113.0531      269.45329      34.767915    -0.91572793      19.766679
28.2      1112.9609       269.1744       35.29206     -0.9112884      19.542433
28.3      1112.8707      269.30235      35.037013    -0.90683496      19.556504
28.4      1112.7803      269.49076      34.860205    -0.90238415      20.365057
28.5      1112.6908      269.82002         34.916    -0.89793518       20.16671
28.6      1112.6009      269.69683      34.958197    -0.89349268       19.67031
28.7      1112.5124      269.54779      35.006139    -0.88901163      19.117109
28.8      1112.4224      269.55005      34.667153    -0.88455977       19.50057
28.9      1112.3349      269.68195       34.90521    -0.88011174      19.451537
  29      1112.2463      269.63739      35.162055    -0.87565203      20.250752
29.1      1112.1598      269.51729       34.82441     -0.8711828      20.360997
29.2      1112.0722      269.77268      35.125122    -0.86673467      20.382549
29.3      1111.9869      269.91904      35.050965    -0.86227119      20.748215
29.4      1111.9001      269.93865      34.782549    -0.85779763      20.381062
29.5      1111.8147      269.74102      34.768748     -0.8533496      20.423891
29.6      1111.7292      269.57714      34.963113    -0.84887891      20.114616
29.7      1111.6451      270.15803      34.787105    -0.84441975      20.014131
29.8      1111.5611      270.16651      35.195575    -0.83994179      18.821213
29.9      1111.4772      270.04828      35.208123    -0.83546976      19.844718
  30      1111.3938      270.21332      34.741333    -0.83101755      19.013266
30.1      1111.3121      270.11774      34.809872    -0.82653681      20.368512
30.2      1111.2278      270.28903      35.225755    -0.82207049      20.052831
30.3      1111.1451      270.16489      34.786546    -0.81759873      20.680548
30.4      1111.0643      270.50443      35.145036    -0.81311954      19.837756
30.5      1110.9837      270.45723      35.040405     -0.8086624      18.537572
30.6      1110.9029      270.23327      34.878638    -0.80417942      19.708617
30.7      1110.8226      270.26273      35.036315    -0.79969273      20.942799
30.8       1110.743      270.66832      35.395614    -0.79522743      19.895893
30.9      1110.6646      270.65621      34.557184    -0.79074372      19.684284
  31       1110.585      270.57272      35.218302    -0.78627334      20.146261
31.1      1110.5072      270.73166      35.031397    -0.78177636      20.661713
31.2       1110.429      270.70074      35.117771    -0.77730081      19.454035
31.3      1110.3507      270.74681      34.990788    -0.77283066      19.902173
31.4      1110.2737       270.9721      34.904551    -0.76833913       20.47482
31.5      1110.1972      270.97509      34.993151    -0.76386164      20.369274
31.6       1110.121      270.87245      34.923814    -0.75937347      19.319995
31.7      1110.0461      270.86032      35.024136    -0.75489637      20.608665
31.8      1109.9694      271.48567      35.047345    -0.75040433      20.589735
31.9      1109.8955      270.87862      34.865413    -0.74591207      20.238398
  32      1109.8207      271.07342      34.932635    -0.74143746        20.2641
32.1      1109.7484      270.68517      35.166426    -0.73694271      20.652298
32.2      1109.6735      271.25366      35.026483    -0.73245147      20.520133
32.3      1109.6012      271.52297      34.882955    -0.72795823       21.06746
32.4      1109.5273      271.21752       35.11912    -0.72346581      20.168089
32.5      1109.4551      271.53527      35.211583    -0.71898003      20.322067
32.6      1109.3848      271.30787      35.004623    -0.71447589      20.700938
32.7      1109.3129      271.52636       35.13937    -0.70998328      20.444117
32.8      1109.2421      271.38224      34.668095    -0.70548911      20.260497
32.9      1109.1711      271.34804      34.955012    -0.70098145      18.947357
  33      1109.1022      271.51893      35.245981     -0.6965111      20.120396
33.1      1109.0334      271.71934      35.555469    -0.69200764      19.593021
33.2      1108.9626      271.61383       35.11951    -0.68750192      19.513519
33.3       1108.894      271.90612      35.481407    -0.68299627      19.290288
33.4      1108.8273      271.89856      35.231553    -0.67851075      20.741784
33.5      1108.7593      272.11628       35.17854    -0.67399662      20.553043
33.6      1108.6916      271.48916       34.85204    -0.66949368      19.697877
33.7      1108.6253      271.86527      35.130671    -0.66500099      21.737116
33.8      1108.5591      272.24784      34.982153    -0.66048618      19.671767
33.9      1108.4932      272.08327      35.187544    -0.65598776      19.882291
  34      1108.4287      271.74293      34.936788    -0.65148526      19.335834
34.1       1108.363      272.11928      34.824093    -0.64697153      20.809128
34.2      1108.2985      272.16415      35.193253    -0.64247341      20.066345
34.3      1108.2338      272.19597      35.191401    -0.63796333      20.198857
34.4      1108.1713      272.23824      35.362128    -0.63346757      19.806159
34.5       1108.108      272.15234      35.243998    -0.62895036      20.666456
34.6      1108.0454      272.37779      34.985347    -0.62443876      20.394324
34.7      1107.9824      272.34347      34.855277    -0.61993175      18.784739
34.8      1107.9209      272.84652      35.405711    -0.61540873      19.191853
34.9      1107.8601      272.02065      35.186532     -0.6109138      19.078524
  35      1107.7997      272.60107      35.350252    -0.60639068       21.47589
35.1      1107.7394      272.60806      35.074695    -0.60187756      20.251645
35.2      1107.6797      272.48303      35.205065     -0.5973725      20.119916
35.3      1107.6183      272.66845      35.303158    -0.59285491      19.909086
35.4        1107.56       272.5534      35.328795    -0.58832613      19.429003
35.5      1107.5015      272.83294      35.233991    -0.58380287      19.971991
35.6      1107.4421       272.9975       35.19022    -0.57929346      20.216833
35.7      1107.3854      272.98742      34.938211    -0.57477179      19.031545
35.8      1107.3285      272.89826      35.205728    -0.57026092      20.465902
35.9      1107.2729      273.11427      35.433879    -0.56573137       19.73076
  36      1107.2161      272.94775      35.218105    -0.56121659      20.136112
36.1      1107.1591      272.91826      35.336803    -0.55669286      19.861959
36.2      1107.1047      273.14484      35.283524    -0.55216628      20.630379
36.3      1107.0487      272.90745      35.356374    -0.54765528      18.709717
36.4       1106.995      273.29188      35.177425    -0.54313562      19.113892
36.5      1106.9397      272.84953      35.429683      -0.538609      20.333719
36.6      1106.8868      273.45856      35.309365    -0.53408635      19.433875
36.7      1106.8344      273.21161      35.083777    -0.52956819      20.381666
36.8      1106.7804      273.22702      35.170153    -0.52503635      20.072325
36.9      1106.7283      273.71145      35.134874    -0.52049773      20.598536
  37      1106.6765      273.55967        35.4324    -0.51598688      19.851682
37.1      1106.6262      273.32242      34.966322    -0.51145335      18.563335
37.2       1106.574      273.25163      35.336977    -0.50692322      20.456407
37.3      1106.5241       273.7882      35.013096    -0.50239613      19.974838
37.4      1106.4728      273.79001      34.975787      -0.497859      19.382095
37.5      1106.4242       273.6437      35.300175    -0.49333886      19.846189
37.6      1106.3749      273.92275      35.000765    -0.48881375      19.662582
37.7      1106.3268      273.87091      35.399984    -0.48428129      19.671921
37.8      1106.2782      273.92521      34.904272    -0.47974564      19.725923
37.9      1106.2306      273.87816      35.310812    -0.47521237      20.438598
  38      1106.1835      273.91436      35.631485    -0.47067941      21.272154
38.1      1106.1367      274.14775      35.401186    -0.46614264      19.629886
38.2      1106.0905      274.16916      35.494909    -0.46160922      20.636121
38.3      1106.0443      273.94246      35.227458    -0.45707579      19.917347
38.4      1105.9989      273.96246      35.376199    -0.45254546      20.519225
38.5      1105.9533      274.22405       35.47311    -0.44800622       20.62456
38.6      1105.9091      274.43928      35.473863    -0.44347327      19.329656
38.7      1105.8651       274.2975      35.404538    -0.43891478      19.842504
38.8      1105.8203      274.15895      35.236694    -0.43439337      20.234678
38.9      1105.7775      274.38315      35.071837    -0.42985448      19.108238
  39      1105.7353      274.58581      35.297488     -0.4253109      20.248395
39.1       1105.693      274.36471      35.240649    -0.42078604      20.132625
39.2      1105.6515      274.32449      35.098355    -0.41624802      20.043509
39.3      1105.6104      274.53454      35.571875    -0.41168668      19.964564
39.4      1105.5679       274.9107      35.557144    -0.40715619      20.357956
39.5      1105.5285      274.43565      35.383227    -0.40260641      19.682451
39.6      1105.4886      275.04767      35.280938    -0.39806895      20.839318
39.7      1105.4487      274.83909      35.362181    -0.39352747       20.03647
39.8      1105.4097      274.91537      35.202436    -0.38900423       20.36792
39.9      1105.3705      275.01249      35.623555    -0.38444478      20.428966
  40      1105.3329      274.94488      35.364102    -0.37989822      20.263856
40.1      1105.2949       274.8223      35.230836    -0.37535966      19.615615
40.2      1105.2573      275.11927      34.978841    -0.37081644       20.83712
40.3      1105.2196      275.17945       35.17248    -0.36626158      20.224218
40.4      1105.1845      274.94665      34.978739    -0.36171969      19.610847
40.5      1105.1482      274.97319      35.329807    -0.35717872       20.17184
40.6      1105.1133      275.36261       35.41767     -0.3526349      19.431494
40.7      1105.0777       275.4215      35.270007    -0.34808382      19.944894
40.8      1105.0442      275.36409      35.024863    -0.34354291      19.905135
40.9      1105.0092      275.52322      35.282628    -0.33899299      20.034094
  41       1104.975      275.53738       35.54601    -0.33443692      19.827092
41.1      1104.9413       275.4468        35.4631    -0.32988312      20.002014
41.2        1104.91      275.22779      35.327868      -0.325339      20.536357
41.3      1104.8766      275.59162       35.40436    -0.32078931      19.892539
41.4      1104.8463      275.52658      35.185567    -0.31625811      19.671134
41.5      1104.8141      275.53608      35.033962    -0.31170408      19.512477
41.6      1104.7825      275.36875      35.298058    -0.30715154      20.474166
41.7      1104.7522      275.95149      35.152468    -0.30258484      20.376928
41.8      1104.7235      275.73869      35.406213    -0.29803026      19.554891
41.9      1104.6935      275.81225      35.356333    -0.29349562      19.388903
  42      1104.6654      276.00214      35.584288    -0.28894463      19.883276
42.1      1104.6346      275.88572       35.12274    -0.28439598      19.766051
42.2       1104.607       276.1063      35.244802     -0.2798341      20.888369
42.3      1104.5796       276.3621      35.309822    -0.27528504      19.326474
42.4      1104.5519      276.15804      35.671354    -0.27072041      20.666097
42.5       1104.525      276.05921      35.394287    -0.26616532      19.254959
42.6      1104.4987       276.2446      35.434786    -0.26160514      20.981254
42.7      1104.4734      275.91934      35.035249    -0.25706646       20.67937
42.8       1104.448      276.59129      35.567471    -0.25250855      19.589021
42.9      1104.4214      276.40006      35.578929    -0.24795612      20.395806
  43      1104.3983      276.32978      35.263711    -0.24340309      19.608852
43.1      1104.3739       276.2549      35.218302    -0.23884144      20.697727
43.2      1104.3513      276.57163       35.36343    -0.23428685      20.418959
43.3      1104.3271      276.38603      35.362167    -0.22972803      20.989532
43.4      1104.3055      276.82537      35.326468    -0.22516063      19.417932
43.5      1104.2821      276.70962      35.149971    -0.22061166      19.504683
43.6      1104.2594       276.3073      35.138392    -0.21606085      20.123159
43.7      1104.2384      276.63615       35.38587    -0.21150279      20.435639
43.8       1104.218      276.58316      35.318694    -0.20695509      19.335457
43.9      1104.1985       276.5963      35.480022    -0.20238713      19.671828
  44       1104.177      276.97424      34.957153    -0.19783831      19.972593
44.1       1104.157      276.90635      35.149449    -0.19327581       20.80578
44.2      1104.1399      276.90667      35.123979    -0.18871575      19.512984
44.3      1104.1199      276.84268      35.519878     -0.1841499      20.354845
44.4      1104.1008      276.86099      35.019104    -0.17959319      19.480756
44.5      1104.0843      277.02678      35.210274    -0.17503713       20.70826
44.6       1104.066      277.23302      35.217902    -0.17047717      20.802588
44.7      1104.0492      277.05475      35.390261    -0.16591527      20.414735
44.8      1104.0333      277.37193      35.451958     -0.1613455      19.012836
44.9      1104.0178      277.38135      35.299969    -0.15679621      19.497903
  45      1104.0025      277.50172      35.242535    -0.15223149      20.342331
45.1      1103.9864       277.3897      35.195425    -0.14767206      21.068804
45.2      1103.9727       277.4587       35.20368    -0.14311865      21.140993
45.3      1103.9584      277.40243       35.16557    -0.13855783      19.720391
45.4      1103.9451      277.57622      35.173889    -0.13399235       19.50625
45.5      1103.9319      277.56523        35.4797    -0.12942506       20.53598
45.6      1103.9187      277.32743      35.356579    -0.12487078       20.75941
45.7      1103.9069      277.62012      35.391835    -0.12030721      20.570265
45.8      1103.8946      277.84419       35.34206    -0.11575207      20.296967
45.9      1103.8836      277.55388      35.440937     -0.1111801      20.978893
  46       1103.872      277.85118      35.173752    -0.10663384       19.66019
46.1      1103.8624      277.87004      35.105878    -0.10205866      19.541467
46.2      1103.8524      277.86831      35.345275   -0.097499691      20.125244
46.3       1103.843      278.09892      35.380415   -0.092931267      20.715678
46.4       1103.834      278.00427      35.338155   -0.088369675      20.572907
46.5      1103.8241       278.0349      35.476136   -0.083807969      20.689519
46.6      1103.8168      278.01241      35.526215   -0.079255322      19.974787
46.7      1103.8096      278.32622      35.379049   -0.074678703      20.789253
46.8      1103.8017      278.11292      35.494684   -0.070118028      19.608731
46.9      1103.7946      278.22054      35.246248   -0.065555773      19.821031
  47      1103.7884      278.37064      35.113956   -0.061000422      20.885743
47.1      1103.7832      278.04269      35.309983   -0.056432669      20.946729
47.2      1103.7775      278.31134      35.217139   -0.051870822      20.908787
47.3      1103.7719      278.25187      35.307158   -0.047310293       20.14628
47.4      1103.7682      278.58503      35.269459   -0.042747456      20.235262
47.5      1103.7641      278.25597      35.487982   -0.038183476      19.556778
47.6      1103.7596      278.56653      35.097698    -0.03361318      19.793105
47.7      1103.7579      278.76777      35.433742   -0.029059665      18.639566
47.8      1103.7548      278.89039      35.354993   -0.024492691       20.67755
47.9       1103.752      278.57902      35.327947    -0.01990932      20.047625
  48      1103.7515      278.71157      35.569109   -0.015356341      20.546441
48.1      1103.7491       278.7034       35.31136   -0.010795183      20.396504
48.2      1103.7492      278.88123      35.446719   -0.006237822      20.352328
48.3      1103.7467      278.73315      35.346684   -0.001661722      20.368971
48.4      1103.7487       278.7955      35.305847   0.0028759784      19.811434
48.5       1103.749      278.94358      35.291316   0.0074591559      19.743991
48.6      1103.7492      278.94012      35.345917    0.012022039       20.98468
48.7       1103.751      278.70465      35.210003    0.016588895      19.989763
48.8       1103.752      278.95785      35.699113    0.021145992      19.615807
48.9      1103.7545      279.30303      35.403057    0.025704145      20.464219
  49      1103.7581      279.53139      35.411439    0.030277228      20.519849
49.1      1103.7611      279.62321      35.095774    0.034841154       18.43843
49.2      1103.7668      279.51507      35.372267    0.039393069      19.743698
49.3      1103.7698      279.03473       35.56856    0.043964184      19.793291
49.4      1103.7744      279.35441      35.357086    0.048527658      19.106191
49.5      1103.7787      279.28522      35.660157    0.053100467      19.651722
49.6      1103.7837      279.48571      35.397275    0.057662822       19.79489
49.7      1103.7904      279.63014      35.298149    0.062202638      20.769896
49.8      1103.7972      279.45055      35.408165    0.066779103      20.084035
49.9      1103.8038      279.62513      35.240043      0.0713332      20.767118
  50      1103.8115      279.69312      35.337982    0.075909173      20.821789
50.1       1103.819      279.42214      35.009742    0.080475033      18.864225
50.2      1103.8272      279.63297      35.076819    0.085045179      19.827173
50.3      1103.8366       280.1219      35.155832    0.089590506      20.171958
50.4      1103.8451      279.81813      35.196105    0.094169666      20.933662
50.5      1103.8554      279.92752      35.165683    0.098718508      20.837591
50.6      1103.8651      280.05963      35.489793     0.10328271      20.562558
50.7      1103.8752      279.94834      35.202638      0.1078375      18.955242
50.8      1103.8863      279.99523      34.791351     0.11240683      19.709976
50.9       1103.898      279.83787      35.357063     0.11696751      20.766038
  51      1103.9101      280.32897      35.455892     0.12152484      19.311035
51.1      1103.9221      280.39472      35.257541     0.12607694      19.472362
51.2      1103.9359       279.9966      35.419531     0.13065821      20.126848
51.3      1103.9493      280.61538      35.492118     0.13520411      19.308537
51.4      1103.9611      280.42812      35.456799     0.13977261      20.063926
51.5      1103.9771      280.22283       35.45806     0.14433559      19.634537
51.6      1103.9921      280.42432      35.069629     0.14889644      20.621863
51.7      1104.0052       280.4431      34.997817     0.15346347      19.197739
51.8      1104.0225      280.84533      35.276454     0.15801509       20.32696
51.9      1104.0375      280.74123      35.459701     0.16257417      20.927074
  52      1104.0541      280.64615      35.555594     0.16713346      20.675961
52.1      1104.0707      280.61255      35.324057     0.17168771      19.818849
52.2      1104.0889      280.81723      35.156991     0.17626509      19.443857
52.3      1104.1059      280.86451       35.29449      0.1808142      19.393717
52.4      1104.1251      280.70252      35.179199      0.1853814      20.508283
52.5      1104.1429      280.72909      35.263733     0.18994162      19.701454
52.6      1104.1635      280.82043       35.08919     0.19449827      18.698316
52.7      1104.1831      281.12414       35.39066     0.19904998      19.372697
52.8      1104.2026      280.92316       35.42534       0.203608      19.342429
52.9      1104.2232      280.78626      35.230074     0.20817084      20.166163
  53      1104.2432      281.15774      35.342716     0.21272546       20.75651
53.1      1104.2663      280.85287      35.127467     0.21727314      19.159556
53.2      1104.2877      281.46831      34.940307     0.22184414      19.939483
53.3      1104.3112      281.07222      35.201896     0.22639387      19.871467
53.4      1104.3327      281.09411      35.292779     0.23094157      20.059312
53.5      1104.3563      281.17446      35.584049     0.23551625      19.226249
53.6      1104.3818      281.45561      35.220056     0.24006331      20.632996
53.7      1104.4045      281.20447      35.282476     0.24461585      20.322119
53.8      1104.4281      282.01658      35.101604      0.2491796      19.342658
53.9      1104.4536      281.39171      35.295077     0.25372776      19.670106
  54      1104.4792      281.76368      35.528241     0.25828202      20.740091
54.1      1104.5052      281.44661      35.446737     0.26284447      21.210672
54.2      1104.5332      281.68837       35.33618     0.26739467      19.567127
54.3      1104.5591      281.58015      35.275006     0.27195058      20.000347
54.4      1104.5864      281.72274       35.32547     0.27649931      20.372419
54.5      1104.6154       281.9913      35.488674     0.28105471      20.504357
54.6      1104.6435      281.89645      34.873923     0.28560419       20.12951
54.7      1104.6716      282.06844      35.751891     0.29016176      20.070164
54.8      1104.7008      281.95165        35.4429     0.29470443      20.136417
54.9      1104.7303      282.05048      35.436169     0.29926546      19.645943
  55      1104.7602      282.31383      35.294423     0.30380946      20.361446
55.1       1104.791      281.69204      35.370049     0.30836189      18.910931
55.2      1104.8222      282.14391      35.295435     0.31290723      20.885485
55.3      1104.8544      282.11269      35.033256     0.31746726      19.318029
55.4      1104.8859      282.24154      35.152485     0.32201017      19.566556
55.5      1104.9195      282.41935      35.326271     0.32656453       20.25642
55.6       1104.951      282.24646      35.494279     0.33110693      19.678165
55.7      1104.9841      282.65083      35.509613     0.33565098      20.036681
55.8      1105.0187      282.44924       35.48793      0.3402067      20.506034
55.9      1105.0525      282.67012      35.040873     0.34475031       20.34655
  56      1105.0869      282.50306      35.221499     0.34930288      20.821467
56.1      1105.1232      282.87149      35.472103     0.35384204      20.319389
56.2      1105.1576      282.67846       35.04812     0.35840483      19.335859
56.3       1105.195      282.62291       35.13178     0.36292847      19.197691
