   7      540.8056      285.5022      49.80918     -3.300805      19.73586
 7.1      540.4748      284.9928      49.70765     -3.292666      20.13959
 7.2      540.1461      284.8711      49.53656     -3.284505      20.46358
 7.3      539.8177      285.2586      49.58313     -3.276311       19.5151
 7.4      539.4901      284.7654      50.00785      -3.26814       20.7091
 7.5      539.1648       284.749      49.90778     -3.259933      20.20737
 7.6      538.8378      284.5072      49.97509     -3.251717      20.31572
 7.7      538.5145      284.5278      50.03656     -3.243477       20.7367
 7.8        538.19      284.6035      49.66916     -3.235226      18.65731
 7.9      537.8673      284.7255      49.96295     -3.226963      19.66466
   8      537.5444      284.3485      50.06448     -3.218686      20.20759
 8.1       537.223       284.154      50.25308      -3.21039      19.58301
 8.2      536.9026      284.1616      50.12195      -3.20208      20.77216
 8.3      536.5827      284.0583      50.11073     -3.193762      20.40629
 8.4      536.2633      283.9792      50.20651     -3.185421      20.84435
 8.5      535.9455      283.7793      50.20586     -3.177065      20.05455
 8.6      535.6291      283.6126      50.31486     -3.168695      19.36174
 8.7      535.3124      283.8136      50.47566     -3.160303      20.14797
 8.8      534.9975      283.5338      50.57427     -3.151902      20.03788
 8.9       534.681      283.1714      50.47578     -3.143498       20.0934
   9      534.3678      283.5632      50.67527     -3.135062      19.27679
 9.1      534.0545      283.1126      50.29729     -3.126626      20.67623
 9.2       533.742       283.357      50.90418     -3.118161      20.57139
 9.3      533.4309       283.359      50.48103     -3.109688       19.5038
 9.4      533.1204      283.2698      50.76841      -3.10121      20.68208
 9.5      532.8097      282.7003      50.87935     -3.092709      20.56247
 9.6      532.5021       282.858      50.82017     -3.084195      20.22799
 9.7      532.1935      282.5623      50.80396     -3.075657      19.21193
 9.8      531.8855       282.733      50.73743     -3.067107      18.66617
 9.9       531.581      282.5899      50.97956     -3.058544      19.44994
  10      531.2759      282.3817      51.25549     -3.049956      20.33524
10.1      530.9702      282.2591      51.22505     -3.041384      20.83081
10.2      530.6664      282.2199      51.12255      -3.03276      19.77826
10.3      530.3645      282.0995      51.03287     -3.024153      20.42284
10.4      530.0617         281.9      51.32253     -3.015515      19.84089
10.5      529.7603       282.026      51.05125     -3.006853      20.94421
10.6      529.4591      281.7032      51.35431     -2.998183      19.60609
10.7      529.1619       281.742      51.27138     -2.989511       19.6445
10.8      528.8631      281.3606      51.43208     -2.980807      20.34324
10.9      528.5651      281.6647       51.2871     -2.972101      20.44011
  11      528.2678      281.5903      51.64391     -2.963377      20.08589
11.1      527.9715      281.2723      51.49614     -2.954633      20.33985
11.2      527.6776      281.4072      51.44403     -2.945887      20.77342
11.3      527.3829       280.805      51.64543     -2.937117      20.46988
11.4      527.0899      281.4932      51.66159     -2.928334      19.52771
11.5      526.7974      280.9158      51.51878     -2.919537      19.88586
11.6      526.5059      280.9111      51.89591     -2.910722      19.93857
11.7       526.215       280.798      52.05173     -2.901888      20.03448
11.8      525.9251      280.7476      51.85962     -2.893063      19.37975
11.9      525.6365      280.6766      52.14687     -2.884206      20.75035
  12      525.3479      280.0746      51.83644     -2.875325      20.87483
12.1      525.0613      280.3333      52.11045     -2.866445      20.11289
12.2      524.7757      280.1314      52.16844     -2.857522      19.56193
12.3      524.4896      280.2493      52.09345     -2.848628      20.30943
12.4      524.2066      280.0204      52.14037     -2.839687      20.00728
12.5      523.9226      280.0203      52.27409      -2.83075      19.53438
12.6       523.639      279.8358      51.84246     -2.821791      20.18965
12.7       523.357      279.7364      52.28206     -2.812801      20.28096
12.8      523.0766      279.7105      52.17849     -2.803825      19.80498
12.9      522.7966      279.3677      52.21098     -2.794823      20.64879
  13      522.5174      279.4482      52.29414     -2.785787       20.0048
13.1      522.2394      279.5537       52.3524      -2.77678      20.04843
13.2      521.9628       279.127      52.60189     -2.767733      18.99815
13.3      521.6862      279.2244      52.60292     -2.758667      20.93833
13.4       521.411      279.1753      52.55249     -2.749581      20.26189
13.5      521.1362      279.2149      52.60165     -2.740508      20.64394
13.6       520.864      278.9445      52.60403     -2.731396      20.26042
13.7      520.5905      278.6556      52.20839     -2.722278      20.07116
13.8      520.3176      278.1209        52.612     -2.713154      18.88841
13.9      520.0476      278.6602      52.70525     -2.703998      18.66569
  14      519.7775      278.5765       52.5476     -2.694844      20.89371
14.1      519.5082      278.2634      52.57463      -2.68566      20.32065
14.2      519.2403      278.0003      53.12329     -2.676467      19.40669
14.3      518.9734      278.2863      52.99127     -2.667269         20.85
14.4      518.7079      277.8541       53.1064     -2.658058      19.44451
14.5      518.4418       277.602       52.9706     -2.648821      20.01853
14.6      518.1766      277.6921      52.97941     -2.639569      19.68507
14.7      517.9144      277.5099      52.69534     -2.630312      20.83684
14.8      517.6523      277.2594       53.1441     -2.621037       19.2929
14.9      517.3906      277.3849      52.98283      -2.61174      19.77903
  15      517.1288      277.7267      53.16601     -2.602446      19.96993
15.1      516.8692      277.0039      53.32102     -2.593124      19.58597
15.2      516.6106      277.1444       53.4128     -2.583792      20.11165
15.3      516.3522      277.1737      53.33404     -2.574455      19.52024
15.4      516.0941       276.914      53.46978     -2.565092      20.46018
15.5       515.839      276.9066       53.5678     -2.555722      20.84698
15.6       515.584      276.3637      53.45294     -2.546329      21.21454
15.7      515.3304      276.5108      53.49464      -2.53692      19.03092
15.8      515.0771      276.3346      53.80963     -2.527512      18.57898
15.9       514.824       276.125      53.53868     -2.518081       19.5425
  16      514.5738      276.0382      53.78843     -2.508638      20.54125
16.1      514.3227      276.0063      53.47523     -2.499188      19.23679
16.2      514.0745      275.9154      53.87266      -2.48971      19.55429
16.3      513.8242      275.7838      53.82416     -2.480238      19.61839
16.4      513.5772      275.8021      54.15121     -2.470733      18.90758
16.5      513.3299      275.2636      53.92072     -2.461222      19.53136
16.6      513.0846      275.4894      54.09007     -2.451697      19.87201
16.7      512.8415      275.0594      54.17148     -2.442148      19.33716
16.8      512.5965      275.0868      54.02345     -2.432594      20.14079
16.9      512.3541      275.1585       53.9411     -2.423036      20.15137
  17      512.1124      274.9829       54.1663     -2.413454      19.16435
17.1      511.8712      274.9564      53.94036     -2.403859      20.50367
17.2      511.6312      274.5636      54.11912     -2.394248      20.43749
17.3      511.3929      274.2798      54.41703     -2.384623       20.3056
17.4      511.1539      274.2365      54.05373     -2.374992      20.23422
17.5       510.917      274.4487      54.45014     -2.365347      18.87203
17.6      510.6802      274.0266       54.4937     -2.355685      20.19447
17.7      510.4458      273.8272      54.29737     -2.346014      20.40671
17.8       510.212      273.9723      54.48929     -2.336321      20.69943
17.9      509.9788       273.824      54.51088     -2.326633      20.25754
  18      509.7461       273.478      54.68367     -2.316899      20.31842
18.1      509.5159      273.3471      54.38828     -2.307175      20.13667
18.2       509.286      273.2782      54.56576     -2.297443      19.44291
18.3      509.0555      273.3024      54.78292     -2.287685      20.38023
18.4      508.8273      272.9158      54.78789     -2.277914      20.20121
18.5      508.6004      273.0704      54.68574     -2.268123      20.51816
18.6      508.3742      272.9853       54.5457      -2.25834      20.10753
18.7      508.1491      272.9042      54.39322     -2.248525       20.4418
18.8       507.924       273.088      55.03356       -2.2387      18.89237
18.9      507.7008      272.2031      54.69739     -2.228874      20.13672
  19      507.4785      272.3586      54.48156     -2.219027      20.12337
19.1      507.2569      272.1945      54.96757     -2.209168       20.8824
19.2      507.0365      272.2467      54.76894     -2.199309      19.46449
19.3      506.8161      271.8423      55.03852     -2.189419      20.00252
19.4      506.5984       272.169      54.44249     -2.179521       19.9919
19.5      506.3818      272.0849      54.96261     -2.169602      20.88098
19.6      506.1648      271.4777      55.16991     -2.159695      19.56939
19.7      505.9498      271.7083      54.99454      -2.14974      19.63547
19.8       505.735      271.4189      55.14376     -2.139789      20.11407
19.9      505.5218      271.0359      54.94905     -2.129845      20.84428
  20      505.3088       271.166      54.94537      -2.11985      19.12018
20.1      505.0977      271.0797      55.21247     -2.109879      19.73366
20.2      504.8865      270.7841      55.03783      -2.09987      19.71775
20.3      504.6773      270.5277      55.58755     -2.089863      20.45591
20.4      504.4691      270.8732      55.33921     -2.079834      20.55298
20.5      504.2608      270.4821      55.71533     -2.069801       20.9163
20.6      504.0549      270.3738      55.45404     -2.059751      19.35855
20.7      503.8488      270.0764      55.46017     -2.049688      20.04315
20.8      503.6447      270.0739      55.25928      -2.03961      19.35426
20.9      503.4419      270.2722      55.53059     -2.029545      19.88702
  21      503.2372      269.8823      55.70837     -2.019429      20.24593
21.1      503.0376      270.0313      55.78081      -2.00932      19.52818
21.2      502.8388      269.1151      55.66683     -1.999199      18.58051
21.3       502.637      269.3526      56.02891     -1.989054      19.44373
21.4      502.4408      269.5186      55.96111      -1.97892      20.50032
21.5       502.242      269.5012      55.81806     -1.968754      19.21507
21.6      502.0456      268.9536      56.02708     -1.958591      20.04891
21.7      501.8509      268.6477       55.9716     -1.948405       19.5977
21.8      501.6561      268.8789      55.94807     -1.938207      20.03213
21.9      501.4624      268.8011       55.8263     -1.927993      20.20456
  22      501.2707      268.6718      56.16207     -1.917784      19.62338
22.1        501.08      268.5958      56.12668     -1.907547      20.11901
22.2      500.8898      268.2915      56.12461     -1.897315      20.85239
22.3         500.7      267.9905      56.08733      -1.88707      20.08791
22.4      500.5115      267.8391      56.23704      -1.87679      20.82007
22.5      500.3243      267.8512      55.96043     -1.866505      19.67162
22.6      500.1388      267.6273      55.74877     -1.856219      19.34886
22.7      499.9532      267.4923       56.4515     -1.845939      20.86723
22.8      499.7692      267.3015      56.31167     -1.835622      20.30066
22.9       499.587       267.282      56.43127     -1.825288      19.78127
  23      499.4044       266.884      55.93513     -1.814962      20.11767
23.1      499.2236      266.5679      56.25298     -1.804617      18.90183
23.2      499.0431       266.611      56.32998      -1.79425      20.95404
23.3      498.8635      266.8167      56.11884     -1.783892      20.86574
23.4      498.6874      266.7297      56.65494     -1.773513      19.68497
23.5      498.5102      266.4202      56.84551     -1.763116       19.9221
23.6      498.3332      266.4213      56.76123     -1.752706      20.03877
23.7      498.1594      266.1737      56.54394     -1.742306      20.75014
23.8      497.9845      266.2707      56.68535     -1.731888      20.03683
23.9      497.8128      266.2188      56.41583     -1.721451      20.23858
  24       497.641      265.5461       56.5868     -1.711006      20.41907
24.1      497.4707      265.6149      56.54034     -1.700548      20.18088
24.2      497.3015      265.6363      56.80362     -1.690079      19.36795
24.3      497.1326      265.1509       56.3441     -1.679609      20.26296
24.4      496.9645      265.0354       56.8541     -1.669129      19.20637
24.5      496.7978      265.0106       57.1124     -1.658617      20.20095
24.6      496.6337      264.8764      56.87378     -1.648121      19.13806
24.7      496.4686      264.5402       56.7531     -1.637593      20.47278
24.8      496.3061      264.3359      56.71478     -1.627064      20.51239
24.9      496.1442      264.7015      56.85932      -1.61653      19.81027
  25       495.982      264.0812      56.94974     -1.605974      19.33706
25.1      495.8213       263.821       56.8691     -1.595414      19.71072
25.2      495.6636       263.767      56.73561     -1.584842         19.67
25.3      495.5048      263.6905      57.17751      -1.57427      20.61506
25.4      495.3488      263.4562      56.95781     -1.563674      19.77082
25.5      495.1921       263.305      57.10826     -1.553073      20.67322
25.6      495.0382      263.5045       57.0093     -1.542459      21.36792
25.7      494.8839      263.2453      57.31091     -1.531826      20.10193
25.8      494.7319       262.917       57.2053     -1.521206      19.37679
25.9      494.5806      262.9552      57.34499     -1.510563       19.9213
  26      494.4297      262.6808      57.17162     -1.499912      20.14288
26.1      494.2802      262.5779       57.2852     -1.489254      20.29114
26.2      494.1334      262.3111      57.13931     -1.478569      18.30136
26.3      493.9846      262.4018      57.44352     -1.467908      19.47936
26.4      493.8377      262.3502      57.25168     -1.457215      20.41108
26.5      493.6927      262.0009      57.23862     -1.446527      19.46362
26.6      493.5497       262.012      57.64354     -1.435811      19.51411
26.7      493.4058      261.4676      57.40094     -1.425095      19.69672
26.8      493.2646        261.94      57.57819     -1.414364      20.24407
26.9      493.1234      261.2799      57.81035     -1.403633      19.67983
  27      492.9824      260.9856      57.37486     -1.392898      19.46647
27.1      492.8435      261.2804      57.44959     -1.382132      19.55379
27.2       492.706      260.4923      57.53096     -1.371363      20.78601
27.3      492.5693      260.8529      57.69514     -1.360585       19.1894
27.4      492.4338      260.4822      57.51378     -1.349811      19.78495
27.5      492.3002      260.3492      57.83243      -1.33903      19.87128
