  12      720.8855      259.9808      32.21924     -4.517211       20.7697
12.1      720.4336      260.4193      32.25282     -4.512423      20.14978
12.2      719.9823      260.6932      32.17543     -4.507638      20.33012
12.3      719.5332      260.3829      32.26035     -4.502835      19.79447
12.4      719.0829      260.3757      32.09161      -4.49803      19.70754
12.5      718.6332      260.6707      32.38904     -4.493202      19.97161
12.6      718.1839      260.4028      32.40036     -4.488387      20.13991
12.7      717.7348      260.6944      32.68657     -4.483541      19.38371
12.8      717.2872      260.9679      32.74088     -4.478691      19.69671
12.9      716.8398      260.7577      32.40491     -4.473838      19.76556
  13      716.3919      261.1079      32.61306     -4.468974      20.16141
13.1      715.9453      261.0076      32.44699     -4.464097      19.38415
13.2      715.4988      260.8561      32.49315     -4.459216      20.88391
13.3      715.0536      260.9375      32.97023     -4.454329      18.90595
13.4      714.6081      261.1792      32.77769      -4.44942      20.46494
13.5      714.1641      260.9714      32.95135     -4.444518      20.45064
13.6      713.7201      261.1602       32.4852     -4.439585      20.61869
13.7      713.2757      261.1719      32.61669     -4.434669      21.05351
13.8      712.8331      261.5497      32.82521     -4.429721      20.29053
13.9      712.3906      261.6608      33.03544     -4.424769      20.21862
  14      711.9486      261.1515      32.53268     -4.419824      19.91179
14.1      711.5062      261.1454      32.99488      -4.41485      19.77196
14.2      711.0642      261.2589      32.65737     -4.409883       20.1012
14.3       710.624      261.4751      32.77823      -4.40488      20.08179
14.4      710.1837      261.6669      32.54494       -4.3999      19.29558
14.5      709.7446      261.7237      32.94538       -4.3949      20.12009
14.6      709.3047      261.5435      33.04699     -4.389879      19.82813
14.7      708.8677      261.7314      33.09084     -4.384861      19.77261
14.8      708.4274      261.9455      33.19643     -4.379824      20.52616
14.9      707.9893        261.59      33.05447     -4.374784      20.23156
  15      707.5523      262.1567      33.13793     -4.369731       19.0781
15.1       707.116      262.2031      32.84054      -4.36468      19.80293
15.2      706.6805      262.2785      33.16184     -4.359606      19.80691
15.3      706.2441      262.0834      33.17012     -4.354524      20.16241
15.4      705.8084      262.1083      33.45109     -4.349434      20.47375
15.5      705.3738      262.2154      33.03256     -4.344342      19.78385
15.6        704.94      261.8075      33.33227     -4.339232      19.36509
15.7      704.5068      262.2732      33.32991     -4.334111      20.53439
15.8      704.0736      262.2349      32.86982     -4.328995      20.07743
15.9      703.6398      262.3189      33.29134     -4.323856      19.65782
  16      703.2092      262.2856      33.03844     -4.318711      20.53812
16.1      702.7764      262.4317      33.54509     -4.313556      21.01017
16.2      702.3467      262.3201      33.55861     -4.308383      20.02934
16.3       701.915      262.4841      33.43435      -4.30321      20.59472
16.4      701.4855      262.5992      33.42916     -4.298021      20.05968
16.5      701.0558      262.7615      33.65703     -4.292834      20.10752
16.6      700.6282      262.3874      33.38473     -4.287631      20.59268
16.7      700.1985      262.9536      33.56356     -4.282418      19.17778
16.8      699.7692      262.9742      33.76801     -4.277193      20.38817
16.9       699.343      262.9178       33.3852     -4.271982      19.72083
  17      698.9151      262.8079      33.93651     -4.266737      19.84525
17.1      698.4898      262.9548      33.72741     -4.261468      19.33871
17.2       698.065      263.1492      33.41299      -4.25622      20.66512
17.3      697.6389      263.3262      33.53167     -4.250944      20.29754
17.4      697.2129      263.0775      33.68691     -4.245668       20.1217
17.5      696.7888      262.8493      33.68828     -4.240373      20.34822
17.6      696.3649      263.6087      33.77027     -4.235073      19.79496
17.7      695.9414      263.0944      33.88735     -4.229772      19.48832
17.8      695.5185       263.187      33.82948     -4.224436        19.087
17.9      695.0972      263.6347      33.77548     -4.219116      19.80163
  18      694.6749      263.5412      34.11907     -4.213777      18.57956
18.1      694.2541      263.3776      33.95051      -4.20843      19.95209
18.2      693.8337       263.416      34.17367     -4.203078       20.2544
18.3      693.4141      263.7687      33.87758     -4.197708      21.28727
18.4      692.9934      263.4384       34.1575      -4.19234      19.27438
18.5      692.5764      263.7933      33.69842     -4.186934      19.49386
18.6      692.1572      263.8304      33.89695      -4.18153      20.62419
18.7      691.7388      264.0265      34.09913     -4.176139      19.98451
18.8       691.321      263.8433      34.17569     -4.170714      20.27885
18.9      690.9045      264.0005      34.00483     -4.165278      19.17863
  19      690.4889      263.8651      34.30006      -4.15986      20.44682
19.1      690.0736      263.9142      34.07658     -4.154412      19.79287
19.2      689.6576      263.9564      34.29745      -4.14894      18.20273
19.3      689.2424      264.1726      34.35017     -4.143494      20.66381
19.4      688.8282       264.414      34.30279     -4.138006      20.30837
19.5      688.4154      264.3286       34.5383     -4.132519      19.19796
19.6      688.0032      264.0736      34.20459     -4.127028      20.31432
19.7        687.59      264.4881      34.47243     -4.121518      20.25899
19.8      687.1791      264.4336      34.21989     -4.115996      19.65998
19.9      686.7667      264.4073      34.94979     -4.110477       20.3696
  20      686.3565      264.4239      34.46927     -4.104938      20.40472
20.1      685.9456      265.0884      34.49219     -4.099396      19.84327
20.2       685.535      264.5484      34.28621     -4.093838      20.31124
20.3      685.1274      264.7515      34.42147      -4.08828      19.81652
20.4      684.7193      264.6349      34.62467     -4.082702      19.68299
20.5      684.3107      264.9499      34.60673     -4.077099      19.55003
20.6      683.9027      264.8021      34.64694     -4.071509      19.60366
20.7      683.4971      265.2432      34.28997     -4.065919      20.04873
20.8      683.0898      265.2515      34.50155     -4.060299      18.83345
20.9      682.6844       264.688      34.63507     -4.054666       19.9948
  21       682.279       264.813      34.74176     -4.049026      19.06882
21.1      681.8759      264.9507       34.8062     -4.043376       20.4448
21.2      681.4706      265.1423      34.75001     -4.037723      20.60706
21.3       681.067      265.3877      34.81113     -4.032056       21.4282
21.4      680.6646      265.3479      34.92279     -4.026373      20.54566
21.5      680.2615      265.6331      34.77696     -4.020696      18.63402
21.6      679.8599      265.4964      35.12099     -4.015008      19.91764
21.7      679.4574      265.4769      35.08245     -4.009292      19.34069
21.8      679.0585      265.5913      34.86331     -4.003567      20.26634
21.9      678.6579      265.9561      35.22425     -3.997835       19.5374
  22      678.2575      265.7306      35.15812     -3.992107      20.07872
22.1      677.8597      265.4642       35.0931     -3.986355      19.55858
22.2      677.4604      265.6942      35.07802     -3.980594      19.02032
22.3      677.0637      265.9985      35.40318     -3.974828      20.20451
22.4      676.6658      266.0441      35.31197     -3.969059       20.8355
22.5      676.2702      266.1397      34.94845     -3.963266      20.09019
22.6      675.8734      266.2912      35.35941     -3.957466      19.85645
22.7      675.4785      266.0624      35.41414     -3.951654       20.1415
22.8      675.0839      266.0555      35.07588      -3.94584      20.20779
22.9      674.6894      266.4063      35.38582     -3.940013      20.67395
  23       674.295      266.5035      35.06194     -3.934175      19.80691
23.1       673.902      266.0955      35.13269     -3.928321      20.66271
23.2      673.5093      266.3311      35.40034     -3.922459      18.97073
23.3      673.1179      266.4345      35.68012     -3.916577      20.64614
23.4      672.7254      266.6634      35.37215     -3.910698      20.33874
23.5      672.3352      266.5789      35.49365     -3.904813      19.73416
23.6      671.9443      266.7365      35.59132     -3.898906      18.72052
23.7      671.5557      266.4631      35.37356     -3.893003      19.05253
23.8      671.1664      267.0891      35.65838     -3.887073      20.47539
23.9      670.7782      266.7254      35.47469     -3.881148      19.27438
  24      670.3902      267.0034      35.50424     -3.875204      20.27998
24.1      670.0041      266.6479      35.46183     -3.869242      19.86594
24.2      669.6164       266.846      35.73718     -3.863277      20.43168
24.3      669.2301      267.3244      36.01776     -3.857305      20.24154
24.4      668.8455      266.8022      35.55068     -3.851318      19.42291
24.5      668.4609      267.3053      35.78963     -3.845328      20.13864
24.6       668.075      267.4078      35.89485     -3.839323      20.27869
24.7      667.6917       267.243      35.86124     -3.833299      19.64089
24.8      667.3088      267.3639      35.84651     -3.827278      19.47338
24.9      666.9266       267.212      35.84811     -3.821239      20.52071
  25      666.5449      267.7694      35.57371     -3.815199       20.0073
25.1      666.1642      267.5181      35.86242     -3.809133      20.31039
25.2       665.783      267.7508      35.87509     -3.803066      20.90285
25.3      665.4032      267.4335      35.98427     -3.796991      20.58582
25.4      665.0243      267.8158      36.04308     -3.790897      21.41823
25.5      664.6461      267.8914      35.75046     -3.784801      19.21672
25.6      664.2663      267.5508      36.27879     -3.778689      18.96467
25.7      663.8902       268.051       35.9429     -3.772566      20.06116
25.8      663.5117      267.8496        36.033      -3.76644      19.31048
25.9      663.1352      267.9859      36.34131     -3.760297      19.96605
  26      662.7599      268.3158       35.9608     -3.754147      20.14499
26.1      662.3851      268.0993       35.9967     -3.747974      19.63494
26.2      662.0107       268.169      36.18781       -3.7418      19.54439
26.3      661.6364      268.2703      36.04867     -3.735625      19.71031
26.4      661.2638      268.1854      36.39216     -3.729423      21.07527
26.5       660.891      268.1602      35.87826     -3.723213       18.9759
26.6      660.5195      268.6776      36.05433     -3.717006       19.3081
26.7       660.147      268.5889      36.21982     -3.710787      20.44122
26.8      659.7765      268.7691      36.23226     -3.704547      20.50574
26.9      659.4071      268.6423      36.36039     -3.698299      20.17746
  27      659.0369      268.7743      36.39618     -3.692031      19.99929
27.1      658.6683      268.7489      36.34104     -3.685771      20.45499
27.2      658.2998      269.0722      36.41687     -3.679492      20.82728
27.3       657.933      268.9537      36.68752     -3.673205      20.30193
27.4      657.5644      268.8917      36.54024     -3.666905       19.8896
27.5      657.1984      269.3338      36.59692     -3.660599      20.25874
27.6      656.8334      268.7755      36.72811     -3.654273      19.81513
27.7      656.4683      269.2658      36.52236     -3.647949      20.07577
27.8      656.1036      269.2986      36.62403     -3.641605      20.36842
27.9      655.7399      269.5384      36.61701     -3.635249      19.89821
  28      655.3767      269.2731      36.75832     -3.628881      20.07469
28.1      655.0147      269.4722       36.7548     -3.622504      19.94248
28.2      654.6518      269.4965      36.53305     -3.616119       19.8886
28.3      654.2909      269.6817      36.69474     -3.609724      20.50663
28.4      653.9306      269.7958      36.86351     -3.603325      19.47589
28.5      653.5701      269.4985      36.85469     -3.596908      18.81652
28.6      653.2121      269.7437      37.14052     -3.590485      18.74353
28.7      652.8525      269.7317      37.29952     -3.584045      20.69245
28.8      652.4939      269.9206      37.15955     -3.577586      19.59297
28.9      652.1365      270.1535      37.14332     -3.571138      20.37487
  29      651.7794      269.8606      36.99685     -3.564656      20.78713
29.1      651.4245      270.0487      37.42283     -3.558176      18.93632
29.2      651.0677      269.7051      37.14069     -3.551702      18.78842
29.3       650.713      270.2482      36.86647     -3.545188      19.46934
29.4      650.3585      270.0309      36.84633     -3.538672      19.64702
29.5      650.0064      270.4198      37.30398     -3.532144      20.30824
29.6      649.6529      270.4502      37.25382      -3.52562      20.59648
29.7      649.2993      270.6398      37.50275     -3.519063      20.66099
29.8      648.9492      270.6369      37.25705     -3.512514      20.07353
29.9      648.5981        270.33      37.39151      -3.50596      19.94388
  30      648.2477      270.5986      37.07168      -3.49937       20.1828
30.1      647.8984      270.7419      37.33017     -3.492775      19.68878
30.2      647.5493      271.0084      37.39105     -3.486185      19.55499
30.3      647.2011       270.891      37.30635     -3.479574      20.39455
30.4      646.8535      271.0056      37.16873     -3.472964      19.99229
30.5      646.5057      271.0874      37.43456     -3.466327      20.84705
30.6      646.1594      271.4437      37.32126     -3.459684      18.79367
30.7       645.814      271.3234      37.27721     -3.453046      20.32771
30.8      645.4688      271.2322      37.38048     -3.446368      18.99966
30.9      645.1257      271.3699      37.57356     -3.439693      19.91023
  31      644.7811      271.4608      37.63638     -3.433009      21.09261
31.1      644.4384      271.2333      37.83166     -3.426317      19.59666
31.2      644.0953      271.7071      37.75763     -3.419623       20.0749
31.3      643.7548       271.517      37.61508     -3.412894       20.1846
31.4      643.4145      271.6275      37.72212     -3.406178      19.74984
31.5      643.0737       272.212      37.77994     -3.399423      19.80916
31.6      642.7343      271.8686      37.48392     -3.392684      21.25627
31.7      642.3947      271.8395       37.6343     -3.385923      19.98056
31.8      642.0561      272.1523      37.63871     -3.379155      19.49865
31.9      641.7197      272.0728      37.93438     -3.372362      20.07262
  32      641.3808      272.2671      37.90717     -3.365581      20.46391
32.1      641.0458      272.0875      37.91166     -3.358797      19.93621
32.2      640.7102      272.3994      37.94971     -3.351968      19.39128
32.3      640.3752      272.0996      38.24281     -3.345147      20.69893
32.4      640.0406      272.2868      38.08802     -3.338313      18.74523
32.5      639.7073      272.6439      37.94816     -3.331466      19.72798
32.6       639.374      272.4984      37.89798     -3.324617      20.18718
32.7      639.0432      272.2946      37.67281     -3.317747      19.96098
32.8      638.7115      273.0297      38.47754     -3.310862      18.94776
32.9        638.38      272.6704      37.83028     -3.303982      20.11992
  33       638.051      272.6195      38.27171     -3.297081       19.7463
33.1      637.7214      273.0395      38.32761     -3.290167      19.34575
33.2       637.393      272.9536      38.37196     -3.283252      20.16802
33.3      637.0647      272.9096      38.04048      -3.27632      20.98821
33.4      636.7376      273.2174      38.16843     -3.269376      20.38861
33.5      636.4106       273.191       37.9509     -3.262424      20.86813
33.6      636.0848      273.2702      38.37183     -3.255454      18.57797
33.7      635.7596      273.0132      38.32727     -3.248486      20.21521
33.8      635.4355      273.4271      38.15072     -3.241514      19.65233
33.9      635.1114      273.5535      38.33031     -3.234496      19.19787
  34      634.7877       273.431      38.43726      -3.22749      19.56393
34.1      634.4663      273.6884      38.35704     -3.220497      20.60146
34.2      634.1441      273.9511      38.16277      -3.21345      19.56978
34.3      633.8242      273.7108      38.31478     -3.206418      20.36273
34.4      633.5026      273.8433      38.29866     -3.199367      20.02267
34.5      633.1831      273.9661       38.5491     -3.192307      19.99975
34.6      632.8656      273.9891      38.72572      -3.18524      20.01434
34.7      632.5462      274.0626      38.63244      -3.17816      20.22319
34.8      632.2284      274.1871      38.81175     -3.171069      18.95485
34.9      631.9113      274.0584      38.66072     -3.163962      20.56989
  35      631.5965      274.1063       38.6108     -3.156847      20.25364
35.1      631.2798      274.4675      38.59623     -3.149733      20.33977
35.2      630.9659      274.4512       38.3792     -3.142591      19.82678
35.3      630.6525      274.3648       38.6098     -3.135443      19.51836
35.4      630.3386      274.6053      38.83763     -3.128287       19.4535
35.5       630.026      274.4207      38.91704     -3.121117      19.78047
35.6      629.7156      274.6726      38.62817     -3.113949      20.76263
35.7       629.404      275.1623      38.69378     -3.106766      20.05852
35.8      629.0941      274.7367      38.66265     -3.099551      20.18403
35.9      628.7833      274.9806      38.40938     -3.092342      19.19137
  36      628.4734      275.0822      39.04403     -3.085117      18.78452
36.1      628.1665      275.1265       38.9526     -3.077906       21.1557
36.2      627.8586      275.1347      38.79909     -3.070644      20.47932
36.3       627.552      274.9646      38.84484     -3.063385      19.67427
36.4      627.2473      275.7378      39.06378     -3.056126      18.91103
36.5      626.9427      275.4278      39.14014     -3.048861      20.32749
36.6      626.6369      275.5216      39.01139     -3.041574       20.6644
36.7      626.3334      275.8591      39.34568     -3.034278      19.43187
36.8      626.0297      275.3818      38.76934     -3.026966      19.36671
36.9      625.7284      275.6606      39.41828     -3.019657      19.50306
  37      625.4255      275.8773      39.08319      -3.01233      19.60507
37.1      625.1255      275.9167      39.08235     -3.004994      20.66168
37.2      624.8256      275.8628      39.29507     -2.997646       19.7777
37.3      624.5261      276.2329      39.37895     -2.990288      20.17493
37.4      624.2264      276.0254      39.53274     -2.982926      20.25393
37.5      623.9303       276.041      39.42723     -2.975531      20.56662
37.6      623.6303      275.9572      39.36667     -2.968147      19.49271
37.7      623.3357      275.8891      39.06324      -2.96075      20.47079
37.8      623.0399      276.0941      39.16646     -2.953315      18.91298
37.9      622.7452      276.2724      39.39476     -2.945902      18.63875
  38       622.451      276.5072      39.36191      -2.93848      20.55525
38.1      622.1559      276.7282      39.93156     -2.931022      19.60862
38.2      621.8644       276.907      39.40562      -2.92358      19.83469
38.3       621.573      276.7023      39.44336     -2.916114      20.31238
38.4      621.2818       276.746      39.64619     -2.908653      20.44283
38.5      620.9915       276.759      39.63251     -2.901155      19.99597
38.6      620.7007      276.9535      39.53215      -2.89366      20.66794
38.7      620.4114      276.8673      39.45931     -2.886145       20.3764
38.8      620.1238      277.1124      39.67592     -2.878627       20.2782
38.9      619.8364      277.0445      39.69387     -2.871105      20.39012
  39      619.5497      277.2639      39.60251     -2.863562      19.39569
39.1      619.2637      277.6304      39.53964     -2.856018      20.55919
39.2      618.9787      277.1617      40.14041     -2.848462      19.92847
39.3      618.6939      277.5789      39.70663     -2.840888      19.47152
39.4      618.4111      277.8737      39.52059     -2.833304      20.08296
39.5      618.1266      277.5677      39.67065     -2.825711      20.37277
39.6      617.8451      277.6364      39.74204     -2.818118      19.77978
39.7      617.5626      277.6544      39.78301     -2.810502      19.97617
39.8      617.2832      277.8699      39.98995     -2.802872      19.10817
39.9      617.0041      277.9468      39.81356      -2.79525      20.33614
  40      616.7236      277.7906      39.83243     -2.787613      19.75599
40.1      616.4452      278.4886      39.83571     -2.779954      19.45581
40.2      616.1678      277.9891      40.07615     -2.772286      19.77903
40.3      615.8906       278.538      39.90861      -2.76461       20.3659
40.4      615.6157      278.7116      39.99132     -2.756934      19.77748
40.5      615.3397      278.5877      40.13306     -2.749227      20.74097
40.6      615.0654      278.6387      39.76286     -2.741517      19.69777
40.7      614.7904      278.5434       39.7407     -2.733817      19.54131
40.8      614.5186      278.4198      40.08601     -2.726088      19.78813
40.9       614.246       278.879      39.94367     -2.718345       19.2406
  41      613.9755      279.2902      40.38013     -2.710603      20.21101
41.1      613.7033       278.626      39.91558     -2.702843      19.43032
41.2       613.434      278.7588      40.18716     -2.695074      20.31085
41.3       613.164      279.1917      40.33509     -2.687302      20.12154
41.4      612.8961      279.1478      40.01949     -2.679504      19.97031
41.5      612.6286      279.3874      39.89078     -2.671712      20.79806
41.6      612.3625      279.3351      40.35276     -2.663913      20.23405
41.7      612.0966      279.5376      40.22073     -2.656081      19.76951
41.8      611.8311      279.6843      40.26688     -2.648259       20.6261
41.9      611.5665      279.6868      40.26915     -2.640417      19.76073
  42      611.3027      279.3891      40.67342     -2.632572      19.23831
42.1      611.0393      279.6771      40.41804     -2.624702      20.24589
42.2      610.7783      280.0766      40.57975      -2.61684      19.56294
42.3      610.5165      279.8468      40.74199     -2.608952      19.44224
42.4      610.2564      280.0334      40.71516     -2.601072      20.90625
42.5       609.996      280.1272      40.66114      -2.59317       20.2301
42.6      609.7378      280.2777      40.61022     -2.585249      20.35896
42.7      609.4792      280.2638      40.70523     -2.577341       20.2135
42.8      609.2226      280.5075      40.53045     -2.569409      19.36739
42.9      608.9658      281.0295      40.46415     -2.561464      20.09111
  43        608.71      280.5833      40.18844     -2.553518      19.41463
43.1       608.454      280.9184      40.56112     -2.545557      20.44219
43.2      608.2013      280.3022      40.54913     -2.537603      18.79172
43.3      607.9461      281.1396      40.49972     -2.529604      19.52583
43.4      607.6955      280.8918      40.57202     -2.521616      20.13109
43.5      607.4429         280.8      40.60783      -2.51362      20.42074
43.6      607.1912      281.0846      40.85622     -2.505602      19.46368
43.7      606.9422      281.3362      40.94257     -2.497587      20.52653
43.8      606.6928       281.324      40.66302     -2.489557      19.52439
43.9      606.4438      281.1274      40.70834     -2.481517      21.35317
  44      606.1961      281.2164       40.8167     -2.473457      20.74839
44.1      605.9484      281.6026      41.28895     -2.465405      19.44379
44.2       605.704      281.4292      40.68919     -2.457335       19.9121
44.3      605.4581       281.807      40.80877     -2.449263      20.45421
44.4      605.2127       281.882      40.80342     -2.441168      19.91002
44.5      604.9694      281.7747      41.33935     -2.433064      20.41557
44.6      604.7279      281.6748      40.73991     -2.424954      18.79256
44.7      604.4843      281.9475      41.29632     -2.416839      20.16977
44.8      604.2423      281.8872      41.48829     -2.408714      19.87305
44.9      604.0025      281.9393       40.9667      -2.40057      19.70624
  45      603.7633      282.3074      40.95058     -2.392426      17.81274
45.1       603.525      282.4251      40.96889     -2.384271      20.52394
45.2      603.2867      282.6627      41.08784     -2.376086      20.60299
45.3      603.0505      282.6868      41.29771     -2.367915      19.66517
45.4      602.8123      282.7427      41.26665     -2.359735      20.07159
45.5      602.5766      282.7754      41.12159     -2.351528      20.10064
45.6      602.3427      282.5549      41.22966     -2.343331      19.55822
45.7      602.1081      282.5802       41.1478     -2.335101      19.46839
45.8      601.8756      283.1292      41.34988     -2.326883      19.15418
45.9      601.6431      282.5596      41.25575     -2.318653      20.59716
  46      601.4104      283.0352      41.37429     -2.310413      19.61435
46.1      601.1814      283.0183      41.45721     -2.302148      19.97126
46.2      600.9507       283.276      41.47826     -2.293887      20.30119
46.3      600.7221      283.3382       41.7189     -2.285605      20.65399
46.4      600.4943       283.514      41.41472     -2.277324      19.32783
46.5       600.267      283.7317      41.22538     -2.269046      19.71833
46.6      600.0406      283.7606      41.58174     -2.260746      20.43326
46.7      599.8147      283.8998      41.22542      -2.25242      20.01694
46.8        599.59       283.831      41.24111     -2.244108        19.097
46.9       599.365      283.9945      41.32208     -2.235778       19.4497
  47       599.143      283.8157      41.37683     -2.227433      20.44772
47.1        598.92      283.7051      41.94623     -2.219077      19.86268
47.2      598.6989      284.1469      41.28756     -2.210715      20.02154
47.3      598.4771      284.1399      41.47409     -2.202356      20.58596
47.4      598.2582      284.3924      41.40096     -2.193989      19.78336
47.5      598.0382      284.2656      41.72236     -2.185608      19.99533
47.6      597.8218      284.6486      41.66011     -2.177199      20.44876
47.7      597.6041      284.4042      41.71311     -2.168793      20.59441
47.8      597.3875      284.5723      41.56135     -2.160382      20.23439
47.9      597.1718      284.9192      41.60968     -2.151961      20.25446
  48      596.9565      284.9934       41.5054     -2.143524      19.29724
48.1      596.7442      284.9308      41.74495     -2.135093      19.32461
48.2      596.5292      285.0984      41.71077     -2.126641      21.08216
48.3      596.3173      284.9853      41.66881     -2.118181      20.19105
48.4      596.1069       284.988      41.75782     -2.109708      20.66595
48.5       595.897      285.2478      42.06557     -2.101236      19.35683
48.6      595.6865      285.5048      41.90987     -2.092746      21.19164
48.7       595.478      285.8643      41.94407     -2.084255      20.47215
48.8      595.2693      285.9152      41.66142     -2.075755      20.06497
