  20      507.4535      257.6196      54.85816      3.666727      20.39585
20.1       507.821      257.2461      54.57319      3.674918      19.68971
20.2      508.1883      257.7479      54.55277      3.683053      18.93965
20.3      508.5575      257.5967      54.72292      3.691181      19.96866
20.4      508.9275       257.938      54.66948      3.699301      19.87372
20.5      509.2961      257.6975      54.52013        3.7074      20.00046
20.6      509.6694      258.0279      54.29504      3.715469      20.61105
20.7      510.0415      257.9595      54.02429      3.723532      20.08845
20.8      510.4136      257.7246      54.58343      3.731576      19.99727
20.9      510.7875       257.883      54.40151      3.739605      20.06567
  21      511.1597        258.32      54.47894      3.747596      18.97235
21.1      511.5364      258.3453      54.21328      3.755591      19.01026
21.2      511.9119      258.3491       53.9538      3.763558       20.6135
21.3      512.2893      258.4168       53.8988      3.771516      20.45237
21.4      512.6668      258.0853      53.83862       3.77946      20.24077
21.5      513.0447       258.851      53.75832      3.787378      20.00428
21.6      513.4237      258.2903      53.67012      3.795267      19.52041
21.7      513.8048      258.6856      53.56784      3.803152      20.56579
21.8      514.1853      258.8124      53.73893      3.811019      20.46688
21.9      514.5663      259.1272       53.3141      3.818874      19.35854
  22      514.9492      259.1917      53.42756        3.8267      20.22606
22.1      515.3313      259.1319      53.46716      3.834511      20.19076
22.2       515.716       258.742       53.3009      3.842309      21.08258
22.3      516.0998      258.9599      53.08553      3.850086        19.701
22.4      516.4863      259.1827      53.33478       3.85784      20.47918
22.5      516.8711      258.6155      53.10877      3.865581      20.22619
22.6      517.2584      259.1087      53.18376      3.873315      19.94531
22.7      517.6464      259.1542      53.20114      3.881012      20.69137
22.8      518.0343      259.2738      53.10554      3.888714      20.19796
22.9      518.4234      259.3352      53.30006      3.896377      20.42935
  23      518.8135      259.1197      52.92993      3.904037      19.55437
23.1      519.2047      259.4532      53.05028      3.911683      20.01075
23.2      519.5957      259.5191      52.77539      3.919292      20.07116
23.3      519.9889      259.8269      52.57403      3.926908      19.33542
23.4      520.3817      259.5886      52.67905      3.934497      20.18809
23.5      520.7762       259.656      52.72147      3.942068      20.30431
23.6      521.1708      259.8152       53.0059      3.949609      20.18113
23.7      521.5654      259.7578      52.75894       3.95715      20.33948
23.8      521.9608      259.9028      52.17434       3.96466      19.87508
23.9      522.3588      260.0747      52.05037      3.972166      19.77657
  24      522.7559       259.809      52.38637      3.979647      20.94881
24.1      523.1547      260.1951      52.11788      3.987126      20.47282
24.2      523.5536      260.1542      52.23128       3.99457      20.55732
24.3      523.9537      260.2041      51.94763      4.002002      19.74863
24.4      524.3534      260.2409      52.19332      4.009418      20.68281
24.5       524.755      260.1936      51.96238      4.016821      20.06411
24.6      525.1581      260.7216      51.95991      4.024196       20.3703
24.7      525.5594       260.292      51.87232      4.031565      20.18534
24.8      525.9633      260.3203      51.53948      4.038909      19.46464
24.9      526.3684      260.6941      51.61975      4.046237      19.61418
  25      526.7724       260.496      51.32006      4.053548       20.1285
25.1      527.1781      260.5335      51.37609      4.060842      19.49393
25.2      527.5852      260.7859      51.51787      4.068131      19.52263
25.3      527.9927      260.6698      51.51112      4.075388      20.02759
25.4         528.4      260.6838      51.33565       4.08264      20.52179
25.5       528.809      260.8651      50.96643      4.089858      19.94185
25.6      529.2177      261.0489      51.50041      4.097075      19.02859
25.7       529.629      261.0575      51.11202       4.10428      19.89355
25.8      530.0383      261.0284      51.01033      4.111452      19.78852
25.9      530.4505       261.267       51.3827      4.118618      20.37226
  26      530.8618       260.892      50.98546      4.125764      17.53511
26.1      531.2767      261.2162       50.8624      4.132892      18.65301
26.2      531.6897      261.2102      50.81831      4.140006      21.08258
26.3      532.1026      261.2666      50.88359      4.147101      19.98484
26.4      532.5194      261.1644      51.06237      4.154184       20.1882
26.5      532.9351      261.2048      50.62006      4.161235      19.84247
26.6      533.3517      261.2301      50.77923      4.168284       20.7246
26.7      533.7686      261.4348      50.69906      4.175317      20.85617
26.8      534.1873      261.4974      50.50012      4.182328      20.14736
26.9      534.6042      261.5972      50.39357       4.18932      19.85714
  27      535.0242      261.8382      50.54284      4.196296      21.12995
27.1      535.4433      261.6427      50.34794      4.203261      20.18046
27.2      535.8649      261.9392      50.07144      4.210215      21.00525
27.3      536.2846      261.8901      50.32869      4.217153      19.78929
27.4      536.7072      261.9858      50.24219      4.224048      19.63695
27.5       537.131      261.7602      50.21612      4.230951      19.44189
27.6      537.5538      261.9884      50.37792      4.237845      20.81428
27.7      537.9777      262.0229       50.3542      4.244709       20.8779
27.8      538.4031       261.789      49.91765      4.251545      19.91326
27.9      538.8285      261.8694       49.8473      4.258377      20.73535
  28      539.2555      262.1211      49.98768      4.265205      20.45925
28.1      539.6809      262.0857       49.8565      4.271995      20.65188
28.2      540.1081      262.2692      49.81687      4.278776      18.64287
28.3      540.5381      262.1193      49.72145      4.285542      20.40846
28.4      540.9656      262.4446      49.46856      4.292305      19.55142
28.5      541.3955      262.1986      49.56764      4.299032      19.70998
28.6      541.8257      262.3689      49.50499      4.305753      20.21124
28.7      542.2564      262.5658       49.1392      4.312468      19.86449
28.8      542.6892      262.6897      49.49267       4.31914      20.10642
28.9      543.1212      262.7237      48.91788      4.325815      19.49149
  29      543.5539      262.6323      49.22004      4.332465      20.81432
29.1       543.987       262.783      48.95632      4.339109      20.44266
29.2      544.4219      262.7708      49.18981      4.345741      20.05565
29.3       544.857      262.9942      49.19649      4.352343        21.246
29.4      545.2908       262.398      49.10785      4.358944      20.21316
29.5      545.7282      262.7603       48.7899      4.365512       19.1294
29.6      546.1647      262.7894      48.97066      4.372077      19.37748
29.7      546.6014      263.1537      48.76375      4.378611      21.02891
29.8      547.0411      263.1066      48.75986      4.385138      20.77024
29.9      547.4796      263.0215      48.90537       4.39165       19.8721
  30      547.9186      263.3956      48.76792      4.398142      20.52011
30.1      548.3598      263.1701      48.57321      4.404625      20.34323
30.2      548.8007      263.2385      48.65538      4.411099      20.82174
30.3      549.2415      263.4998      48.45553      4.417542      20.57754
30.4       549.684      263.0861      48.54896      4.423974      19.51455
30.5      550.1259      263.3307      48.71259      4.430391      19.62015
30.6      550.5707      263.6316      48.12747      4.436808      19.71437
30.7      551.0135        263.58      48.68727      4.443192      19.31161
30.8      551.4587       263.284      48.57216       4.44956      20.05867
30.9      551.9033      263.3956      47.88921       4.45592      20.87702
  31      552.3491      263.9496       48.3103      4.462251      20.28454
31.1      552.7962      263.3331      47.98574      4.468583      18.87757
31.2      553.2433      263.6173       47.9412      4.474897      19.92236
31.3      553.6904      263.8987      47.86135      4.481188      19.42173
31.4      554.1407      263.7012      47.91527      4.487467      20.41247
31.5        554.59      263.8483      47.75889      4.493725      19.86258
31.6      555.0377      263.8206       47.8676      4.499986      20.82707
31.7      555.4879      263.4677      47.63779      4.506211      19.60947
31.8      555.9399      264.1023      47.64756      4.512443      20.34496
31.9      556.3905      263.8145      47.57142      4.518637      20.88071
  32      556.8428      264.0175      48.04757      4.524829      20.04581
32.1      557.2963      263.8438      47.61191      4.531001      19.35213
32.2      557.7496      264.0127      47.24492      4.537162      20.53966
32.3      558.2042      264.4226       47.2748      4.543303       20.7629
32.4      558.6587      263.9353      47.12725      4.549432        20.518
32.5      559.1141      264.2491      47.35064      4.555553      20.14382
32.6      559.5698      264.4991      47.23686      4.561644      19.81466
32.7       560.025      264.1796      47.26866      4.567716      18.28218
32.8      560.4827      264.1138      46.94019      4.573799      20.98177
32.9      560.9405      264.2204      46.64153       4.57985      20.13014
  33      561.3987      264.4693      46.70985      4.585884      21.49573
33.1      561.8584      264.5343      47.02011      4.591911      21.15252
33.2      562.3174      264.7521      47.09971      4.597918      19.68496
33.3      562.7763      264.3946      47.13071      4.603906      19.98406
33.4      563.2366      264.7713      47.06648      4.609887      18.79794
33.5      563.6994       264.394      46.62752      4.615851      19.30241
33.6      564.1611      264.5462      46.87787       4.62181      20.68267
33.7      564.6243       264.374      46.67756      4.627728      20.81373
33.8      565.0863       264.633      46.26252      4.633659      19.44974
33.9       565.551      264.6361      46.63898      4.639568      19.46443
  34      566.0141      264.7602      46.27635      4.645468       21.2678
34.1      566.4794      264.8202      46.23229      4.651334      20.14459
34.2      566.9442        264.68      46.28065      4.657195      19.15783
34.3      567.4118      264.9925      46.15165      4.663045        19.833
34.4      567.8777      265.1578      46.11377      4.668877      18.46637
34.5      568.3446       265.135      45.92078      4.674693      19.51786
34.6      568.8113       264.799      46.06527      4.680506      19.66712
34.7      569.2799      265.1317      46.25085      4.686291      20.76498
34.8      569.7493      265.1969      46.02905      4.692058      20.41863
34.9      570.2189      264.9642      45.84741      4.697838      20.35856
  35      570.6895      264.9385      45.80781      4.703587      18.92363
35.1        571.16      265.0109      45.69663       4.70931      21.48103
35.2      571.6303       265.504      45.83992      4.715029      20.28555
35.3       572.103       265.076      45.98837      4.720724      19.83487
35.4       572.575      265.2012      45.56329      4.726428      21.17425
35.5      573.0488      265.5018      45.50381      4.732099      20.76197
35.6      573.5219      265.3878      45.50952      4.737745      19.01795
35.7      573.9957      265.5147      45.46948      4.743408      20.54678
35.8      574.4714      265.1987      45.47234      4.749051      20.28643
35.9      574.9447      265.8588      45.35662      4.754666       20.0144
  36      575.4206      265.2915      45.15097      4.760271      19.83091
36.1      575.8969      265.4712      45.38681      4.765867      19.88239
36.2      576.3736      265.4422      45.07015      4.771441      19.44814
36.3      576.8519      265.6185      45.23572      4.777002      19.94931
36.4      577.3283      265.7687       45.0085       4.78255      19.17421
36.5      577.8085      265.4479      45.52398      4.788092      18.66411
36.6      578.2878      265.6566      44.70357      4.793607      18.56547
36.7      578.7667      265.6992      44.68221      4.799126       18.5765
36.8      579.2461      265.5462      44.65551      4.804611      20.15788
36.9      579.7292      265.8432      44.84519      4.810112      20.16287
  37      580.2093      265.9928      44.91993      4.815568      19.66473
37.1      580.6911      266.0029      44.87215      4.821023      20.54365
37.2      581.1736      265.8428      44.76916      4.826465      20.28512
37.3      581.6563      265.7646      44.77886        4.8319      20.45366
37.4      582.1399      265.7699      44.55537      4.837305      19.96004
37.5      582.6243       266.031      44.40737      4.842692      19.91021
37.6      583.1075      265.7299      44.38412      4.848086       20.6683
37.7       583.593      266.1786      44.18547      4.853465       20.4863
37.8      584.0797      265.9338      44.18837      4.858815      19.88442
37.9      584.5652      266.1152       44.0409      4.864176      19.82963
  38      585.0516      266.0683       44.5226      4.869513      19.99258
38.1      585.5393      265.8835      44.13516      4.874809      19.30643
38.2      586.0262      266.1362       44.1755      4.880131      19.99947
38.3       586.516      266.4928      44.00623      4.885421      19.92846
38.4      587.0036      266.3989      43.71499      4.890699      19.16543
38.5      587.4932      266.6846      43.96222      4.895969      19.32286
38.6      587.9836       266.362      43.60109      4.901222      19.96314
38.7      588.4731       266.543      44.20038      4.906457      20.21867
38.8      588.9637      266.4643      43.85045      4.911683       20.0543
38.9       589.457      266.3841      44.22531      4.916897      19.17371
  39      589.9482      266.6298      43.94746        4.9221      20.49127
39.1      590.4411      266.6048      43.68571      4.927277      20.41037
39.2      590.9324      266.3765      43.76223      4.932453      20.16516
39.3      591.4274      266.8694      43.49632      4.937614      19.95615
39.4      591.9216      266.4446      43.27091      4.942768      19.39609
39.5      592.4156       266.592      43.38404       4.94789       20.3763
39.6      592.9107       266.533      43.55806      4.953017       20.6447
39.7      593.4053      266.4672      43.52969      4.958138      20.73114
39.8      593.9012      266.7593      43.30809      4.963239      19.45341
39.9      594.3993      266.6549      43.06342      4.968309      20.21455
  40      594.8958       266.827      43.35512      4.973385      19.85093
40.1      595.3931      266.9402      42.90884      4.978452      20.71494
40.2      595.8911      267.0794       43.0549      4.983487      19.53081
40.3      596.3898      266.5956       42.7579      4.988529      20.07916
40.4      596.8898      267.0091       42.8863      4.993548      20.29532
40.5      597.3883      267.0866      42.65277      4.998545       19.6624
40.6      597.8888      267.0966      42.82807      5.003551      21.07288
40.7      598.3895      267.4861      42.92723       5.00853      21.08159
40.8      598.8907      267.0074      42.97417      5.013496      19.34466
40.9      599.3918      267.2559      42.42955      5.018466      20.51276
  41       599.894      267.1391      42.78236      5.023404      20.22963
41.1      600.3956      267.0852      42.64483      5.028338      19.45917
41.2      600.8984      267.2786      42.93959      5.033248      19.40754
41.3      601.4026      267.0562      42.50238      5.038161      20.43004
41.4      601.9075      267.4172      42.28847      5.043041       20.4791
41.5      602.4119      267.4384      42.53827      5.047931      19.79013
41.6      602.9162      267.4334      42.62294      5.052808      20.11061
41.7      603.4238      267.7062       42.5971      5.057666      18.90319
41.8      603.9284      267.3734      42.64291      5.062512      20.21629
41.9      604.4352       267.324      42.02052       5.06735      20.32941
  42      604.9413      267.2516      42.05802      5.072171       20.5079
42.1      605.4495      267.1682      42.28484      5.076971      20.54048
42.2       605.958      267.6537      42.18825      5.081769      20.57828
42.3      606.4655      267.5396        42.008      5.086564      19.95411
42.4      606.9741       267.882      42.08911      5.091328      20.01196
42.5      607.4825      267.6257      41.99087      5.096103      20.21196
42.6      607.9936       267.682      41.99536      5.100845      19.40506
42.7      608.5053      267.4452      42.03014      5.105585      19.67344
42.8      609.0147      267.8356      41.64032      5.110302      20.70831
42.9      609.5258       267.736       41.6951      5.115017       20.4171
  43      610.0384      267.9112      42.02192      5.119717      20.07019
43.1      610.5513      267.9346      41.52507       5.12441      20.35382
43.2       611.063       267.953      41.78564      5.129087      20.15636
43.3      611.5759      267.7247      41.52713      5.133754      20.29356
43.4      612.0897       267.876      40.98796      5.138402      19.91986
43.5      612.6019      267.4895      41.49531      5.143035      19.87695
43.6      613.1186      268.0091      41.37962      5.147677        19.175
43.7      613.6332      267.8624      41.41311      5.152296      19.57971
43.8      614.1482      268.2421      41.19946      5.156894      20.73856
43.9      614.6645      267.8973      41.40327      5.161504      20.40533
  44      615.1807      268.0121      41.40915      5.166078      19.58175
44.1      615.6969      268.1241      41.18669      5.170648      19.66188
44.2      616.2155      268.4203      41.22968      5.175212        19.074
44.3      616.7326      268.6566      41.33378      5.179757      19.75309
44.4      617.2498      267.7897      41.09708      5.184294       19.8607
44.5      617.7702      268.3359      40.81579      5.188824      20.33067
44.6      618.2888      268.0808       40.8733      5.193334      20.78318
44.7      618.8081      268.2946       41.1138      5.197841      20.17499
44.8      619.3279      268.6165        41.065      5.202318      20.19017
44.9      619.8497      268.4237      40.64956      5.206792      19.40722
  45      620.3691       268.197      40.68752      5.211286      19.86787
45.1      620.8911      268.4159      40.41011      5.215729       19.7843
45.2      621.4131      268.2289      40.75633      5.220175      20.39633
45.3      621.9344      268.1445      40.98281      5.224617      19.08974
45.4      622.4577      268.5019       40.4876      5.229044      20.15932
45.5      622.9812      268.6167      40.72117      5.233455      19.82079
45.6      623.5045      268.6196      40.36558      5.237857      21.14925
45.7      624.0283      268.6002      40.59978       5.24224      20.84374
45.8      624.5533        268.44      40.45067      5.246622      21.08437
45.9      625.0771      268.5547      40.69801      5.250995      20.34774
  46      625.6025      269.0676      40.17797      5.255355       19.1848
46.1      626.1282      268.6696       40.6551      5.259693      19.35331
46.2      626.6546      268.7325      40.08502       5.26404      20.08309
46.3      627.1814      268.4123      40.10318      5.268351       20.3566
46.4      627.7088      268.6121      40.16941      5.272663      19.49753
46.5      628.2358      268.6451       39.9585      5.276962      18.45484
46.6      628.7653      268.6017      39.93692      5.281261      20.27525
46.7      629.2917      268.8582      40.08709      5.285542       19.7379
46.8      629.8225      268.5726      40.15237       5.28981      19.35605
46.9        630.35      269.0572      39.62019      5.294066      18.89506
  47      630.8804      268.7905      39.89487      5.298308      20.27313
47.1        631.41      268.6903      39.54083      5.302555      21.22905
47.2      631.9411       268.666      40.18444      5.306773      19.63179
47.3      632.4709      268.9542      39.98033      5.310992      20.14338
47.4      633.0033      268.6788      39.57952      5.315197      18.74184
47.5      633.5339      269.0491      39.69103       5.31939      20.39156
47.6      634.0672      269.0768      39.36559      5.323569      19.29786
47.7      634.5994      268.9302      39.65043      5.327743      19.76378
47.8      635.1323       269.157      39.52916      5.331904      20.52992
47.9      635.6661      268.9661      39.67885      5.336062      19.55214
  48      636.1993      269.0945      39.38426      5.340197      20.41318
48.1       636.733      268.9493      39.25032      5.344338      18.05016
48.2      637.2682      269.2262      39.23481      5.348462      18.49083
48.3      637.8028      269.4046      39.32347      5.352567      20.49575
48.4      638.3385      269.0919      39.22377       5.35666      19.96762
48.5      638.8746      269.3922      39.43751      5.360749      20.40059
48.6      639.4112      269.6927      39.13822      5.364832      19.41546
48.7      639.9467      269.1925      39.20902      5.368889      19.38149
48.8      640.4847      269.1912      39.00476      5.372956      20.56867
48.9      641.0218       269.142       39.0644      5.377008      20.79578
  49      641.5605      269.2492      38.90686       5.38104      19.22639
49.1      642.0994      269.3603      39.02772      5.385062      21.17252
49.2      642.6384      269.3612       38.7735      5.389092      20.17554
49.3      643.1766      269.3193      38.69592      5.393103      20.28607
49.4      643.7154      269.5428      38.84583      5.397101      19.74981
49.5      644.2558      269.0722      38.53187       5.40108      19.22571
49.6      644.7956      269.2937      38.49762      5.405059      19.52296
49.7      645.3371       269.793       38.4839      5.409021      19.16324
49.8      645.8776      269.5161      38.67551      5.412985      19.55944
49.9      646.4198      269.7445       38.3774      5.416922      20.06498
  50      646.9611      269.5608      38.59289      5.420861      19.81605
50.1      647.5034      269.4828      38.40198      5.424796       19.6622
50.2      648.0457       269.575       38.3343      5.428711      19.95562
50.3      648.5895      269.5557      38.36135      5.432619      18.62095
50.4      649.1338      269.5607       38.3062      5.436522      19.72439
50.5       649.677      269.8169      38.12062      5.440395      20.80417
50.6      650.2205      269.8437      38.04686      5.444278      19.82753
50.7      650.7668      269.8608      38.11994      5.448148      20.00712
50.8      651.3112      269.8947       37.8163      5.452003      20.71762
50.9      651.8564       269.787      38.04278       5.45586      21.15011
  51      652.4016      269.8459      37.92765      5.459691      20.53497
51.1      652.9474      269.9628      37.81826      5.463522       20.8592
51.2      653.4947      269.7522       37.8874      5.467331      20.03463
51.3      654.0411      270.1455      38.05302      5.471138       19.8748
51.4      654.5889      270.1303      37.99971      5.474943      19.78286
51.5      655.1368      270.0453      37.59693      5.478734      19.41372
51.6      655.6844      269.9647      37.67413      5.482513       20.8076
51.7       656.233      269.8819      37.57485       5.48629      21.06216
51.8      656.7822      269.8896      37.50124      5.490042      20.94145
51.9      657.3309      270.1649       37.6233      5.493806       20.2193
  52      657.8802      269.6814      37.78329      5.497546      20.82083
52.1      658.4288      270.0386      37.46344      5.501276      20.37908
52.2      658.9798      270.1975      37.13782      5.504997      19.98056
52.3      659.5306       270.245      37.56946      5.508715      20.17481
52.4      660.0823      270.1994      37.26766      5.512415      19.00821
52.5      660.6329      270.0563      37.49604      5.516115      18.57727
52.6      661.1861      270.0676      37.27431      5.519809      19.73517
52.7      661.7371      270.0777      37.26695      5.523484      20.64206
52.8      662.2903      270.1223      37.38185      5.527154      19.78017
52.9      662.8422      270.0578       37.0813      5.530802      20.44049
  53      663.3971      270.0631      37.40689      5.534456      19.60947
53.1      663.9502      270.4749       37.1522      5.538087      19.88959
53.2      664.5047      270.2561      37.07918      5.541726      20.24554
53.3       665.059      270.2512      36.95307       5.54535      20.27974
53.4       665.612      270.6325       37.2091       5.54897      19.77014
53.5      666.1692      270.3806      36.96731      5.552557      20.36165
53.6      666.7237      270.3734      36.96566      5.556169      21.11775
53.7      667.2792      270.0979      36.81585      5.559742      20.83762
53.8       667.836       270.651      36.90471      5.563324      19.99783
53.9       668.393      270.5698      36.57295      5.566887      21.00145
  54      668.9488      270.3271      36.81574      5.570445      20.80786
54.1      669.5065      270.6154      36.80351      5.573999      20.50576
54.2       670.064      270.6128      36.60088      5.577541      20.85967
54.3      670.6218      270.5623      36.75846      5.581072      20.03815
54.4      671.1801      270.4363      36.66324      5.584603      19.73063
54.5      671.7383       270.879      36.60166      5.588114      21.16183
54.6      672.2969      270.7575       36.5342      5.591605      19.18008
54.7      672.8573      270.2576       36.4345      5.595125       20.0255
54.8      673.4168      270.5732       36.2225      5.598597      19.86424
54.9      673.9762      270.5677      36.24492      5.602081      19.39022
  55      674.5373       270.112      36.46438      5.605543      19.66817
55.1      675.0982       270.313      36.31347      5.609005      20.70742
55.2       675.659      270.3924      35.95197      5.612465       21.0311
55.3      676.2202      270.7252      36.17368      5.615896       19.7136
55.4      676.7819      270.5511      36.34063      5.619338      19.68081
55.5      677.3442      270.7072      35.99555      5.622769      20.14478
55.6      677.9061      270.4603      36.32602      5.626193      20.37951
55.7      678.4694      270.6586      35.91901      5.629592      20.69225
55.8      679.0319      270.6044      36.03295      5.633011      19.70452
55.9       679.596      270.8392      35.96154      5.636382      20.50504
  56      680.1598      270.6662      35.97131      5.639776      20.17012
56.1      680.7249      270.8823       35.9303      5.643145      19.87683
56.2       681.288      270.9009      35.66552      5.646514      19.60909
56.3       681.853      270.9125      35.78499       5.64987      19.93312
56.4      682.4184      271.0892      35.60016      5.653217      20.17713
56.5      682.9829      270.9372      35.81666      5.656565      19.58993
56.6      683.5497      270.8164      35.37244      5.659907      20.17091
56.7      684.1155      270.9116      35.76755      5.663218      19.75854
56.8      684.6824      271.0549      35.68634      5.666543      19.62234
56.9      685.2487        270.66      35.24687      5.669857      19.99858
  57      685.8158      271.1625       35.5496      5.673149      20.65388
57.1      686.3844      271.3731      34.83784      5.676435      19.14388
57.2      686.9518      270.7952      35.10555       5.67973      20.39702
57.3      687.5194      270.8228      35.53369      5.682997      20.39295
57.4      688.0882      271.1993      35.68314      5.686249      20.26233
57.5      688.6568      271.0537      35.34018      5.689531      20.91464
57.6       689.225      270.9592       35.4736      5.692775      20.84027
57.7      689.7957      271.3787      35.17698      5.696025      20.93328
57.8      690.3652      271.5291      35.06186      5.699263      20.02877
57.9      690.9353      271.2086      35.34774      5.702477      20.79642
  58      691.5061      271.1139       35.1237      5.705711      20.50961
58.1      692.0752      271.1882      34.87709      5.708916      19.93804
58.2      692.6465      271.3385      35.05174      5.712125      20.81003
58.3      693.2189      271.5275      34.90454      5.715309      19.73567
58.4      693.7908      271.2555       35.1319      5.718488      20.35426
58.5      694.3621      271.2025      34.97487      5.721678      20.21122
58.6      694.9344      271.6804      34.85686      5.724844      19.90708
58.7      695.5071      271.2668      34.80343      5.728019      19.73343
58.8      696.0791      271.2884      34.95252      5.731167      19.83562
58.9      696.6538      271.1285      34.57009      5.734313      19.92153
  59      697.2284      271.5469      34.86142      5.737445      19.82939
59.1      697.8008      271.7438      34.43341      5.740594      19.87896
59.2      698.3762      271.5104      34.72504      5.743708      20.03837
59.3      698.9493      271.4435      34.59345      5.746823      20.30529
59.4      699.5246      271.4914      34.43306      5.749935      19.91321
59.5         700.1      271.8847      34.71333      5.753027      19.47187
59.6      700.6753      271.3422      34.50344      5.756131      20.51517
59.7      701.2496      271.6948      34.58163      5.759214      20.41762
59.8      701.8279      271.9657      34.27417      5.762283      19.55372
59.9       702.404      271.6231      34.47897      5.765361      20.95139
  60      702.9807      271.2122       34.4833      5.768428      19.60082
60.1      703.5583      271.4841      34.34514      5.771477      20.84811
60.2       704.134      271.4807      34.21055       5.77452      20.40087
60.3      704.7128      271.2058      34.08068      5.777551      19.86739
60.4      705.2897        271.62      33.98034      5.780591      20.00211
60.5      705.8674      271.5487      34.21218      5.783615      20.51571
60.6      706.4475      271.5515      34.10296      5.786637      19.66446
60.7       707.026      272.0013      33.94301      5.789653      18.97292
60.8      707.6049      271.4116      34.26507      5.792647      20.20509
60.9      708.1847      271.9143      34.07746      5.795648      19.68401
  61      708.7652      271.5848      33.71097      5.798623      21.11346
61.1      709.3445      271.7032      33.87615      5.801604      19.79058
61.2      709.9241      271.8968      33.84047      5.804582      20.92692
61.3      710.5048      271.9514      33.97374      5.807536      20.25044
61.4      711.0869      271.7784      33.85128      5.810508      20.09719
61.5      711.6678      271.8816       33.4087      5.813458       19.7283
61.6      712.2488      271.8664      33.56448      5.816403       20.1045
61.7      712.8304      272.3776      33.77458       5.81932       19.8857
61.8      713.4125      271.8322      33.39497      5.822261      20.32239
61.9      713.9945      272.1913       33.3803      5.825175      20.13348
  62       714.577       272.206      33.38737      5.828099      20.50122
62.1      715.1614      271.9966      33.83817      5.830994      19.98913
62.2      715.7427      272.1983      33.35334      5.833904      19.60918
62.3      716.3252      271.9807      33.82009      5.836807      19.52225
62.4      716.9101      271.8844      33.60173      5.839687      20.38528
62.5      717.4955      272.0686      33.47929      5.842566      20.20539
62.6      718.0805      271.8159      33.25489      5.845432      19.09532
62.7      718.6646      271.9936      33.31315      5.848291      19.55302
62.8      719.2491      272.0808      33.54709      5.851146      19.04333
62.9      719.8345      272.1157      33.19218      5.853997      20.71563
  63      720.4206      271.9523      33.07045      5.856848      20.14858
63.1      721.0066      271.9747       32.9182      5.859681      18.90856
63.2      721.5924      271.9416      32.87348       5.86251      19.17011
63.3      722.1785      271.9241      33.11893      5.865333      20.02993
63.4      722.7637      271.9835      33.10904      5.868148      20.58039
63.5      723.3516      272.0427       32.9991      5.870965      21.52947
63.6      723.9396      272.0799      33.09279      5.873766       20.1622
63.7      724.5277      272.1212      32.92133      5.876556      20.40409
63.8      725.1143      272.3814      33.09115      5.879339      20.21341
63.9      725.7027      272.5103      33.04798      5.882118      20.27793
  64      726.2917      271.8829      32.70279      5.884893      20.73796
64.1      726.8785      272.0702      32.69527      5.887667      20.21551
64.2      727.4692      272.3044      32.69654      5.890425       19.6229
64.3      728.0578      272.3319      32.66833      5.893169      20.44153
64.4      728.6467      272.2977      32.39449      5.895927      19.55365
64.5       729.236      272.4154      32.38224      5.898654      19.25724
64.6      729.8278      271.9666      32.46712      5.901385      20.44803
64.7      730.4172      272.1416      32.31727      5.904118      20.31871
64.8      731.0069      272.3441       32.3797      5.906845      19.99228
64.9      731.5984      272.3646      32.49067      5.909555      20.13668
  65      732.1889       272.597      32.32321      5.912267       21.1505
65.1      732.7824      272.4598      32.47074      5.914964      19.41311
65.2      733.3726      272.0996      32.32632      5.917656      20.32762
65.3      733.9645      272.4179      32.52938       5.92034      20.07109
65.4      734.5566      271.9895       32.1032      5.923034      19.37406
65.5      735.1492      272.3905      32.45122      5.925694      19.74864
65.6      735.7415      272.5187      32.24308      5.928357      20.11208
65.7      736.3344      272.5634      32.32346      5.931026      19.50123
65.8      736.9283      272.3795       32.4372      5.933674      20.09826
65.9      737.5224      272.3562      31.95786      5.936321      20.64913
  66      738.1141      272.4456      31.89872       5.93897      20.21768
66.1      738.7091      272.7975      32.15609      5.941597      19.84106
66.2      739.3031      272.5328      31.63054       5.94424      19.34176
66.3      739.8978      272.7578      32.07503      5.946858      19.60633
66.4      740.4922      272.6067      32.19266      5.949463      19.81244
66.5      741.0884      272.5864      31.90055      5.952081       19.6302
66.6      741.6832      272.6984      31.74467      5.954693      18.52291
66.7      742.2788      272.5913      32.12867      5.957282      19.64537
66.8      742.8743      272.8094      31.90775       5.95987      20.55718
66.9      743.4711      272.7771      31.86618      5.962455      20.76207
  67      744.0674      272.8211      31.87908      5.965033      20.21604
67.1      744.6642      272.3803      32.09434      5.967607      19.17756
67.2      745.2603      272.8006      31.66937      5.970165      19.75651
67.3      745.8585      272.8068      31.57522       5.97272      20.05673
67.4      746.4547      272.6464      31.60221      5.975263       20.0035
67.5      747.0541      272.6719      31.30029      5.977816      19.52459
67.6      747.6499      272.8276      31.51281      5.980362      20.44491
67.7      748.2487      272.6567      31.71711      5.982897      19.71335
67.8      748.8467      272.8795       31.4621      5.985422      20.12664
67.9      749.4463      273.0105      31.35578      5.987944      20.64201
  68      750.0451      273.1448      31.43567      5.990472      19.79135
68.1      750.6439      272.6537       31.5074      5.992971      20.29217
68.2      751.2428      272.7972      31.42187      5.995483       19.8778
68.3      751.8434      272.8279      31.16951      5.997977       20.2594
68.4      752.4437      272.6949      31.16338      6.000458      20.42621
68.5      753.0426      272.8624       31.1027      6.002958      21.19058
68.6      753.6438      273.0493      31.07762      6.005434      20.14311
68.7      754.2441      273.0307      31.09016      6.007906      20.62247
68.8      754.8453      272.8309      30.91837       6.01037      19.09357
68.9      755.4465      273.1573      30.99334      6.012838      19.26926
  69      756.0479      272.8807       31.0077       6.01528       19.5864
69.1        756.65       273.187      30.96217      6.017729       19.1054
69.2      757.2514      273.0828       31.0531      6.020191      20.30358
69.3      757.8528      272.8916      30.97643      6.022611      20.66292
69.4      758.4556      273.1634      30.68126      6.025048      19.06825
69.5      759.0595      272.9537      31.09537      6.027474       19.8802
69.6      759.6613      272.7166      31.13643        6.0299      19.77902
69.7      760.2638      273.0875      30.78175      6.032312       18.7496
69.8      760.8679      273.1768      30.72839       6.03472      19.52708
69.9      761.4717      273.0131       30.7717      6.037122      19.63513
  70       762.075      273.4799      30.69997      6.039516      19.00989
70.1      762.6793      273.5458      30.57577      6.041921      20.65397
70.2      763.2831      273.4239      30.48675      6.044295      19.37531
70.3      763.8877      272.8883      30.72808      6.046675      20.55529
70.4      764.4938       273.438       30.4262      6.049055      20.57566
70.5      765.0982      273.3199      30.49695       6.05142      19.50444
70.6      765.7034      273.1879      30.60241      6.053771      20.32591
70.7      766.3088      273.1571      30.79725      6.056135      20.72594
70.8      766.9141      272.9981      30.24325      6.058494      20.11552
70.9      767.5197      273.2181      30.35561      6.060827       20.1907
  71       768.127      273.0862      30.47126      6.063172        19.892
71.1      768.7334       273.309      30.36731      6.065513         19.29
71.2      769.3395      273.4074      30.32829      6.067841      18.73092
71.3      769.9469      273.6231      30.19936      6.070156      20.39988
71.4      770.5546      273.3224      30.43971       6.07248      20.70644
71.5      771.1614      273.3093      29.84979      6.074795      19.64701
71.6       771.769      273.4615      30.39417      6.077095       19.5128
71.7      772.3761      273.2634      30.07885      6.079394      20.63481
71.8      772.9835      273.4225      30.07168      6.081689      19.26509
71.9      773.5934      273.4235      30.27463      6.083979      20.79319
  72      774.2019      273.1281      30.25435      6.086278      19.64086
72.1      774.8106      273.3536      30.20106      6.088551      19.95355
72.2      775.4187      273.5672      30.03309      6.090817      20.99756
72.3      776.0282      273.4279      30.28995      6.093093      18.84858
72.4       776.638      273.4672      29.74114      6.095352      20.61733
72.5      777.2476      273.4357      29.87049      6.097615      20.92619
72.6      777.8576      273.3868      29.85585      6.099859      20.43548
72.7      778.4669      273.9689      29.73809       6.10211      19.29822
72.8      779.0781      273.5662      29.98102      6.104357      18.79323
72.9      779.6879      273.6863       29.9087      6.106584      20.18929
  73      780.2983      273.7521      29.60672      6.108809      19.94361
73.1      780.9102        273.54      29.74995      6.111049      19.27252
73.2      781.5216      273.4659      29.81517      6.113255      20.62882
73.3      782.1332      273.6452      29.63547      6.115485      19.26906
73.4       782.745      273.3051       29.8913      6.117679      20.16768
73.5      783.3565       273.589      29.40457      6.119889      20.61377
73.6      783.9682      273.9607      29.63682      6.122087       20.8644
73.7      784.5803       273.592      29.57913      6.124292      19.94067
73.8      785.1935      273.3474      29.79922       6.12646       19.8255
73.9       785.804      273.8073      29.27225       6.12866      19.08089
  74      786.4186      273.2517      29.42083      6.130828      19.07997
