  12      720.8854      260.1315      32.45074     -4.517226      11.45401
12.2      719.9832       260.174      32.87655      -4.50767      10.61518
12.3      719.5293      261.0869      33.05502     -4.502843      11.18903
12.5      718.6332      260.1261      32.26084      -4.49322      10.91078
12.7      717.7349      260.9128      33.15365      -4.48354      10.16537
  13      716.3931      260.6738      32.83857     -4.468973      11.11818
13.1      715.9442      260.2547      32.72065     -4.464114      11.26179
13.2      715.4976      260.6415      32.57384     -4.459188      12.07275
13.5      714.1628      261.4129      32.21851     -4.444526      10.49122
13.6       713.718      260.9817      32.51671     -4.439612      10.81303
  14      711.9479      261.5142      32.02121      -4.41985      11.99047
14.1      711.5069      262.0309      33.40137     -4.414858       12.8302
14.2      711.0641      261.9132      33.16078     -4.409885      11.33484
14.6      709.3038      260.8572      33.90706     -4.389858      10.97166
14.8      708.4286      261.9584      31.83489      -4.37982      10.70873
15.1      707.1194      262.5259      33.42521     -4.364675       11.7304
15.2      706.6803      262.2456      33.32849     -4.359604      11.53755
15.3      706.2432      261.6235       33.5431      -4.35452      13.38681
15.6      704.9383      262.3374      33.81746     -4.339257       10.2495
16.2      702.3438      263.1237      34.01906     -4.308409      10.59535
16.4      701.4844      263.1532      33.56097     -4.298017      10.30558
16.5      701.0546      262.4199      32.70777     -4.292851      12.04417
16.6      700.6257      262.7241      33.41184     -4.287641      12.29264
16.8      699.7718      262.9514      33.98712     -4.277177      10.62428
17.2      698.0628      262.3234      33.88432       -4.2562      13.77201
17.5      696.7895      263.1132      34.08728     -4.240369      11.78295
17.6      696.3653      263.9524      33.45296     -4.235042      14.44938
17.8      695.5192      263.1346      34.03362     -4.224453      12.69959
  18      694.6723      263.5845      33.44551     -4.213793      11.34747
18.1      694.2533      263.3508      33.86578      -4.20846       11.3438
18.3      693.4132      263.8909      34.05515     -4.197705       11.9651
18.4      692.9937      264.2825      34.17142     -4.192334        12.368
18.5       692.572      264.3466      34.61742     -4.186919       11.5119
18.7      691.7404       263.509      34.00142     -4.176129      12.00395
18.8      691.3232      263.7398      33.46942     -4.170715       11.1271
18.9      690.9076      263.6086      34.62635     -4.165279      10.64858
  19      690.4861      264.1865      33.62383     -4.159864      10.29108
19.5      688.4122      264.7326      33.81894     -4.132533      10.47466
19.7      687.5887      263.9797      34.34067     -4.121537       10.9414
19.8      687.1808      263.4735      34.26194     -4.116017      10.43466
19.9      686.7663       265.273      34.33575     -4.110468      11.00787
  20      686.3554      264.6718      34.53474      -4.10495         12.43
20.1      685.9434      264.9477      34.81953     -4.099387      10.63837
20.2      685.5357      265.0228      34.68186     -4.093858      10.18927
20.3      685.1272      265.7856      34.78365      -4.08829      11.06852
20.5      684.3097       265.048      35.19513     -4.077125      13.28758
20.6      683.9028      265.0608      34.73938     -4.071528      10.87584
20.9      682.6848      264.2816      34.72589     -4.054667      11.00622
21.1      681.8752      264.9101      34.65177      -4.04337      10.16529
21.4      680.6651      265.3182       35.3871     -4.026377       13.0717
21.6      679.8602       265.136       35.3286     -4.015002      10.24183
21.7      679.4581      265.1952      35.27637     -4.009297      11.55084
21.9      678.6588      266.3262      35.28954     -3.997842      10.06178
  22      678.2589      265.2731      35.72458     -3.992111       10.3037
22.3      677.0617      266.5253      35.35915     -3.974822      12.05922
22.4      676.6663      265.8457      34.99351     -3.969049      12.01118
22.8      675.0822      265.8625      35.29183     -3.945843      10.02128
23.1      673.9018      266.9531      35.91109     -3.928311      11.34438
23.2      673.5084      266.2751      35.68245     -3.922438      11.58261
23.4      672.7258      266.4999      34.92022     -3.910698      12.38784
23.5       672.335      266.3978      35.40058      -3.90485      11.49135
23.6      671.9474      266.5137      34.69447     -3.898911      10.38353
23.7       671.555      266.5799      35.59781     -3.892997      11.01015
23.8      671.1638      266.4232      36.03252     -3.887076      11.59427
23.9      670.7779       266.706      35.08517     -3.881092      10.97463
  24      670.3898      266.7003      36.04147     -3.875162      11.09179
24.5      668.4612      268.0067      35.78792     -3.845346      10.59226
24.6      668.0777      266.8595      36.13178     -3.839314      11.33983
24.8       667.308      267.7793      34.97902      -3.82727       10.1913
  25      666.5468      267.8903      36.32852     -3.815185      10.99995
25.1      666.1667      267.6772      37.52514     -3.809103      10.34789
25.2      665.7844      267.4824       36.0557     -3.803064       11.9327
25.3      665.4035      266.8167      35.96297     -3.796997       11.6988
25.4      665.0244      268.2865      35.21593     -3.790882      11.44725
25.5      664.6477      267.6203      36.19207     -3.784795      10.52661
25.7      663.8892      268.2223      36.08429     -3.772564      13.52358
25.8      663.5129      268.5333      35.96818     -3.766433      11.81248
25.9      663.1376      268.0029      36.14355     -3.760271      12.44896
26.3      661.6366      269.7535      36.39635     -3.735642      12.41327
26.5      660.8931      268.8286       36.0783     -3.723229      11.97002
26.8      659.7747       268.236       35.8785     -3.704563      11.69139
  27      659.0361      268.5658      36.85892     -3.692045      11.19066
27.3      657.9308      268.1204      35.65073       -3.6732      11.59572
27.4      657.5642       268.999      36.59578     -3.666892      12.81275
27.6      656.8301      269.4821      36.80299     -3.654269      11.87766
27.7      656.4694      269.9685      36.90407     -3.647919      12.11114
27.8      656.1042      269.3542       37.2924     -3.641599      11.47327
28.3      654.2903      269.4538       36.1056     -3.609752      10.02514
28.4      653.9294       270.183      37.38343     -3.603299      11.47511
28.6      653.2145      269.3823       38.0741     -3.590451      10.94207
28.7      652.8529      270.0375      36.93394     -3.584059      13.71394
28.8      652.4941      269.0565       37.2422     -3.577588       11.6237
28.9      652.1372      269.6757      37.92494     -3.571115      11.78184
  29      651.7795      270.0816      37.04766     -3.564656       11.4552
29.1      651.4243      270.1441      37.51179     -3.558176      11.11821
29.2        651.07      270.5935      35.44774     -3.551684      11.28868
29.4      650.3604      269.4975      37.57051     -3.538677      12.13707
29.8      648.9494      270.5965      37.45102     -3.512517      10.60902
  30      648.2469      270.7089      37.94328     -3.499382      11.67393
30.1      647.9011      270.8019      37.33942     -3.492779      11.83145
30.2      647.5486      271.1568      37.25497     -3.486201      12.89441
30.3       647.202      270.5736      37.17798     -3.479589      11.61555
30.4      646.8539      271.4135      38.16603     -3.472961      11.62029
30.5      646.5067      271.3449       37.0948     -3.466325      11.53803
30.6      646.1579      270.7542      37.22861     -3.459693      11.93365
30.8      645.4719      270.6317      36.67565     -3.446366      10.36618
30.9      645.1255      270.9844      37.37436     -3.439691      10.22024
31.1      644.4396      271.3677      37.29752     -3.426329      12.38655
31.3      643.7554      271.5792      37.39801     -3.412906      10.82486
31.4      643.4156      272.2565       37.0539     -3.406177      12.64374
  32       641.382      272.1474      38.80162     -3.365579      13.00975
32.1      641.0452      272.2383      37.41041     -3.358762      14.09831
32.6      639.3772      272.7872        38.041     -3.324614      11.22498
32.8       638.711       272.681      38.09021     -3.310882      10.37755
33.2       637.394      272.5879       38.4882     -3.283272      11.36437
33.3      637.0651       273.745      37.51091     -3.276322      12.11539
33.4      636.7356      273.3258      37.54533     -3.269405      13.35372
33.5      636.4132       273.978      38.06851     -3.262415      10.37475
33.7      635.7594       273.318      37.70687      -3.24851      13.22136
33.8      635.4344      273.0231      38.86393     -3.241511      10.20087
34.1      634.4663      273.2362      38.21614     -3.220505      11.60796
34.2      634.1449      273.6743      38.19782     -3.213471      10.71314
34.5      633.1835      273.6843      37.62556     -3.192308       12.7275
34.7      632.5459      274.2594      38.26297     -3.178181      11.81421
35.1      631.2826      274.7108      38.62531     -3.149745       11.5426
35.4      630.3366      275.0025      39.15157     -3.128299      10.33619
35.5      630.0284      274.9883      38.95499     -3.121093      11.38591
  36      628.4736      274.4369      38.74867     -3.085112      11.46597
36.6      626.6378      275.9065      39.34071     -3.041546      12.23415
36.8      626.0309      275.8419      39.08016     -3.026967      12.45125
36.9      625.7271      276.4226      38.03542     -3.019673       10.7703
37.3      624.5237      275.8421      39.02847     -2.990264      10.90131
37.4      624.2244      275.7406      39.36366     -2.982914      10.82283
37.6      623.6322      275.8307      40.31199     -2.968125      10.86725
37.8      623.0375      276.4237       38.7987     -2.953308      10.70627
38.1      622.1582      275.6165      38.56477      -2.93103      10.71444
38.2      621.8636      276.2563      39.15134     -2.923577      10.19667
38.4       621.279      275.9452      40.18653     -2.908631      10.99892
38.7      620.4133      276.9643      39.91449     -2.886166      11.09194
38.8      620.1243      276.7848      39.18744     -2.878631      10.63508
38.9      619.8366      276.2843      39.75382     -2.871102      10.51514
  39      619.5507      277.3048      40.01227     -2.863582      11.14534
39.1      619.2611      276.8296      40.19437     -2.856019      11.42279
39.4      618.4111      277.9676      39.81266       -2.8333      13.92244
39.5      618.1268      277.5501       39.4547     -2.825703      10.74729
39.6       617.846      278.0929      39.94702     -2.818125      10.27414
39.8      617.2838      278.1336      39.84576      -2.80284      10.45209
39.9      617.0023      278.1672      39.92975     -2.795249      14.79011
40.1      616.4451       278.065      39.89003     -2.779969      10.16678
40.3      615.8911      278.5211      40.50846     -2.764608      10.08782
40.6      615.0653      278.1913      39.82724     -2.741514       11.7485
40.7        614.79       278.523      39.85486     -2.733804      10.79187
40.8      614.5173       279.492      39.91868     -2.726089      13.00014
  41      613.9745       279.543      40.05497     -2.710569      10.37977
41.1      613.7026      278.9448      40.75341     -2.702865      11.29675
41.2      613.4352      279.0919      39.72768     -2.695087      10.71339
41.5      612.6314      279.4911      39.83222     -2.671717      13.50607
41.8       611.828       280.357       39.9133     -2.648273      11.17847
41.9      611.5652      279.1753      40.65428     -2.640404      13.21106
  42      611.3029      279.5829      40.51314     -2.632552      10.58197
42.2      610.7797      280.5177       40.8603     -2.616853      10.17098
42.3      610.5172       280.499      40.56815     -2.608966      11.67029
42.6      609.7372      279.6346      40.98643     -2.585274      14.02703
42.7      609.4786      280.3212      39.99412     -2.577355      10.55197
43.1      608.4561      280.8928      40.71405     -2.545544      10.95752
43.3      607.9487       280.487      40.40502     -2.529608      12.81516
43.4      607.6922      281.0617      40.84661     -2.521612      12.46967
43.5      607.4432      280.7329      40.55701     -2.513628      10.67995
44.1      605.9483        280.72      41.21643     -2.465414      11.20734
44.3      605.4592      282.4925      40.02837     -2.449231      11.44999
44.4      605.2131      281.9659      40.45721     -2.441137      10.41587
44.8      604.2428      281.2159      40.89108     -2.408723      11.50844
45.3      603.0484      282.6967       40.0267     -2.367927       10.7327
45.6      602.3422      283.7657      41.67697     -2.343305      10.72269
45.9      601.6407      283.3744      40.95909     -2.318652       12.0005
46.3      600.7219      282.8666      41.44608     -2.285624      13.68135
46.6        600.04      283.8201      41.45543     -2.260743      11.74989
46.7      599.8148      283.9518      41.47863      -2.25243      13.37764
46.9      599.3656      283.4441      41.58497     -2.235769       12.9729
  47      599.1437      284.1318      40.93916     -2.227425      10.80297
47.1      598.9213       284.274      41.79229     -2.219097      11.17725
47.7      597.6006      284.5705      41.32646     -2.168804      10.80035
47.8      597.3853      284.8848       41.3749     -2.160365         11.11
47.9      597.1724      284.4573      41.85712     -2.151975      12.62519
  48      596.9599      284.5846      41.26152     -2.143523      10.97702
48.5      595.8987      285.4191      42.24851     -2.101236      12.90518
48.6      595.6885      285.1914        42.244     -2.092755      11.95252
48.8      595.2701      284.6246      42.32264     -2.075769      11.56062
