  20      507.4536      257.5442      55.44756      3.666765      11.44841
20.1      507.8221      257.3407      55.14109      3.674923      10.73254
20.2      508.1887      257.6129      54.77904      3.683044      13.49884
20.3      508.5564      257.3432      55.37599      3.691212      11.31827
20.4      508.9284      258.6707      54.90521      3.699297      10.14076
20.6      509.6703      257.2343      54.89273      3.715452      10.67187
20.8      510.4117      257.3989      53.57171      3.731591      10.53237
20.9      510.7898       257.572      53.30061      3.739609      10.91566
  21      511.1589      257.6077       54.7061      3.747615      12.18591
21.4      512.6668      258.4787      53.89374      3.779465      12.01431
21.5      513.0457      258.8647      53.42738      3.787376      12.35741
21.9       514.567      258.8216      53.36912      3.818887      12.43959
  22      514.9501      258.1538      53.38533        3.8267      10.63169
22.2      515.7152      260.1141      53.71862      3.842302      11.04738
22.5      516.8741      259.3589      52.92011      3.865549      11.87928
22.9      518.4227      259.2155      53.77797      3.896393       10.6692
23.4      520.3841      260.0147      53.31448      3.934494      10.72925
23.5      520.7762      259.2735      52.27088      3.942048      12.70272
23.6      521.1694      259.5281      52.91809      3.949638      12.35317
23.8      521.9596      259.7389      52.54249      3.964671      11.01896
  24      522.7578      259.9607      50.98002      3.979645      11.64351
24.2      523.5549       260.743      51.76366      3.994576      12.63686
24.5      524.7561      259.3829      51.82772      4.016826      11.33825
24.7      525.5609      260.8657        51.685      4.031578      10.89129
24.8      525.9619      261.1906      51.88037      4.038916      11.87834
  25      526.7735      261.2484      52.31669      4.053545      12.16044
25.2      527.5855      260.1975      52.05992      4.068114      10.95372
25.3      527.9926       260.409       50.8242      4.075395      12.98721
25.4         528.4      260.1201      51.34549      4.082664      12.20967
25.5      528.8094      261.3081      51.73423      4.089848      12.91306
25.9      530.4461      260.6778      50.98292      4.118607        10.449
26.3      532.1034      261.2119      50.85239      4.147115      10.34655
26.6       533.351      261.3452      50.53666      4.168289      12.96819
26.7      533.7673      261.5204      51.00058      4.175326      11.27714
26.8      534.1872      261.2239      50.51002      4.182338      11.56461
  27      535.0231      261.2611      50.18994      4.196283      13.07275
27.2      535.8646      261.7656      50.44073      4.210225      12.15347
27.3      536.2882      262.5993      49.95058      4.217154      11.79043
27.5       537.132      261.3595      50.66076      4.230955      10.25816
27.6      537.5532      261.9103      50.14972      4.237826      10.39089
27.7      537.9768      261.8542      50.38115      4.244707      10.44923
  28      539.2568      261.6753      49.15121      4.265206      11.57822
28.1      539.6801      261.2595      50.33624      4.272009      10.21504
28.3      540.5343      261.4866      49.47374       4.28555      12.03857
28.4      540.9669      261.8072      49.08069      4.292309      10.72943
28.5       541.398      263.1313      49.63567      4.299038      10.09663
28.6      541.8247      262.8103      49.66088      4.305761      12.08121
  29      543.5526      262.5782      48.33687      4.332467      12.15316
29.1      543.9869      262.8863      49.16258      4.339087      10.30549
29.2      544.4203      263.5952      49.60672       4.34575      11.28323
29.3      544.8561      263.2025       49.2842      4.352313      11.04948
29.4      545.2922      263.0641      48.42594      4.358958      11.04008
29.6      546.1691      262.5888      49.32602      4.372064      12.17702
29.8      547.0409      263.1894      49.53091      4.385127      11.84526
29.9      547.4799      262.8238       49.0069      4.391659      13.73772
  30      547.9218      262.9998      49.15112       4.39816       10.6955
30.1      548.3568      263.2188      48.33845      4.404631      10.22098
30.2       548.804      262.9157      48.05812       4.41108      10.15819
30.5      550.1253      263.0672      48.48997        4.4304      11.85859
30.9      551.9027      264.2927       48.0943      4.455901      10.13666
31.1      552.7987        263.66      48.79417      4.468575      11.04225
31.2      553.2402      263.4043      47.81412      4.474872      12.37738
31.3       553.692      263.5912      48.06229      4.481185      11.18131
31.4      554.1391      263.3146       47.0369      4.487456      10.56653
31.5      554.5911      264.3169      47.45637      4.493736      11.80045
  32      556.8451      264.2522      47.29246      4.524815      11.12319
32.1       557.297      265.4554      47.40364       4.53101      11.68141
32.2      557.7506      263.8465      46.60697      4.537192      11.81973
32.3      558.2046      264.0357       48.2701      4.543315      13.45922
32.4      558.6582      263.5649      47.59828      4.549436      12.49277
32.7      560.0259      264.6852      46.58906      4.567728      11.21855
32.8      560.4842      263.8899      46.69976      4.573798      12.69424
  33       561.398      264.9946      46.98201      4.585908      11.15491
33.1        561.86      264.6235      46.33785      4.591936      11.26745
33.3      562.7762      264.8953      47.69641      4.603925      11.23769
33.5      563.6976      264.0842       46.9411       4.61588      11.35527
33.6      564.1636      264.1099      47.03823      4.621804      12.34996
33.7      564.6222      264.4923      47.21339      4.627746      12.91252
33.8      565.0882      264.6312      46.56129      4.633679      11.49367
34.1      566.4792      265.3609      46.47832      4.651346      14.08207
34.3      567.4095      265.2432      46.35584      4.663047      11.04299
34.5      568.3454      264.9306      46.17016      4.674725      10.98706
34.7      569.2809       264.848      46.43972      4.686298      11.48395
34.8      569.7467      265.0389      46.79159      4.692083      10.17253
35.2      571.6288      264.9056      45.67379      4.715018      10.58484
35.3      572.1042       265.475      45.31916      4.720741      12.88318
35.4      572.5773      264.7175      44.27988      4.726408       10.3092
35.7       573.995      265.1568      46.76824      4.743411      10.46413
35.8      574.4697      265.8222      46.26797      4.749043      11.79672
  36      575.4222      265.9038       46.2907      4.760255      12.18356
36.2      576.3752      265.1138      44.33846      4.771445      11.05427
36.3      576.8484      266.1021      45.37557      4.776986      10.14389
36.5      577.8063      265.4621      44.45358      4.788069      12.78785
36.7       578.767      265.9124      44.96508      4.799113      13.95077
36.8       579.247      266.1872      45.01121      4.804623      13.78244
36.9      579.7289       266.621      44.93254      4.810098      10.75828
  37      580.2085      266.5986      44.96941      4.815581       10.8824
37.1      580.6899      265.2845      45.03497      4.821021      10.02599
37.2      581.1738      266.6242      45.22716      4.826443      10.33406
37.5      582.6248      265.6182      45.41904      4.842675      10.06237
  38      585.0514      266.1868      44.07035      4.869513      10.26092
38.1      585.5402      266.4676      44.68757      4.874813       10.4948
38.4      587.0032      266.0883      44.50433      4.890696      11.73756
38.6      587.9818      266.8734      44.95566      4.901217      10.18332
38.8      588.9643      267.2698      43.78188      4.911683       11.2075
38.9      589.4563      266.4053      43.66998      4.916923       10.8337
39.1      590.4413      266.3519      43.18792       4.92728      12.07203
39.2       590.934      266.3484      43.66772      4.932444      11.46416
39.4      591.9217        266.65      42.89479      4.942766      12.03108
39.6      592.9117      266.0996      43.21463      4.953046      10.48749
39.7       593.407      266.5644      43.23185      4.958145      11.16232
39.8       593.904        267.15      43.37974      4.963246      10.61428
40.2      595.8937      266.9243      43.02343      4.983476      10.19179
40.4      596.8908      267.4988       42.7345      4.993541       12.1097
40.5      597.3894      266.4248      43.00772      4.998542      10.15468
40.6      597.8869       266.677      42.40174      5.003555      10.56785
40.8      598.8929      266.9084      42.96489      5.013498      10.77849
40.9      599.3932      267.2257      43.54043      5.018459      11.61801
  41      599.8958      267.8756      42.29383      5.023398      11.38936
41.1      600.3974      266.8977      42.77221      5.028339       10.8718
41.2      600.8986      268.4222      42.60407       5.03329      10.94389
41.4      601.9067      267.3271      42.83488      5.043063      12.04084
41.5      602.4123       266.617      42.59915      5.047945      12.15245
41.8      603.9282      267.4069      42.03548      5.062525      10.50608
41.9      604.4339      266.0884      41.94335      5.067375      10.42773
  42      604.9413      267.3173      43.05058      5.072143      13.36753
42.2      605.9559      268.0866       41.5615       5.08177      10.58842
42.6      607.9951      266.7047      41.85672      5.100844      10.35913
42.7      608.5062      268.3461      42.14046      5.105571      12.92596
42.9      609.5293      269.0188      41.57924      5.115005      11.08773
43.1       610.551      267.7015       42.4432      5.124412      10.58102
43.2      611.0624      267.4174       41.6365      5.129096      11.31923
43.6      613.1188       267.642      41.79878      5.147671      11.01109
43.7      613.6318      268.0973      42.02114      5.152302        11.245
43.8      614.1488      268.4929      41.42276      5.156895      12.71879
43.9      614.6647      267.3323      41.25622      5.161493      11.17584
44.1      615.7009      269.3863       41.3522       5.17063      10.40352
44.5      617.7699      268.6939      41.08661      5.188832      11.79261
44.7      618.8121      268.2929      41.14072      5.197811      12.00456
44.9      619.8491      268.1297      41.03183      5.206801      11.86198
45.1      620.8914      267.9972      41.13707      5.215739      10.26816
45.2      621.4124      268.8117      41.23759      5.220177      11.82966
45.4      622.4568      268.3363      40.83266      5.229033      10.57692
45.7      624.0287      269.2008       41.1059      5.242252      12.15052
45.8      624.5543      267.9026      40.40934      5.246629      12.10638
45.9      625.0763      268.9132       40.3107      5.250996      13.94649
46.1      626.1263      268.1634      41.28116      5.259715      11.10004
46.3      627.1843      268.2024      40.03727      5.268358      12.91625
46.4       627.709      268.5589      39.51432      5.272633      12.06771
46.5      628.2356      269.1296      40.62139      5.276964      10.98295
46.6      628.7631      268.8202      40.07429      5.281297      10.91679
46.8      629.8203      268.9366       39.9862        5.2898      10.40343
46.9      630.3491      268.5008      40.05426      5.294085      11.97054
  47      630.8816      268.3027      39.90577      5.298319      11.72823
47.1      631.4109      268.7912      39.84128      5.302569      12.30824
47.2      631.9385      268.8459      38.80378      5.306772      11.57519
47.3      632.4702      268.4569      39.10564      5.310967      12.38542
47.5      633.5376       268.834      39.26454      5.319412      11.64767
47.7      634.5985      269.1779      40.43878      5.327766      11.07808
47.8      635.1337      268.4886      39.46684       5.33189      11.20821
47.9       635.665      269.2249      39.61274       5.33604      11.53924
48.2      637.2711      268.9136      40.45227      5.348425       11.1067
48.5      638.8742      268.1436       39.0462      5.360726       11.0862
48.7      639.9503      269.2887      38.73208      5.368889      11.78718
48.8      640.4838      270.3037      39.41707         5.373      11.62692
48.9      641.0223      269.3728       39.5967      5.377014      11.02971
49.2      642.6365      269.0712      38.79547      5.389088      10.31464
49.3      643.1765       268.846      38.25147      5.393089      10.11515
49.7      645.3375      269.4412      39.18192      5.409022      11.26279
49.9      646.4199      269.6193      39.43241      5.416924      11.93189
50.1      647.5002      270.4937      36.99751      5.424783      10.23262
50.2       648.047      269.7635      38.44883      5.428694      10.86112
50.3      648.5888      269.9886      38.07793      5.432604      12.67586
50.4      649.1348      269.4268      39.07201       5.43652      12.17572
50.5       649.677      269.6269      38.31616      5.440404      10.25897
50.6       650.221      269.3872      37.78742      5.444255      10.98997
50.8      651.3116      268.4822      37.68433      5.452015      10.84614
50.9      651.8566      270.0947       37.4341      5.455828       10.6752
51.1      652.9474      269.3568        38.378      5.463532      11.32685
51.3      654.0413      269.6144      38.62064      5.471155      10.66656
51.7      656.2349      270.1371      37.38361      5.486297      11.09209
51.8      656.7811      269.9983      37.20567       5.49006      13.13446
51.9      657.3327      269.8211      37.60038      5.493816      11.38039
  52      657.8817      270.5682      37.26018      5.497591      11.20298
52.2      658.9813      270.2056      37.39957      5.505006      10.11317
52.4      660.0827      270.0612       37.0255      5.512431      12.90919
52.6      661.1831      269.6836      37.04851      5.519815      11.97217
52.8      662.2903      270.3371      38.08309      5.527142      11.21138
52.9      662.8462      269.9119      36.67045        5.5308      10.46178
53.1      663.9512      269.4929      37.21082      5.538117      10.25135
53.4      665.6121      269.4655      36.53657      5.548945      10.46462
53.7      667.2768      270.7199      36.78387      5.559733      10.77702
53.9      668.3935      270.4399      36.96052      5.566883      10.26338
  54      668.9481       270.395      36.13208      5.570456      13.23719
54.1      669.5075      270.5891      36.26517      5.573999      10.49296
54.3      670.6197      270.9286      36.97206      5.581071      10.92639
54.4      671.1798      270.7975      37.07762       5.58458      11.31146
54.6      672.2982      271.0756       36.6237      5.591632      10.33762
54.7      672.8585      271.4045      35.79466      5.595115      11.61972
54.8      673.4151       270.628      36.51993      5.598593      11.63273
  55      674.5379      270.8462      36.26711      5.605548      12.91202
55.1      675.0993      269.4773      36.35247      5.609029      11.33389
55.2       675.657      270.3975      35.88203      5.612468      10.79829
55.4      676.7824      270.3181       36.3541      5.619343      10.16193
55.6      677.9069      270.8005      36.16415      5.626173       11.3637
56.2      681.2901       270.145      36.26639      5.646496      11.58333
56.3      681.8533      270.2023      36.69816      5.649845      10.65698
56.4       682.416      271.3057       35.6971      5.653221      12.05468
56.6      683.5507      271.1091      35.31545      5.659863      10.36338
56.7      684.1165      270.5341       36.1272      5.663213      13.17505
56.8      684.6815      271.1951      35.25067      5.666539       13.1942
57.1      686.3836      270.5574      35.42299      5.676446      12.10343
57.6      689.2251      270.5962      35.15345      5.692779      11.59545
57.7      689.7955      270.5166      34.86127      5.696005      10.69037
57.9      690.9362      271.1843      35.11201       5.70253      10.97123
58.1      692.0751      271.0608      34.83577      5.708913      11.37783
58.2      692.6483      271.8914      35.32212      5.712088      11.31218
58.3      693.2193      270.5497      34.67013      5.715304       11.4344
58.6      694.9363      271.8807      34.09403      5.724831      10.48728
58.8      696.0794      271.8274      34.04761      5.731188      12.58006
  59      697.2262      272.1755      35.16524      5.737458      11.23573
59.2      698.3755      272.0504      35.12644      5.743698       10.6304
59.3      698.9517      271.7171      34.25355      5.746813      12.28267
59.6      700.6752       271.731      33.94686      5.756122      13.46659
59.8      701.8305      271.6863      34.93112      5.762295      12.33964
  60      702.9803      271.1909      33.97249       5.76841      10.98441
60.1      703.5549      271.9386      33.57194       5.77148      10.74335
60.2       704.135      271.2435      35.14714      5.774512      10.44422
60.3      704.7124       271.368      33.78803       5.77757      12.00713
60.4      705.2891       271.005      34.59767      5.780597      10.60709
60.5      705.8674      271.8277      34.96231      5.783609      12.46273
60.7       707.026      271.4345      34.43416      5.789648      11.17814
61.1      709.3454      272.7446      33.17505      5.801612      10.70399
61.2      709.9227      273.2452      34.19938      5.804603      10.89325
61.3      710.5014      271.7239      33.64792      5.807559      10.74751
61.6      712.2468       272.678      34.34897        5.8164       12.7215
61.7      712.8335      271.9468      33.51743      5.819337      11.40649
61.8       713.414      271.9306      33.71169      5.822255      14.26367
62.1      715.1593      272.3179      32.74632      5.831011      10.28697
62.7       718.662      272.6593      32.88941      5.848306      12.16401
62.8      719.2544      271.0781      33.59554      5.851151      11.04101
62.9      719.8354       271.228      33.32824      5.854019      11.90283
63.2      721.5936      271.4931      33.35171      5.862521       10.1479
63.3      722.1782      273.0481      34.40968      5.865352      10.92927
63.4      722.7656      271.9452      32.75926      5.868148      10.74534
63.5      723.3501      271.5526      33.17176      5.870941      11.54024
63.7      724.5303      272.8548      33.03688      5.876545      11.24533
63.9      725.7024      271.6667      33.00934      5.882096      12.06465
  64       726.292      271.9993      32.27865      5.884896      12.83384
64.2       727.467      272.1042      32.23012      5.890418      10.69448
64.3      728.0571      272.3009      33.08985      5.893158      11.47154
64.4       728.647       272.673      32.70282      5.895935      10.08977
64.5      729.2373      271.7357      32.59675      5.898657      11.18919
64.7      730.4187      271.5177      32.96042      5.904122      11.54338
64.8      731.0075      273.2204      33.62308      5.906853      10.82872
  65      732.1885      272.7683      32.64489      5.912287      11.37709
65.1      732.7826      271.7885       31.4601      5.914945      10.52577
65.4      734.5561      272.3464      31.97098      5.923017      10.33352
65.6      735.7417      272.0568      31.85191      5.928387      10.68857
65.8      736.9276        272.04      32.90662      5.933706      10.36098
65.9      737.5225      272.2067      32.46699      5.936333      13.06082
  66       738.116      272.4796       32.5153       5.93898      10.78969
66.2      739.3039      271.5972      33.27974      5.944223      12.14699
66.5      741.0886      272.6677      31.66285        5.9521      12.54493
66.6      741.6829      272.8586      31.72565      5.954685      11.75939
  67      744.0675      272.3644      30.96393      5.965005      10.51945
67.1      744.6604      272.3409      31.93504      5.967575      10.43117
67.3      745.8558       273.294      31.78047      5.972716      12.04427
67.4      746.4545      272.8269       31.9368      5.975281      10.63397
67.7      748.2496      272.4952      31.43909      5.982873      10.23697
67.8       748.846      273.2505      31.71641      5.985425      12.14651
67.9      749.4448      273.0039      31.54357      5.987937      11.31616
68.3      751.8433      272.6429      31.54123      5.997982      12.17304
68.4      752.4428      272.6132      31.28642      6.000458      11.45163
68.5      753.0432      272.5503      30.42172      6.002933      12.58448
68.7      754.2429      273.2531       31.8071      6.007895      10.73985
68.9       755.447      272.2334      30.24938      6.012865       10.8279
69.1      756.6483      273.8824      31.02203      6.017766      10.16436
69.4      758.4576      272.8236      30.38339      6.025048      12.57563
69.6      759.6616      273.0706      30.96894      6.029886      12.28556
69.7      760.2649      272.6081      29.84248      6.032292      10.92026
69.9      761.4731      272.2923      30.74271      6.037114      13.50862
  70      762.0751      272.6979      30.09071      6.039492      11.38721
70.2      763.2848      273.0175      30.22839      6.044309      12.34864
70.3       763.888      273.4612      31.50745      6.046689       11.9319
70.4      764.4924      273.4303      31.11099      6.049049      11.87874
70.5      765.0997      273.9789      30.97508      6.051397      10.98826
70.8      766.9176      272.5626      29.93406      6.058492      10.19831
70.9      767.5238       273.883      29.92948      6.060848      10.68318
71.5      771.1609      273.1739      31.04174      6.074774      10.48886
71.7      772.3775      273.2313      29.34181      6.079387      11.89331
  72      774.2006      273.3318      30.01781      6.086274      11.25959
72.1       774.811      273.8475      29.86802      6.088556      10.75348
72.3      776.0279       273.643      30.42625      6.093107      12.05122
72.4      776.6396      273.0889      30.10504      6.095346      10.75062
72.6       777.857      273.1571      29.54839      6.099865      10.72812
72.7      778.4652      273.2211      29.79357      6.102127      10.96728
72.8      779.0775      273.6132      29.56819      6.104341      11.31123
72.9      779.6874      273.3364      28.41526      6.106599      10.21839
  73      780.2994      274.7586      28.96564      6.108816      10.89182
73.2      781.5198      273.8281      29.65034      6.113263      11.36072
73.4      782.7473      273.0474      29.99267      6.117655       11.4627
73.6      783.9693      273.9124      29.67132      6.122108      10.08686
73.7       784.583      273.9334      29.43874      6.124303      10.98036
