  1461      1145.7943      259.32265      32.681594     -1.9044566       10.09572
1461.1       1145.604      258.87244      34.074036     -1.9003963      11.115937
1461.2      1145.4125      258.94133      33.247602     -1.8963227      10.351263
1461.6      1144.6581      258.64746      32.887176     -1.8799808      11.343868
1461.7        1144.47      259.19997      33.363388     -1.8759019      12.184521
1461.8      1144.2825      259.17381      33.313104     -1.8718168      13.077805
1461.9      1144.0961      259.38404      34.239803     -1.8677205      10.407144
1462.2      1143.5382      258.94666      33.440729     -1.8554479      10.188498
1462.3      1143.3552      260.06671      33.440095     -1.8513514      10.055339
1462.4       1143.166      259.15265      33.667488     -1.8472262      11.962651
1462.5       1142.987      259.99001      33.505526     -1.8431039      10.315401
1462.6      1142.7981      258.81371      33.309895     -1.8389881      10.350368
1462.7       1142.616      259.20916      33.616794     -1.8349175      10.013244
1462.8      1142.4342      260.23586      33.401663     -1.8307903      10.480065
  1463      1142.0655      258.71818       33.25845     -1.8225535      10.609571
1463.2       1141.702       259.1761      34.639258     -1.8143455       12.41265
1463.3       1141.519      260.44221      34.698035     -1.8102359      11.515761
1463.6      1140.9821      259.85651      33.292934     -1.7978145      10.896999
1463.7      1140.8012      260.10414      33.083867     -1.7937293      11.732905
  1464      1140.2661      260.38891      34.339844     -1.7813383      10.350032
1464.1      1140.0867      259.57693      33.420245     -1.7771882      11.317834
1464.3      1139.7319      261.02962      33.663701      -1.768915       10.06477
1464.4       1139.556      260.11724      33.804328     -1.7647759      10.082118
1464.5      1139.3818      261.07574      34.212052     -1.7606139      11.821411
1464.6       1139.203      260.29667      33.774588     -1.7564735      12.306046
1464.7      1139.0279      260.52966      33.271549     -1.7523162      11.909871
1464.9       1138.676      261.30466      33.340709     -1.7440146      11.916723
  1465      1138.5054      260.67025      33.393086     -1.7398558      11.738803
1465.1      1138.3299      261.37409      33.976931     -1.7357009      11.173729
1465.6      1137.4659      260.02425      34.195097      -1.714871      11.403672
1465.7      1137.2957      260.58127      33.731967     -1.7107553      11.037356
1465.9      1136.9572      261.45562      34.674212     -1.7023865      10.188922
  1466      1136.7838      261.48497      33.205461     -1.6982346      10.873131
1466.1       1136.617      261.82243      34.257044     -1.6940506      11.976724
1466.5      1135.9434      260.89826      34.726363      -1.677333      10.057743
1466.6      1135.7733      261.67567      33.029096     -1.6731484      11.137034
1466.8      1135.4389      261.47788      34.313228     -1.6648063      13.099207
1466.9      1135.2751      262.06788      32.752484     -1.6606226      10.514189
  1467      1135.1107      261.29076      34.031591     -1.6564239      11.668909
1467.1      1134.9399      261.95107      32.677535     -1.6522147      11.580529
1467.8      1133.7975      261.46021      34.043189     -1.6228196      11.853795
1467.9      1133.6326      262.25665      34.764799     -1.6186084      10.783331
1468.1      1133.3109      262.15959      34.167643      -1.610171       10.09712
1468.4      1132.8305      263.05325      34.819639     -1.5975277      12.704615
1468.6      1132.5093      262.20326      34.219318     -1.5890889      12.150968
1468.7      1132.3515      261.91267      33.603996     -1.5848483      10.770617
1468.8      1132.1927      261.71916      33.733849     -1.5806145      11.196188
1468.9      1132.0362       262.2311      34.256566     -1.5764157      11.927176
1469.1      1131.7192       261.8248      34.321955     -1.5679501      11.562147
1469.2      1131.5639      263.48947      33.789204     -1.5637194      10.511415
1469.3      1131.4084      262.73171      33.422398     -1.5594907      12.586249
1469.4      1131.2517      264.01785      34.501999     -1.5552529      11.855731
1469.5      1131.0991      263.18503      34.125576     -1.5510033      11.286044
1469.8      1130.6339       263.5544       34.77517     -1.5383129      11.562553
1469.9      1130.4832      261.80277      33.820121     -1.5340476      11.546484
  1470      1130.3282      262.75733      34.382888     -1.5298193      11.554202
1470.2      1130.0232      262.71423      34.249001     -1.5213125      10.299634
1470.3      1129.8699      263.00164      33.375446     -1.5170671      12.250392
1470.5      1129.5652      263.56044       34.36915      -1.508584      11.623964
1470.6      1129.4182      263.55114      34.668722     -1.5043157      11.323979
1470.7      1129.2702      263.18086      34.395072     -1.5000625      13.067206
1470.9      1128.9704      263.24168      33.332869     -1.4915096      11.913382
  1471      1128.8187      263.38548      35.118383     -1.4872679      11.951607
1471.2      1128.5216      262.26449      33.910869     -1.4787175      10.318132
1471.6      1127.9368       263.7317      34.344102      -1.461685      10.259273
1471.7      1127.7879      263.53916       33.82043     -1.4573606      10.260199
1471.8      1127.6416       263.4213      33.561356      -1.453111      10.440954
  1472      1127.3524      263.42665      32.652435     -1.4445668      10.893225
1472.7      1126.3535      264.21671      33.767546     -1.4145348      11.105611
1472.8       1126.213      264.70155      34.149447     -1.4102611       12.34709
1472.9      1126.0702      264.31838      34.258276     -1.4059632      12.039698
  1473      1125.9296      264.56359      34.465426     -1.4016588       10.13127
1473.1      1125.7923      263.47813      34.369847     -1.3973619      10.776933
1473.3      1125.5093      264.34916      35.152886     -1.3887557      10.453648
1473.4      1125.3717      264.39743      34.817806     -1.3844611      10.785326
1473.5      1125.2349      264.86607       34.97134      -1.380129      12.271158
1473.6      1125.0988      263.80142      34.499188     -1.3758569      10.420062
1473.7      1124.9594      264.28572      34.726316     -1.3715284      11.407718
1473.8      1124.8235      264.45042      33.987206     -1.3672228      10.193554
1474.3      1124.1449      264.41566       33.81882     -1.3456815      11.615744
1474.5      1123.8741      264.90462       34.95192     -1.3370313      10.858297
1474.6      1123.7437      264.19754      34.474571     -1.3326959      12.040856
1474.7      1123.6108      265.92119      33.819675     -1.3283843      10.812679
1474.9      1123.3467       264.6279      34.720823     -1.3197263      11.587991
1475.3      1122.8216      265.52779      33.983153     -1.3023931      11.524134
1475.4       1122.692      265.20622       34.47784     -1.2980699      12.106766
1475.5      1122.5633      265.10461       33.94988     -1.2937513       12.08818
1475.7      1122.3026      265.75625      34.461065     -1.2850488      10.966705
1475.8      1122.1738      265.52762      34.777123     -1.2807081      10.454935
  1476      1121.9183      264.73849      34.444312     -1.2720335      10.347653
1476.1      1121.7909      266.01807      34.398953     -1.2676678      12.239644
1476.8      1120.9144      265.10933      34.716528     -1.2372501      11.997983
  1477        1120.67      266.05585      33.841392     -1.2285581      10.309209
1477.1      1120.5457      267.28736      34.183436     -1.2242008      11.272624
1477.4      1120.1797      265.64607      34.085717      -1.211083      10.440748
1477.6       1119.938      266.09552      35.279186     -1.2023549       10.68537
1477.7      1119.8178      266.24803      35.362969     -1.1979758      10.000269
1477.8      1119.6993      266.95356      34.832673     -1.1936019      10.241217
  1478      1119.4623      265.62175      33.581176     -1.1848747      11.518808
1478.1      1119.3431      265.75164      34.849213      -1.180496      11.150859
1478.2      1119.2255      266.82446      35.001186     -1.1761395      10.338593
1478.3      1119.1075      266.02436      34.690419     -1.1717651      12.526096
1478.4      1118.9928      266.22913      34.438878     -1.1673888      10.621126
1478.8      1118.5301      267.17305      34.361101     -1.1498649      11.577534
  1479      1118.2983      266.33318      34.234514     -1.1411012      11.410817
1479.1      1118.1848      266.67457      34.914295     -1.1367019        12.5544
1479.2      1118.0699      266.79691      34.590452     -1.1323303      11.133388
1479.3       1117.962      266.82688      34.335925     -1.1279329       12.97248
1479.4      1117.8479      266.60856      34.540106     -1.1235269       13.04785
1479.8      1117.4011      267.63286       34.51986     -1.1059528      10.741765
1479.9      1117.2898      267.39605      34.828943      -1.101577       11.16228
  1480      1117.1829      266.87385      34.575507     -1.0971576      11.004456
1480.2      1116.9637      268.06434      34.333722     -1.0883601      11.128461
1480.3      1116.8521      267.32471      34.638236     -1.0839538      10.778307
1480.5      1116.6368      266.95554      35.695043     -1.0751702      12.605655
1480.7      1116.4224       267.3918      34.893882     -1.0663104      10.101983
1480.8       1116.318      267.36443       34.39871     -1.0618986      11.055242
1480.9      1116.2102      267.34741      34.695011     -1.0575128      10.904086
  1481      1116.1076      268.05425      34.915709     -1.0531137      11.880298
1481.2      1115.8957      267.90509      34.576654     -1.0442906      13.020078
1481.4      1115.6856      267.56905      34.793197     -1.0354331      10.400751
1481.5      1115.5829      267.08984      34.966255     -1.0310189      12.499723
1481.6      1115.4818      268.08786      34.598884     -1.0266072      12.364415
1481.8      1115.2777      268.42381      34.722005      -1.017796      10.494083
  1482      1115.0712      268.33211      35.911055     -1.0089026      10.558051
1482.2      1114.8723      268.61448      35.224501     -1.0000606       10.40433
1482.3      1114.7729      267.69138      34.082272    -0.99562654      11.234777
1482.4      1114.6753      268.54647      34.944471    -0.99120564       11.26399
1482.7      1114.3771      269.00167      35.020063    -0.97792676      12.768712
1482.8      1114.2792       267.7691      34.747218    -0.97349356       12.94447
  1483      1114.0858      268.33196      35.008058    -0.96459823      12.212841
1483.2       1113.894      268.30565      35.044005     -0.9557146      12.520871
1483.3      1113.8014      269.14939      34.738891    -0.95127792        10.1595
1483.4      1113.7044      269.58857      34.783065    -0.94688173      10.209138
1483.5      1113.6107      268.61144      35.028439    -0.94238453      11.512129
1483.7      1113.4245      268.50444      35.881988    -0.93351492      10.524745
  1484      1113.1441      269.63882      35.735834    -0.92016223      11.949865
1484.2      1112.9596      269.51785      35.169818    -0.91126729      12.332011
1484.5      1112.6876      269.57293      35.363451    -0.89792387      11.699595
1484.6      1112.6034      269.83619       35.42827    -0.89349444      11.620984
1484.7      1112.5129      269.64316      34.852951    -0.88902268      11.126079
1484.8      1112.4227      269.49013      34.592026    -0.88455588      10.709642
1484.9      1112.3358      269.66464      34.959594    -0.88009534      11.486409
  1485      1112.2484      270.02329      34.933206    -0.87563272      11.422821
1485.1      1112.1598      270.30091      35.370815    -0.87120603      10.930162
1485.3      1111.9875      268.95123      34.986427     -0.8622763      10.164237
1485.7      1111.6476      269.76191      34.852322    -0.84443201      12.116712
1485.8      1111.5628      270.39567      35.737583    -0.83994627      10.899952
1485.9      1111.4762      269.17565      34.775125    -0.83549592      10.097123
  1486      1111.3937      270.43387      34.092169    -0.83103093      12.001284
1486.1      1111.3103      270.33981       35.41762     -0.8265685      10.017623
1486.3      1111.1464       270.0685       34.86296    -0.81761088      11.183743
1486.4      1111.0662      269.84911      34.638764     -0.8131345       12.89804
1486.5      1110.9859      269.82471      35.331774      -0.808635      11.102606
1486.7      1110.8211      270.50872      34.021003    -0.79972072      10.358399
1486.9      1110.6647      270.75455      35.729492    -0.79075502      11.714823
  1487      1110.5858      271.46544      35.969495    -0.78625867      12.919274
1487.1      1110.5079      271.42611      34.992403    -0.78177696      10.824429
1487.3      1110.3518      270.26648       34.44624    -0.77282532      10.028797
1487.4      1110.2747      271.30506      33.883295    -0.76833125      10.542107
1487.5      1110.1985      270.80843      35.361232    -0.76386786      10.463368
1487.6       1110.118      271.42069      35.903043    -0.75937076      10.826085
1487.7      1110.0466      270.90995      34.406111    -0.75488677      12.012235
1487.9       1109.896       271.1108      35.418005    -0.74591286      11.659666
  1488      1109.8204      271.38766      34.095239    -0.74142615      12.960625
1488.1      1109.7461      270.65125      35.304356    -0.73691588       12.14994
1488.2      1109.6747      270.97271      35.257711    -0.73242829      11.594126
1488.3      1109.5988       271.1801      35.232737    -0.72794169      10.421911
1488.5      1109.4531      271.42017      34.447612    -0.71897668      12.000625
1488.8      1109.2432        271.854      35.542655    -0.70549091      10.968079
1488.9       1109.168      270.84258      35.577557    -0.70097708      10.616615
  1489      1109.1005      271.22583      35.469317    -0.69646923       11.59208
1489.1      1109.0307      271.80785      34.844756    -0.69201502      10.305947
1489.2      1108.9632      271.60282      34.243196    -0.68748798      11.899472
1489.7      1108.6281      271.73104      35.467059    -0.66500201      11.056917
1489.9      1108.4943       273.3316      36.014341    -0.65597504       10.55444
  1490      1108.4311      271.87517      35.401864    -0.65150059       11.85713
1490.1      1108.3637      272.19868      34.805464    -0.64697536      10.981202
1490.2      1108.2996      272.17338      35.175873    -0.64248304      12.376336
1490.6      1108.0427      271.87335      35.964998    -0.62442581       11.22226
1490.7      1107.9824      272.61643      34.784272    -0.61994719      12.863523
1490.8      1107.9202      272.86992      35.873413    -0.61538931      12.199506
1491.1      1107.7401       272.4493      34.933756    -0.60189432      10.716823
1491.2      1107.6789      272.95905      35.412165    -0.59736748      12.202173
1491.5       1107.503      272.71547       36.07977    -0.58379356      11.597701
1491.7      1107.3883      273.86714      34.857768    -0.57477663      10.885044
1491.8      1107.3282      272.39343      35.385442    -0.57025572      12.032968
1491.9      1107.2713      272.06361      35.309163    -0.56576563      10.763333
  1492      1107.2168       272.9984      35.080288    -0.56122338      10.650111
1492.1      1107.1558      272.50247      35.344175     -0.5566748      10.588844
1492.2      1107.1026      273.40014      35.723333    -0.55216511      10.526362
1492.3      1107.0513      273.17679      34.716621    -0.54767122      10.402064
1492.4      1106.9959      274.42464      35.265822    -0.54311956      11.108151
1492.5       1106.942      272.95069      35.066902    -0.53862845      13.116065
1492.9      1106.7285       273.1783      35.469938    -0.52051025       13.45584
1493.1       1106.626      273.54905      35.206034    -0.51145634      12.992474
1493.2      1106.5739      273.33055      35.187935    -0.50693258      12.082985
1493.5      1106.4219      273.57449       35.37586    -0.49334014      13.719863
1493.6      1106.3772      273.91582      35.656438    -0.48881023      12.142239
1493.8      1106.2787      273.47795      35.084351    -0.47971751      10.212494
1494.1       1106.137      274.02888        34.7808    -0.46614507      11.975362
1494.3      1106.0423      274.06395      35.578207    -0.45708081      13.804904
1494.4      1105.9985      273.65257      35.299585    -0.45254694      14.140707
1494.6      1105.9094      274.96547      35.411368    -0.44346238      13.373207
1494.9      1105.7779      274.74893      35.425964    -0.42983519      11.899667
1495.1      1105.6916      274.33311      34.795771     -0.4207976      11.226206
1495.3      1105.6115       274.4744      35.476793    -0.41169822      12.770167
1495.5      1105.5307       274.0995      35.101453     -0.4026263      10.844894
1495.6      1105.4836      274.78912      35.593106    -0.39811356      10.037114
1495.7       1105.452      275.00363       35.36711    -0.39355371      12.475386
1495.8       1105.412      274.13094      35.502499    -0.38899888       10.46775
  1496      1105.3332      275.48058      35.499093    -0.37991131      10.955273
1496.1       1105.296      275.39606      34.995928    -0.37537372      11.465155
1496.2      1105.2576      274.45421      34.411272    -0.37079704      10.528991
1496.6      1105.1135       275.1914      35.445275    -0.35260625      10.326658
1496.8      1105.0436      274.87966       36.16931    -0.34353537      11.346081
  1497      1104.9763      274.66846      35.158729    -0.33442666      10.840227
1497.3      1104.8757      275.23062      34.674351    -0.32078236      12.156977
1497.5      1104.8117      274.96902      34.974546     -0.3116998      12.155007
1497.6      1104.7842      275.02239      34.800826    -0.30712997      10.619632
1497.7      1104.7525      275.63629      35.227829    -0.30259098      10.374093
  1498      1104.6654      274.61928      35.337295    -0.28893968      12.136905
1498.1      1104.6314      274.83112      35.108718    -0.28438348      12.100569
1498.2      1104.6075      276.05231      35.228861    -0.27985082      10.447556
1498.3      1104.5779      276.76989      35.678786    -0.27527722      12.809345
1498.6      1104.4962      276.63273      35.377738    -0.26160073       11.41384
1498.7      1104.4748      276.18354      35.551588    -0.25707193      10.398174
1498.9      1104.4245      276.35545      34.630407    -0.24796024      13.206132
  1499      1104.3953      276.38672      36.178947    -0.24337682      11.103397
1499.1      1104.3743      276.93532      35.088797    -0.23883899      11.564756
1499.3      1104.3274      277.04155      34.392265    -0.22973866      10.928016
1499.4      1104.3052      275.36575        35.2884    -0.22518827      12.590365
1499.6      1104.2594      276.65023      34.416165    -0.21605411      12.549155
1499.7      1104.2385      277.04257      34.940128    -0.21147992      10.786414
1499.9      1104.1962      276.17138      35.037831    -0.20240184      11.013716
1500.1      1104.1554      276.32693      35.502638    -0.19330634      10.200703
1500.3      1104.1217      275.96034      35.492352    -0.18415109      10.459461
1500.5      1104.0842       277.3041      35.918127    -0.17503764      11.740885
1500.9      1104.0147      277.50172      35.662301    -0.15679969      11.632518
  1501      1104.0031       277.2538       35.80453    -0.15223262      12.305735
1501.1      1103.9878      277.69211       34.94529    -0.14767575      10.935446
1501.2      1103.9716      276.90508      35.381587    -0.14311737      11.573599
1501.3      1103.9573      276.76814      34.931937    -0.13856774      11.719248
1501.4      1103.9432      277.73504      35.669921    -0.13403179      10.132823
1502.2      1103.8497      278.10909      36.079865   -0.097489118      12.563512
1502.3      1103.8424       277.6328      35.756281   -0.092961471      10.181907
1502.5      1103.8259      277.90587      35.105719   -0.083814121      10.110807
1502.6      1103.8163        278.113      34.773272   -0.079239151      12.908101
1502.8      1103.8019      278.34099      36.885774   -0.070113725      10.878963
  1503      1103.7897      277.77788      35.741808   -0.060982336      12.380324
1503.1      1103.7815      277.84437      36.336206   -0.056432798       11.04973
1503.2      1103.7753       278.5576      35.617869   -0.051865535      11.724077
1503.3      1103.7724      278.59747      34.734852   -0.047274073       11.36923
1503.6      1103.7649      278.38317      35.138695   -0.033595474      10.337113
1503.7      1103.7609      278.28788      34.612317   -0.029068229      10.674958
1503.9      1103.7541      278.79689      36.199368   -0.019943842      13.759323
  1504      1103.7509      278.36237      34.608101   -0.015351275      11.013235
1504.2      1103.7495      279.04328      35.241353  -0.0062287111      11.716287
1504.3      1103.7486      278.98188      35.368647  -0.0016983625      10.127929
1504.5      1103.7512      278.18304      35.816744   0.0074516743      10.613556
1504.6      1103.7501       279.4387      35.077432    0.012013768       10.09714
1504.7      1103.7538      279.54568      34.455963    0.016573992      10.490125
1504.8       1103.752      279.41604      35.298967    0.021127607        12.6963
  1505      1103.7586      279.48363      35.681154    0.030237567      12.065069
1505.2       1103.765      278.86312      35.509101    0.039414913      11.706238
1505.3      1103.7688      279.68458      35.788926    0.043986811      10.384141
1505.5      1103.7805      278.52445      35.082584    0.053122081      11.065929
1505.7      1103.7901      279.69949      34.940174    0.062222658      11.988106
1505.8       1103.797      279.37935      35.342053     0.06677322      11.585774
1505.9      1103.8022      279.78037      35.587722    0.071322892      10.275122
  1506      1103.8099      279.29037      35.513874    0.075918614      11.443722
1506.1      1103.8207      279.09971      35.208289    0.080453355      10.857237
1506.3      1103.8373      279.19917      35.182479    0.089609278      11.763864
1506.4      1103.8457       279.6579      36.052274    0.094126914      12.106647
1506.7      1103.8746      280.16025      35.175135     0.10784885      12.311717
1506.8      1103.8868      280.18205      35.352397     0.11238716      11.891712
1506.9      1103.8992       279.9174      35.093361     0.11696176      12.835277
  1507      1103.9108       280.1653      35.185135     0.12153015      13.604218
1507.3      1103.9485      280.55824      35.318568     0.13519974      12.079936
1507.7      1104.0074      280.00146      34.704583      0.1534482      11.216945
1507.8      1104.0225       279.1233       35.93847     0.15801242      11.060653
1507.9      1104.0398      280.32908      34.923697     0.16257451      11.897555
  1508      1104.0552      281.03314      35.929607     0.16712036      11.285704
1508.1       1104.072      280.82483      35.926359     0.17169208      11.171819
1508.3      1104.1075      280.26308      35.155039     0.18082831      11.566594
1508.6      1104.1627      281.51349      34.871685     0.19450882      11.771418
1508.8      1104.2039      281.59991      35.220473     0.20362642      10.045573
1509.1      1104.2652      281.30479      34.741043      0.2172905      10.994465
1509.2      1104.2885       281.6007      34.494651     0.22181768      11.169306
1509.3      1104.3107      281.13774      35.310841      0.2263835      11.767828
1509.4      1104.3338      281.23543      35.681401     0.23093431      12.330433
1509.5      1104.3571      281.21992      35.165869     0.23549534       12.55635
1509.6      1104.3798      281.80605      34.558985     0.24005637      10.020215
1509.8       1104.429       281.9837      35.798666     0.24918621      10.636356
1509.9      1104.4525      281.94964      36.161641     0.25372752        11.3707
  1510      1104.4829      281.13977      34.832426     0.25829387      11.121167
1510.1      1104.5067      281.98303      35.852937     0.26285481      11.771591
1510.2      1104.5339      281.70493      34.889294     0.26740743      12.200236
1510.3      1104.5531      281.50586      36.307186     0.27192242      10.320469
1510.4      1104.5883      280.79107      35.174387     0.27646699       10.57489
1510.5      1104.6134      281.78056      34.848049     0.28105605      11.585798
  1511       1104.762      281.75366      36.077653       0.303811       12.30016
1511.1      1104.7913      282.77531      35.160127      0.3083654      11.927623
1511.2      1104.8223       281.8718      34.985094      0.3129145      10.195887
1511.3      1104.8553       282.7006      34.937446     0.31746542      12.348388
1511.4      1104.8893      281.86287      35.468878     0.32199391      10.118481
1511.5      1104.9168      282.22495      35.837551     0.32656935      11.745189
1511.9      1105.0514      282.43753      36.232655     0.34473437      10.845755
  1512      1105.0869       283.1061       34.58133     0.34932341      10.129195
1512.1      1105.1216      282.54859      35.006416     0.35383086      12.059408
1512.2      1105.1587      283.01198      36.070599     0.35842515      10.182649
