   7      539.8198      285.5196      50.72764     -3.276358      10.95736
 7.1      539.4892      284.0229      49.03863     -3.268084      10.35195
 7.2      539.1628      284.7108      49.78172     -3.259919      11.01376
 7.3      538.8402       284.707      50.15721     -3.251712      12.20871
 7.4      538.5129      284.7685      50.38415     -3.243474      12.52164
 7.6      537.8661       283.513      50.66133     -3.226944      10.09103
 7.8      537.2247      283.5894      51.19013     -3.210395       11.3143
 7.9      536.9024      284.4506      50.49543     -3.202054      12.43177
 8.2      535.9451      283.9868      50.26628     -3.177044      11.59219
 8.3      535.6287      283.4241      50.90796     -3.168708      10.34137
 8.6      534.6812      283.6654      50.71853       -3.1435      11.88661
 8.7      534.3695      284.0918      50.32721     -3.135064      10.81586
   9      533.4322      283.4931      50.59125     -3.109697      12.19768
 9.3      532.5027      283.0986      51.57604     -3.084183      12.63099
 9.7      531.2762      282.8933      50.75942     -3.049971      10.19359
  10      530.3644      282.1479      50.66819     -3.024157      12.43058
10.1       530.061      282.1432      51.12168     -3.015518      11.22988
10.2      529.7636       281.566      52.00621     -3.006853       10.7111
10.3      529.4597      281.7593      51.14201     -2.998198      11.62782
10.5      528.8607      280.8482        51.493     -2.980825      12.43965
10.6      528.5655       282.051      51.36954     -2.972148      10.31465
10.9       527.678      280.5092       51.3776     -2.945882      12.46136
  11      527.3833      282.4122      51.98525     -2.937109      11.10166
11.2      526.7966      281.9056      51.11524     -2.919529      12.79599
11.5      525.9248      281.2309      51.30594     -2.893074      11.95631
12.2      523.9239        280.01        52.035     -2.830777      11.92896
12.3      523.6406      280.8616      52.95955     -2.821767      11.77095
12.5      523.0758      279.9164      52.32815     -2.803832       11.2298
12.6      522.7956      279.5403      53.02563     -2.794809      12.11424
12.7       522.515      278.8338      52.53704     -2.785809       11.3777
12.8      522.2401      279.6874      52.88651     -2.776775      11.86943
12.9      521.9633      278.7773      53.02685     -2.767737      11.98525
  13      521.6857      278.4011      52.67606     -2.758666      11.50213
13.1      521.4114      278.8151       52.6097     -2.749589      12.31539
13.2      521.1377      278.1914      52.09719     -2.740497      10.15384
13.3      520.8626      278.7591      52.72242     -2.731388      11.63827
13.4      520.5913      278.5751      53.15976     -2.722282      10.47431
13.5      520.3152      278.5563      52.71336     -2.713181      11.28557
13.6      520.0448      278.4539      53.36712     -2.704009      11.09956
13.8      519.5089      278.8184       52.5791      -2.68566      10.85206
13.9      519.2398      278.5537       52.8279      -2.67649      11.30568
  14      518.9731      278.4444      53.02329     -2.667274      13.07098
14.2      518.4408      277.4664      51.27238     -2.648803      11.92796
14.3      518.1778      277.3034      52.75834      -2.63959      14.43628
14.7      517.1316      277.3907      53.05053     -2.602459      10.98852
14.9      516.6086      277.7086      53.37637     -2.583803      10.52671
  15      516.3512      277.5656      53.47581     -2.574432      11.72967
15.1      516.0959      276.3856      53.46154     -2.565073      12.06029
15.4      515.3299      276.2056      53.41174      -2.53692       10.9591
15.6      514.8275      276.1554      52.61869      -2.51811      11.12967
15.8      514.3221      275.7212      54.21935     -2.499182      11.78426
15.9      514.0725       275.297      53.83479     -2.489737      10.90616
  16      513.8253      276.3215      52.21667     -2.480236      10.24939
16.4      512.8393      274.2118      53.42503      -2.44213      12.00006
16.5       512.596      275.6504      54.79215     -2.432639      10.32621
16.8      511.8723      274.7335      53.98039     -2.403849      13.87736
  17      511.3908      274.1698      53.15175     -2.384647      10.07191
17.2      510.9139      274.2107      53.72126     -2.365357      11.46283
17.5      510.2104      274.6119      53.99759     -2.336296      10.75571
17.7      509.7482      273.4549      54.50746     -2.316906      12.81355
17.8      509.5148      274.2904      53.97386     -2.307175      11.04428
17.9      509.2854      274.0565       53.7187     -2.297447      11.05871
  18      509.0553      273.5454      54.76253     -2.287677      11.50063
18.1      508.8262      273.9435      54.03271     -2.277915      10.48305
18.2      508.6002      273.0312      55.10889     -2.268112      10.30321
18.4      508.1474      273.1089      55.14879     -2.248527      14.10973
18.6      507.7021      272.7334       55.5647     -2.228884      11.26141
18.8      507.2558      272.0767      55.19648     -2.209157      11.17163
  19      506.8183      271.8651      54.67833     -2.189403      10.29667
19.2      506.3822      271.9036      54.59073     -2.169607      12.50894
19.7      505.3109        270.52      55.37733     -2.119869      10.64301
19.8      505.0975      271.4579      55.02896     -2.109879       11.5599
19.9       504.889      270.9207      55.03467     -2.099882      10.15276
20.1      504.4684      270.6761      55.47648     -2.079857      11.29711
20.4      503.8489      269.7866      55.70613     -2.049707      12.73363
20.6      503.4418      269.4705      55.15368     -2.029519      13.45075
20.7      503.2398      269.7394      55.29283     -2.019422      12.20422
20.9      502.8353      269.1029      54.25016     -1.999195      10.42503
  21      502.6387      269.7025      55.60791     -1.989065      11.47225
21.1      502.4401      269.4869      55.49868     -1.978934       11.4084
21.3      502.0434      269.6026      56.58389      -1.95858      13.05462
21.4      501.8519      269.2605      56.31047     -1.948389      10.44757
21.7       501.269      268.3124      56.35802     -1.917782      11.84313
21.8      501.0793      268.6897      56.19479     -1.907539      11.09164
21.9      500.8873      268.0432      55.23623     -1.897297       12.0524
  22      500.7009      268.7096      55.61921     -1.887051      12.21637
22.1      500.5075      267.6727      55.17602      -1.87682      10.52168
22.2      500.3266      267.9296      56.65267     -1.866498       12.4882
22.4      499.9537      267.3783      56.74656     -1.845911      11.04263
22.6      499.5861      266.6952      57.05319     -1.825308      12.25133
22.7      499.4016      267.4235      56.41019     -1.814949      11.65826
  23      498.8642      265.4567      56.69102     -1.783874      13.36107
23.2      498.5081      265.5808      56.52702     -1.763149      10.42743
23.3      498.3323      267.0847        55.677     -1.752721      10.50687
23.4      498.1598      265.6616      56.59725     -1.742332      10.85833
23.5      497.9879        266.09      57.11474      -1.73189       11.9181
23.6      497.8124      265.7986      57.06067     -1.721436      11.28889
23.8      497.4724      265.3112      57.23274     -1.700607      10.67752
23.9      497.3009      265.7644      56.16378     -1.690117      11.40966
  24      497.1302      264.9054      56.61362     -1.679605       11.7823
24.2      496.7982      265.0116      57.28886      -1.65864      12.61837
24.3      496.6331      264.8982      56.79451     -1.648109      10.17878
24.4       496.468      264.5613      56.10372     -1.637582      10.36291
24.6      496.1433      264.8602      56.96459     -1.616517      12.26487
24.8      495.8231      262.9762      57.15443     -1.595396      11.94417
24.9      495.6623      264.0908      57.66719      -1.58487      12.04297
25.1      495.3471      263.5832      57.26602     -1.563664       10.5047
25.5       494.729      263.3052      57.09645     -1.521197      11.20685
25.8      494.2798      262.7263      57.52845     -1.489258      10.74234
26.1       493.837      262.4945      57.60172     -1.457204      11.67304
26.3      493.5497      262.0637      57.10734     -1.435833      12.56946
26.4      493.4054       262.422      57.64973     -1.425084      10.26621
26.5      493.2657       261.321      57.48671     -1.414368      11.06954
26.6      493.1217      261.5428      57.64272     -1.403622      10.58612
26.9      492.7045      261.2607      57.89327     -1.371372       11.4524
27.1      492.4375      260.7446      57.58086     -1.349809      13.32132
