  10      1140.3674      258.89234      33.714543     -1.8288586      11.536837
10.1      1140.1838      258.54865      33.308243     -1.8247254      14.022345
10.3      1139.8197      258.85558       33.69023     -1.8164701      11.822933
10.4      1139.6372      258.81201      33.497996     -1.8123386      11.106216
10.7       1139.098      260.19941      33.556841     -1.7999133      10.503458
11.3       1138.026      259.92848       32.80002     -1.7750507      11.733945
11.4      1137.8451       259.1554      33.509414     -1.7708794      11.056943
11.5      1137.6676      259.52332      34.281755     -1.7667508       11.07602
11.6      1137.4926      261.05591      33.879129     -1.7625938      10.021098
11.7      1137.3156      260.71968      34.274069     -1.7584295      10.541982
11.8      1137.1448      259.57713      33.185677     -1.7542624      11.440783
11.9      1136.9674      259.81368      33.397281     -1.7501208      10.213712
12.1      1136.6162      259.76433       33.37755     -1.7417484      12.609437
12.2      1136.4457      259.49751      34.177728     -1.7376167      10.815656
12.4      1136.0982      260.44681      33.798217     -1.7292653      11.748612
12.8      1135.4101      260.57126      33.805592     -1.7125415      11.554909
12.9      1135.2369      260.66476      34.291415     -1.7084059      10.250198
13.2      1134.7285      259.96811      33.353702     -1.6958413      11.419559
13.3      1134.5548      259.72793      33.792356     -1.6916492      11.251804
13.4       1134.388      261.11762      33.776799     -1.6874364      11.961694
13.5      1134.2201      260.23022      33.992328     -1.6832533      11.977489
13.6      1134.0507      260.52872      33.039216     -1.6790582      11.644112
13.7      1133.8862      260.75924      33.881733     -1.6748578      13.198709
13.8      1133.7193      262.05524      33.484906     -1.6706759      10.041832
13.9      1133.5488      260.93808      33.688463     -1.6664499      10.333774
  14       1133.384      260.61255      33.158475     -1.6622363      10.405904
14.1       1133.218      261.58722      33.357313     -1.6580653      10.968083
14.2      1133.0495      260.84591      33.894302     -1.6538107      12.131254
14.5      1132.5572      261.06607      34.289014     -1.6412417      10.869988
14.6      1132.3959      261.35587      33.721164     -1.6370038      10.295219
14.7      1132.2304       262.1143      34.385603     -1.6327829       11.41299
14.9      1131.9041      261.18442      33.490228     -1.6243452      12.540912
  15      1131.7447      261.25547      34.050605     -1.6201281      12.829983
15.1      1131.5805      261.19797      33.317584     -1.6158776      12.524815
15.2      1131.4225      260.57692      33.805084      -1.611662      10.788326
15.4      1131.0979      260.55571      33.833957     -1.6032007      11.585328
15.6       1130.778      260.64273       33.72919     -1.5947708      13.894595
15.7      1130.6192      261.19326       34.49167     -1.5904829      10.599697
15.8      1130.4586      261.94449      33.703275     -1.5862932      12.503317
15.9      1130.2998      261.95665      33.636778     -1.5820461      11.479864
  16      1130.1413      260.56767      33.308634      -1.577773      11.047405
16.4      1129.5169       262.0632      33.241481     -1.5608328      13.049066
16.5      1129.3628      262.07754      33.386395     -1.5566073      11.363258
16.7      1129.0506      261.66834      34.041977     -1.5481071      12.449179
16.8      1128.8942       261.7992      33.554459     -1.5438365       12.91862
16.9      1128.7396      262.55607      33.195084     -1.5395852      11.952286
  17      1128.5849      261.62025      34.024613     -1.5353433      11.008452
17.1      1128.4333      261.94733      33.650703     -1.5310812      12.667096
17.2      1128.2788       261.8923       33.28544     -1.5268009      13.494343
17.3      1128.1287      261.90021      33.732063     -1.5225362      10.872993
17.4       1127.977      263.41555       33.63944     -1.5182944      11.477404
17.6       1127.671      262.22324      34.376907     -1.5097536      10.538886
17.8      1127.3709      262.41423      33.413802     -1.5012047      10.579374
17.9      1127.2228        263.275      33.296792     -1.4969198      10.788467
  18       1127.074      263.04667      33.988304     -1.4926863      14.290795
18.2      1126.7751       262.9143      33.565394     -1.4841125      13.109423
18.6      1126.1852      262.32054      33.282508     -1.4669694      12.724544
18.7      1126.0403      263.28961      33.987392      -1.462705       10.99424
18.8      1125.8914      264.32733      34.415247       -1.45842      10.596612
18.9      1125.7457      262.68626      34.185158     -1.4541063      13.204655
  19       1125.599      263.80387      33.753384     -1.4498392      10.868848
19.1      1125.4572      263.06846      34.673575     -1.4455235      12.144351
19.2      1125.3105      263.35851      34.882146     -1.4412268      11.870437
19.5      1124.8832      262.97856      33.853362     -1.4283318       10.84822
19.6      1124.7405      263.30855      34.044576     -1.4240626      10.996451
19.8      1124.4521      263.14707      33.832368     -1.4154339      11.090839
19.9      1124.3135      263.26527      34.100529      -1.411134      13.630827
  20       1124.174      263.31019      34.834056     -1.4068247      11.400428
20.2      1123.8924       263.2499      34.263518     -1.3982225       10.51759
20.8      1123.0596      263.63834      35.096565     -1.3723131      10.995564
20.9      1122.9249       263.1897      33.402841     -1.3679889      10.663549
21.3       1122.382      265.01582       34.36952     -1.3507013      10.134147
21.4      1122.2456      263.86902      34.203757     -1.3463712      11.133042
21.6      1121.9794      264.15763      35.325463     -1.3376665      10.335249
21.9      1121.5765      263.49164      33.966723     -1.3246695      11.291404
22.5      1120.7906      264.81555      34.298516     -1.2985934      10.064146
23.1      1120.0188      264.51317      34.588209     -1.2724925      10.911942
23.7      1119.2649      266.23993      34.137514     -1.2463213      11.287913
23.8      1119.1384      265.27151       33.52709     -1.2419677      10.585524
23.9      1119.0159      264.62449      33.849062     -1.2376137      11.394084
24.5      1118.2818      265.21749      33.646602     -1.2113605      14.395549
24.6      1118.1593      265.74775      34.476292     -1.2069675      11.915384
24.8      1117.9213      265.89503      33.978399     -1.1982396      12.740912
  25      1117.6826      265.42926      32.983079     -1.1894456      12.843775
25.2      1117.4467        266.012      35.091363     -1.1807008      12.774232
25.3      1117.3258      265.87201      33.628889     -1.1762872      11.850593
25.4      1117.2101      267.18337       34.76975     -1.1718812      10.296503
25.5      1117.0937      265.49766      34.455572     -1.1674943      10.027815
25.6       1116.976      265.90184      34.139695     -1.1631156      11.345422
25.8      1116.7463      266.68499      34.166774      -1.154306      10.094461
26.3      1116.1721      266.30738      34.180775     -1.1323329      13.373428
26.7      1115.7239      266.89986       33.81243     -1.1147057      11.697421
26.8      1115.6143      265.44244      34.237978     -1.1103104      10.739194
27.2      1115.1685      267.48913      35.076107     -1.0926817      10.179991
27.5      1114.8458      266.41726      34.039912     -1.0794103      12.260832
27.6      1114.7371      267.40891      34.698316     -1.0749766      10.811434
27.8      1114.5224      266.55461      34.235057     -1.0661428      13.316353
28.1      1114.2044      267.12752      34.172455     -1.0528715        10.3058
28.2      1114.0987      267.60845      34.040369     -1.0484588      11.461126
28.3      1113.9965      268.33267      33.677869     -1.0440375       10.99545
28.4      1113.8911       267.5909       34.18721     -1.0395985      12.472847
28.9      1113.3764      268.05368      34.674968     -1.0173953      10.303792
  29       1113.277       267.8757      34.417371     -1.0129897      12.992081
29.1      1113.1748      268.10289      34.322322     -1.0085384      10.009751
29.3      1112.9749      268.12517      34.884066    -0.99969331      10.107721
29.6      1112.6741      267.60233      34.749975    -0.98631885      11.656463
29.7      1112.5765      267.80006      35.668441    -0.98189088      12.086051
29.9      1112.3797      267.52273      35.450269    -0.97298998      12.049672
  30      1112.2842      268.11783      34.722842    -0.96858466      10.407386
30.1      1112.1878      268.56394       33.52861    -0.96408697      10.892492
30.3      1111.9935      267.51585      35.070104    -0.95522648      11.411876
30.7       1111.617      268.33597      34.803698     -0.9373873      10.284171
30.9      1111.4293       268.8391      35.099673    -0.92848618      10.019915
31.1      1111.2451      268.50447      34.995576    -0.91952161      14.677291
31.2      1111.1567      269.05524      33.825512    -0.91507192      11.912756
31.4      1110.9747      267.97257      33.681818    -0.90612274      10.183941
31.6      1110.7902      267.97808      34.329629    -0.89722235      10.511502
  32      1110.4353      269.62229       34.45169    -0.87933774      11.403609
32.2      1110.2611      269.00153      34.726334    -0.87040277      12.130435
32.8      1109.7503      269.47613      35.045489    -0.84350602      10.503285
32.9      1109.6609      269.49617      35.025691    -0.83906607      11.227445
  33      1109.5821      269.07558      34.346077    -0.83455448      10.044554
33.1      1109.4935      269.53135      34.496994    -0.83009319      11.538029
33.2      1109.4132      269.25322      34.061004    -0.82556094      10.216708
33.4       1109.251      269.51976      35.230092    -0.81659922      10.157985
33.5      1109.1657      269.83546      34.750403    -0.81214493      11.007631
33.8      1108.9255      270.24928      34.610101    -0.79866172      11.397155
34.1      1108.6893      269.46313      35.057071    -0.78516832      11.795552
34.2      1108.6096      270.15343       34.20579    -0.78069869       12.24688
34.3      1108.5333      269.94819      35.687328    -0.77619622      13.552826
34.7      1108.2243      269.73586      34.639113    -0.75821619      12.167303
34.9      1108.0742      270.89333      35.133198    -0.74918911      11.916253
35.1      1107.9276       269.5842      34.967081    -0.74024761      11.008781
35.2      1107.8521      270.81289      33.912883    -0.73572286      10.010462
35.3      1107.7775      269.66396      35.127786    -0.73121504      11.504944
35.6      1107.5602      271.49527      35.362771    -0.71768262      11.111726
36.1       1107.208      270.18611      34.605025    -0.69513071      10.288904
36.2      1107.1387      271.23339      35.475636    -0.69062907      12.577104
36.4      1107.0046      270.50193      33.505097    -0.68159094      12.599881
36.5      1106.9342      270.95528      34.818144    -0.67708475      11.256994
36.8      1106.7317      270.98134      35.136985     -0.6635518       11.50446
  37      1106.6004      270.43212      34.876325    -0.65452564      12.251833
37.1      1106.5383       270.0276      35.497518    -0.64999714      10.187375
37.3      1106.4062      271.08384      35.093548    -0.64095738      12.296738
37.4      1106.3428      271.74531      35.042378     -0.6364111      10.683743
37.5      1106.2782      271.63702      34.466125    -0.63188062      11.506533
37.6      1106.2169      272.30147      34.152537    -0.62737689      11.355238
38.1       1105.909      271.69125       34.91008     -0.6047272      11.817912
38.2       1105.848      271.05467      34.717629     -0.6002069      10.071236
38.3      1105.7872      271.43612      35.435923    -0.59568812      11.849295
38.5      1105.6725      272.10479      35.487634    -0.58662625      11.648275
38.8      1105.4973      272.61478       34.80556    -0.57302554      10.597153
38.9      1105.4392      271.88439      34.671586    -0.56851089      12.146317
  39      1105.3837        271.325      35.064438    -0.56397632      12.113897
39.4      1105.1611      271.70977      34.761574    -0.54583287      11.663251
39.7      1104.9964      272.73642      35.279435    -0.53218923      10.471088
39.9      1104.8938      272.17205      34.971281    -0.52313273      14.450986
  40      1104.8409       272.2972       34.47682    -0.51859747      10.820253
40.1      1104.7908      272.93961      34.933836    -0.51406578      12.748962
40.2      1104.7393      274.23103      35.616214    -0.50950659      10.666608
40.4      1104.6398      271.91047       33.88552    -0.50041055      11.443491
40.5      1104.5856      273.13031       35.87155     -0.4958888      10.522287
40.6      1104.5382      273.38828      35.129041    -0.49134635      14.170235
41.3      1104.2033      274.01424      35.225421    -0.45952346      12.514731
41.6      1104.0721      273.45056      35.065249    -0.44584874      10.991793
41.9      1103.9398      273.83275      34.174495    -0.43220694      11.733991
42.1      1103.8516      274.20262      34.801523    -0.42309604      10.766157
42.3       1103.769      273.53385      35.258799    -0.41398858      11.496408
42.4      1103.7305      274.10797      35.196598      -0.409452      10.464284
42.5      1103.6853      274.89873      35.267024    -0.40489404      10.059418
42.6      1103.6463      273.91675      34.949797    -0.40032141      10.083672
  43      1103.4891      274.85566      35.599581    -0.38209251      11.142112
43.1      1103.4507      274.05491      34.988216    -0.37753456      11.184549
43.2      1103.4142       273.5413      35.131118    -0.37300247      10.810534
43.3      1103.3771      274.58954      34.333754    -0.36842038      11.402055
43.4        1103.34      274.30531      35.660276    -0.36385765      12.117547
43.6      1103.2706      273.56352      35.131124    -0.35471856      11.202088
43.7      1103.2363      274.14881      35.081017    -0.35017146      14.042028
  44      1103.1317      273.90147      35.258997    -0.33652522       11.08505
44.2      1103.0662      274.27598      36.088225    -0.32738328      12.539691
44.4      1103.0005      274.91832       34.68791    -0.31825418       12.34505
44.6      1102.9392       275.3541      34.959537    -0.30910286      10.245829
44.7      1102.9067      275.60721      35.623011    -0.30454482      10.186888
45.1      1102.7854      274.97354      34.671967    -0.28628528      11.514132
45.3      1102.7316      276.18757      34.236593    -0.27712706      10.421647
45.8       1102.598      275.80228      35.073834    -0.25430818      10.813779
  46      1102.5512      274.99326      34.732326    -0.24517256      12.370872
46.1      1102.5247      275.56637      35.054405    -0.24059597      11.064505
46.2      1102.5013      275.28474      34.617486    -0.23601027      11.502824
46.3      1102.4768      275.84581      35.389346    -0.23146655      11.772031
46.5      1102.4338      275.27383      34.859399    -0.22232545      10.869895
46.8      1102.3683      276.31745      35.272333    -0.20860598      11.096888
47.2      1102.2882      276.12179      35.402002    -0.19033497      10.517532
47.3      1102.2691      276.39416      35.351484    -0.18574521       12.21556
47.8       1102.182       276.0316      35.076652    -0.16288459      11.616989
  48      1102.1529       275.5738      35.267008    -0.15373833      10.735396
48.1      1102.1372      277.08116      36.062763    -0.14915253      10.565071
48.3       1102.107      276.90067      35.517903    -0.13997821      11.761416
48.4      1102.0914      276.10706      35.210166    -0.13544684      11.405807
48.8      1102.0412      277.17131      33.960601    -0.11711549      10.141199
49.1      1102.0103      277.08749       35.32319     -0.1034485      11.314764
49.3      1101.9888      277.57751      34.169318   -0.094254358      10.305525
49.7      1101.9561       277.4699      35.393193   -0.075927877      12.778893
  50      1101.9335      278.22198      34.989745   -0.062222447       11.64068
50.1      1101.9329      276.37341      36.041324    -0.05761873      10.325419
50.4       1101.914      278.08978      34.670974   -0.043903385      11.327086
50.5      1101.9091      277.58274      34.996903   -0.039335572      12.620388
  51      1101.8948      277.31403      34.581959   -0.016444567      11.003601
51.3      1101.8891      278.69174      35.380318  -0.0026732659      11.292602
51.4      1101.8892      278.19421      35.454055   0.0018948277      11.924568
51.5      1101.8943      278.74537      36.317131   0.0064458201      10.774345
51.6      1101.8941      277.66921      34.808594    0.011034243      12.588797
51.8      1101.8977      278.05818      35.704596    0.020180136      13.938098
51.9      1101.8965       277.7032      35.286657    0.024759124      11.198759
52.2       1101.907      277.94322      35.272123    0.038507744      13.445542
52.6       1101.927      279.41159      34.492985     0.05679428      11.336098
52.7       1101.932      278.63182      34.595678    0.061385046      12.260115
52.8      1101.9423       279.5946      35.287604     0.06597273      10.829729
52.9      1101.9441      278.06162      34.676212    0.070525308      10.051918
  53      1101.9548      278.07475      34.069138    0.075116075      10.513691
53.1      1101.9618      277.66323      34.915564    0.079705018      12.104465
53.4      1101.9883      278.55994      34.947273     0.09341316      10.915262
53.5      1101.9956      279.39226      34.580935    0.098021631      10.108834
53.6      1102.0074      279.44312       35.79324     0.10256369       11.07841
53.7      1102.0144      279.19997      35.380475     0.10715163       11.97995
53.8      1102.0289      279.03479      34.500735     0.11172867      11.328021
  54      1102.0502      279.83806      34.820189     0.12088152      10.961388
54.2      1102.0782      278.72319       35.06033     0.13005243      11.379272
54.3      1102.0913      279.70633      35.601153     0.13460194       12.20824
54.5      1102.1183      280.08409      35.187979     0.14376772      12.203045
54.6      1102.1307      279.34611      34.610824     0.14834661      11.543576
54.7      1102.1475      279.50899      34.747024     0.15291574      10.217499
54.9      1102.1797      279.46494      34.122123     0.16205346      12.311156
  55      1102.1956      278.96489      35.336396     0.16664935      10.133025
55.1      1102.2138      279.35629      35.276788     0.17120185      12.752857
55.2       1102.229      279.41414      35.535311     0.17577306      11.936495
55.3      1102.2472      279.83503       34.58182     0.18032973      10.448706
55.5      1102.2843      280.12505       35.46907     0.18949648      13.357825
55.6      1102.3042      279.82132      35.297525     0.19407403      13.709454
55.7      1102.3218      279.45558      34.523481     0.19865451       10.53131
55.8      1102.3415       279.8613       34.89021     0.20321489      11.755966
  56      1102.3857      280.45132       35.60182      0.2123507      12.536287
56.2      1102.4272      280.65792       35.23061     0.22151448      10.842247
56.3      1102.4518       280.1873       34.83226     0.22604576      12.238205
56.4      1102.4722      281.37497      35.650232     0.23063345      12.224962
56.5      1102.4973      280.32156      34.901141     0.23519198      11.296777
56.6      1102.5213      281.50735      34.515652     0.23977806      12.646574
  57      1102.6205      281.73253       35.45376     0.25808758      10.976711
57.1      1102.6424      281.25119       35.55613     0.26264301      11.763787
57.2      1102.6726      280.53684      34.814842     0.26716511      11.148756
57.3      1102.6988      281.54266      35.211809     0.27177748      11.236749
57.4      1102.7269      280.94833      34.865978     0.27632972      14.099514
57.6      1102.7844      280.00481      34.281431     0.28547991      10.501275
57.8      1102.8412      280.01351      35.093477     0.29460478      12.901535
  58      1102.8999      281.17416      35.125494     0.30373585      10.478144
58.1      1102.9344      281.57516      35.131177     0.30828774      11.960603
58.2      1102.9611      280.62212      35.477235     0.31288388      10.048448
58.5      1103.0592      281.35027      35.057901     0.32654738      11.555859
58.7      1103.1242      282.93493      35.202432     0.33565609       12.05006
  59      1103.2271      280.62152      35.493704     0.34937008      10.049754
59.1      1103.2615      281.94886      35.527181     0.35392313      10.042355
59.2       1103.298      281.86565      34.637374     0.35849018      10.416298
59.3      1103.3357      282.26148      34.785605     0.36304402      10.395291
59.8      1103.5222      281.57791      34.725998     0.38587186      11.607047
60.4      1103.7631      282.49378      34.824376     0.41318438      10.316239
60.5      1103.8032      283.10893      35.290871     0.41772698      12.059215
60.6      1103.8446      283.12692      35.673257     0.42226038      11.078306
