time,range,elevation,velocity,azimuth
5,1146.40097203915,33.2143751959542,-1.90369353175931,258.855355534836
5.20000000000005,1146.02070671311,33.931800234281,-1.8955517562988,258.810975094707
5.30000000000018,1145.82988540819,32.6737478994438,-1.89148920241957,260.01611914125
5.40000000000009,1145.63973951579,32.7565107275129,-1.88739234722824,259.265419832285
5.60000000000014,1145.26667106031,33.8370499695618,-1.87924975443525,259.131488451022
5.70000000000005,1145.0756515889,33.2610005397882,-1.87514401947062,259.627948604027
5.80000000000018,1144.88912532335,33.146571931818,-1.87104557125166,258.768519834982
6.10000000000014,1144.32840813058,33.3581246639686,-1.85877972938366,259.058019405529
6.20000000000005,1144.14374960676,33.7451266177846,-1.85470364853665,259.352313459139
6.5,1143.5890624125,33.0665364030489,-1.84239304083623,259.720750864941
6.70000000000005,1143.22155061404,32.9179244219472,-1.83414588422832,259.940118397632
6.80000000000018,1143.03819111945,33.9727602710172,-1.83005668296776,259.437046971171
7,1142.67274091322,33.1927749019252,-1.82183588754477,260.411317132614
7.10000000000014,1142.49069933182,32.7290471432983,-1.81768484222762,260.394843010805
7.20000000000005,1142.31060204365,34.069606936834,-1.81359955757552,259.344832312145
7.40000000000009,1141.94986643957,33.5307657223472,-1.80534763439154,259.895374962188
7.5,1141.76822266953,32.8515071399966,-1.80123013969054,260.375296413575
7.60000000000014,1141.5887851686,33.1520445771456,-1.797105150622,260.351641517392
7.90000000000009,1141.05205848121,33.5140446306595,-1.78472790526367,259.362211077632
8,1140.87338463008,34.2543930668889,-1.78059561905469,260.578767499428
8.10000000000014,1140.69567383972,33.0045816447215,-1.77647594977417,259.955722392629
8.20000000000005,1140.51887342662,33.6216993880937,-1.77232902871395,260.197276326578
8.5,1139.98276774487,34.7224286542933,-1.75986894659429,260.626048259065
8.60000000000014,1139.81001314654,34.2293371897283,-1.75576357540851,260.19662220515
8.70000000000005,1139.63605748283,33.5110355530173,-1.75163914904481,260.364292949747
8.80000000000018,1139.45876987945,33.6271139842429,-1.74747237336262,260.110882907299
8.90000000000009,1139.2832208312,33.6458378056443,-1.74329885524953,260.627941325073
9.10000000000014,1138.94042398197,32.5324665010667,-1.7350091979708,261.653855321413
9.20000000000005,1138.76750705514,33.3194156296708,-1.73085310101474,262.026529563426
9.40000000000009,1138.41876039754,34.4103824335026,-1.72251868508717,261.705312424261
9.60000000000014,1138.07317169927,33.2672077589181,-1.71420520879804,260.422060444497
9.90000000000009,1137.56181664213,34.5716802014285,-1.70172262859236,260.863306646289
10,1137.39309807086,34.2633844409201,-1.69751373130366,260.518276162664
10.1000000000001,1137.2265553599,33.1809258046248,-1.69337151604383,260.879096674118
10.3000000000002,1136.88470706434,33.7651782717182,-1.68499076472148,261.461885330829
10.4000000000001,1136.71654072039,34.1795286885244,-1.68083252483476,261.698817674434
10.6000000000001,1136.38405654531,34.1275779115667,-1.67247482801836,260.976770186243
10.7,1136.21549571272,33.3992775690167,-1.66829600770356,261.553424810308
10.8000000000002,1136.04930183738,34.104218837815,-1.66412159881957,261.145885028943
10.9000000000001,1135.88325391812,33.8602552628253,-1.65991406651585,262.056542256701
11,1135.72206994572,33.9041544723749,-1.65570585130105,262.297995595001
11.1000000000001,1135.5518014836,33.5728741006808,-1.65150927773613,261.541236639802
11.2,1135.38649590175,33.6236732469348,-1.64734466339502,261.176823909181
11.3000000000002,1135.22117673718,33.7182404961695,-1.64315606310384,262.606572822984
11.4000000000001,1135.05982594559,33.6089793790175,-1.63893059225719,261.092797497555
11.5,1134.89659089648,34.0762130546162,-1.63477906263732,261.605760902698
11.6000000000001,1134.732005347,33.790658929937,-1.63053284830323,261.919339864415
11.7,1134.56849750573,33.9113353002707,-1.62632846874926,261.745134899505
11.8000000000002,1134.40814554551,34.1648192995829,-1.62213103165999,262.165962726945
11.9000000000001,1134.24379919593,33.461520065058,-1.61791426760855,261.19865905236
12,1134.08558676351,34.4837214540253,-1.61370321454802,262.854658911449
12.2,1133.76002514436,34.3874632802226,-1.60529511158113,262.070254036853
12.3000000000002,1133.60311389119,34.4020141866872,-1.60105973750864,262.381029776204
12.4000000000001,1133.44228781588,33.6860226619095,-1.59686652290304,262.404473740103
12.6000000000001,1133.12383767251,34.1213801358069,-1.58843366528938,262.581229071942
12.7,1132.96738040955,34.0437103224664,-1.58423055081023,262.195468502347
12.8000000000002,1132.80472884975,33.74779905725,-1.57999069460087,263.16078707195
12.9000000000001,1132.64636401956,33.7354460788626,-1.57575015878849,261.886883892738
13,1132.49220109264,34.2939767991502,-1.57152948195898,262.192636030722
13.3000000000002,1132.02073917233,34.1064894757269,-1.55884087382228,262.009130760811
13.5,1131.71042260895,35.0423070249503,-1.55039330965596,262.577469811012
13.6000000000001,1131.55414810434,34.8083491362181,-1.54613441761864,262.043972793734
13.7,1131.39862803237,33.4491663356849,-1.54190738994532,262.692335336981
13.8000000000002,1131.24630882987,34.6300795060773,-1.53763741423946,262.613836473197
13.9000000000001,1131.09377148113,33.7859828758808,-1.5334112807834,263.617228148375
14,1130.9391638392,34.2454655054702,-1.52916157660078,262.240546886283
14.1000000000001,1130.78774099704,35.2862869385647,-1.52495860342911,262.981114102407
14.2,1130.63485209719,33.823553949275,-1.52066313123936,262.989770764047
14.3000000000002,1130.48409788821,33.7970662505828,-1.5163995426511,263.134919836751
14.4000000000001,1130.33396552965,33.7362723146851,-1.51218876388857,263.248213174049
14.5,1130.18007299317,34.4805009560419,-1.50790453646381,263.51300817758
14.7,1129.87843173685,34.6343741734348,-1.49941946203671,262.141263738021
14.8000000000002,1129.73133162939,33.8694828584968,-1.49516010684639,262.891847381713
14.9000000000001,1129.57909411124,34.1535972129211,-1.49089202802413,263.471838325096
15.1000000000001,1129.28379884531,34.9360661416853,-1.48237283801009,263.95121918738
15.4000000000001,1128.84028607475,34.3677848637121,-1.46956871222783,263.275002210611
15.7,1128.40386726809,34.0126468971922,-1.45677731574058,264.378076180065
15.8000000000002,1128.25412416486,33.4633579054741,-1.45250016710207,263.386701161685
15.9000000000001,1128.10996043684,33.0260741258855,-1.44817541106515,263.697022933338
16.1000000000001,1127.82266273435,33.9499017055205,-1.43967428130465,263.523461322395
16.3000000000002,1127.53622395936,34.0481995198886,-1.4311048604368,263.868817694337
16.4000000000001,1127.39237856464,35.4078710306102,-1.42684294841487,263.891447425532
16.6000000000001,1127.10885962746,34.0898001561432,-1.41823681237441,264.643525553865
16.7,1126.96599834276,34.3375209692293,-1.41394542063644,263.923260841881
16.8000000000002,1126.82460740346,34.0357118357394,-1.40964626066294,263.162650135954
16.9000000000001,1126.68547425073,34.1833745951919,-1.40535957122407,264.080146399714
17,1126.54570484927,35.8760911039709,-1.40106359574822,264.19347972691
17.1000000000001,1126.40482318587,33.87795673898,-1.39677081457902,264.438474670026
17.2,1126.26639157527,34.5923306406877,-1.39248614850658,264.179325519284
17.3000000000002,1126.12561960997,33.8975834002679,-1.38814671760055,264.268254305566
17.4000000000001,1125.98354959928,34.1875258378304,-1.38392449599459,264.70349906441
17.5,1125.85071534001,35.0671041881198,-1.37955971830001,263.888741751766
17.6000000000001,1125.70991719264,33.6099015426669,-1.37525608117453,264.476574376755
17.7,1125.57393362609,35.0688863746681,-1.37095360877347,263.954051327202
18.2,1124.89535900898,34.5143229946405,-1.349397064002,264.199777249797
18.3000000000002,1124.75849935474,34.2342888052892,-1.34509614130257,265.846606020339
18.4000000000001,1124.6258636266,34.3792275477174,-1.34075427421862,265.483886638386
18.6000000000001,1124.3573430926,34.1578243810736,-1.33211683372558,265.713189154031
18.7,1124.22025895833,34.7454172618117,-1.32781892889298,264.111016461066
18.8000000000002,1124.09075228053,34.0353352394725,-1.32349958282296,264.812768082053
18.9000000000001,1123.95780514995,32.9211506274492,-1.31914692882756,264.588481263538
19,1123.82711111756,35.1695769581639,-1.31485510114918,265.869429484542
19.1000000000001,1123.698411703,35.0356654158284,-1.31054267538357,265.589103556764
19.2,1123.56478665414,34.295950179822,-1.30617788167818,265.864077745942
19.3000000000002,1123.43568883295,35.1073191838842,-1.30187305079957,265.590313864401
19.5,1123.17511236177,34.7037986153692,-1.29317684737373,266.157686933899
19.6000000000001,1123.04779971792,34.5940491927599,-1.28888224093287,264.856890586403
19.9000000000001,1122.66268262916,34.5329540035926,-1.27584079025181,265.843163303617
20,1122.53597405766,34.2632083523217,-1.27149416543257,266.180443152087
20.2,1122.28450452936,34.1722979640132,-1.26280127511814,265.915762258231
20.3000000000002,1122.15812823115,34.6501668339849,-1.25847372191352,265.615544203723
20.4000000000001,1122.0282680865,34.6554481923041,-1.25413363998509,265.731160345499
20.5,1121.90615784515,34.1796159585349,-1.24980274989924,265.43098480306
20.6000000000001,1121.77883455977,35.0436687909102,-1.24543624887028,264.947384889221
20.7,1121.65552095447,33.6276932119364,-1.24109448488228,265.370424856007
20.8000000000002,1121.53128397407,34.4973618001355,-1.23671635371652,265.705682878549
20.9000000000001,1121.40871868715,34.7480197983329,-1.23234142103759,265.738371103892
21,1121.28575774313,34.264490426977,-1.22801407893926,266.965816900109
21.1000000000001,1121.15991063655,34.1451508587243,-1.2236412223626,266.229732416376
21.2,1121.03996777387,35.4562911912311,-1.21926563796304,266.051927346921
21.3000000000002,1120.91530275089,35.7068615808626,-1.2149299154122,265.823154812655
21.4000000000001,1120.79851899159,34.5572172456159,-1.21059629943101,266.019553315566
21.5,1120.67511584908,35.1332940914071,-1.20620585785707,266.496344681472
21.6000000000001,1120.55535558156,34.3049662623662,-1.20184519379137,266.623645862317
21.7,1120.43412697603,34.5496734874641,-1.19745969769337,266.615327287097
21.8000000000002,1120.31756876277,34.3611127484744,-1.19312461858402,265.988442836372
21.9000000000001,1120.19771885536,34.1054664022966,-1.18876544459514,266.308106655961
22,1120.07819281241,34.3342320077975,-1.18436261101563,266.113990171684
22.1000000000001,1119.95976888756,35.0792319469392,-1.18000254495171,267.548207002108
22.2,1119.84429535371,34.3222582594937,-1.17562769983977,266.743671379782
22.3000000000002,1119.72116465148,34.436976643127,-1.17127866871135,265.735199859307
22.5,1119.49052426901,33.8005427397405,-1.16249018428263,267.05476140636
22.6000000000001,1119.37702314981,35.9969644930106,-1.15813062015909,266.201453888788
22.7,1119.25685552843,34.2779230525296,-1.15377530074674,266.875049749554
22.8000000000002,1119.14762135281,34.1187296903565,-1.14936671169644,266.400923695437
22.9000000000001,1119.0319300718,34.4787766264443,-1.14501032215313,266.175927609487
23.2,1118.68905654884,34.4658353312791,-1.13183831799068,266.495745634461
23.5,1118.35120276943,34.7313169015042,-1.11867380495145,266.978845470853
23.7,1118.12745006655,35.4073425179162,-1.10987999103763,267.475028069638
23.8000000000002,1118.01808907361,34.5052315040817,-1.10550607312386,267.64127982258
23.9000000000001,1117.9057430898,34.5582720388694,-1.10113038415399,266.891470514842
24.4000000000001,1117.35794209332,35.8485236339777,-1.07910646783873,268.301693704075
24.6000000000001,1117.14896978047,34.4487348329924,-1.07028775642329,268.591525517388
24.8000000000002,1116.93435667556,35.5802153983084,-1.06147107542017,268.372788319451
24.9000000000001,1116.82993249968,34.9261702926568,-1.05705105620561,267.220377612452
25,1116.72600369764,34.4399929596526,-1.05262659670416,267.557470864004
25.1000000000001,1116.61727455888,34.4390596102856,-1.04823962565505,268.760780176671
25.3000000000002,1116.4066304716,34.6688327729522,-1.03942159401382,267.647305038769
25.4000000000001,1116.30467474679,33.8995257455922,-1.03501004775284,267.411991570915
25.5,1116.20154606386,34.1327432958973,-1.03058446301109,268.324696776074
25.6000000000001,1116.09847336145,34.2195153972702,-1.02620427883592,268.558186920532
25.7,1115.997279334,34.692970421803,-1.02173202883065,268.074312387076
25.8000000000002,1115.89509176841,35.1700162954608,-1.01732549847179,268.025204016442
25.9000000000001,1115.79435793377,35.4695733205969,-1.01289877069047,267.253704941715
26,1115.69264489137,35.0354844298391,-1.00848816200829,268.071650668455
26.1000000000001,1115.59327216321,35.0111958670639,-1.0040705492131,268.738031848843
26.2,1115.49122138237,34.3367726244678,-0.999643369720771,267.548902733609
26.3000000000002,1115.39038477941,34.9682158441695,-0.995210174078379,268.269993826972
26.4000000000001,1115.29247532914,35.6059333465401,-0.990776422043361,269.128355560791
26.5,1115.19551366903,34.3577310632426,-0.986361892990405,267.544763879958
26.7,1114.99462164233,34.6074984422987,-0.97750599036285,269.888447568002
26.8000000000002,1114.90039461637,34.713544290188,-0.973077948796746,269.034792384576
26.9000000000001,1114.80164241388,35.8301843296296,-0.968652452181788,268.907146018129
27.2,1114.51834500735,35.0594433376497,-0.955336529993478,267.690714224613
27.3000000000002,1114.41816144933,36.0924818701336,-0.9509153709014,267.871594230293
27.5,1114.22971245953,35.4725671286412,-0.942020785681667,268.960009304814
27.6000000000001,1114.13265516235,35.0446657670067,-0.937564843216941,269.453253954353
27.7,1114.04251204144,35.6059131171379,-0.933106788547947,269.899976376048
27.9000000000001,1113.85527077326,35.2384854121529,-0.924236130750507,269.485064630016
28,1113.76490060369,34.9739927010453,-0.919775650876111,270.163840293051
28.1000000000001,1113.67230436081,34.7226811995206,-0.915349798122944,270.026990385463
28.2,1113.5793405145,34.4553924946194,-0.910911976331854,270.376107337004
28.3000000000002,1113.49061681796,34.9281320309285,-0.90644360236617,269.587980173189
28.4000000000001,1113.39937203249,35.5259965247158,-0.902013909135662,268.623249769873
28.6000000000001,1113.22025792985,34.9491480821727,-0.893116613383268,268.654218900924
28.7,1113.13076110255,35.1161804222491,-0.888609266869812,269.646632433323
28.8000000000002,1113.04411360233,35.802114356849,-0.884196661018216,269.448023177025
28.9000000000001,1112.95427269128,35.610857731251,-0.879716034406152,269.542717632397
29,1112.8648775859,33.3856848155088,-0.875254151019834,268.971728026989
29.2,1112.68899300852,35.6247586306693,-0.866346499546486,269.918535570159
29.3000000000002,1112.60519476533,34.9442994199289,-0.86189991516801,269.713437621066
29.4000000000001,1112.51959654139,34.7325611905057,-0.857410978003829,270.309450188328
29.5,1112.43570790183,35.7085572384883,-0.852997073077784,270.377266203636
29.6000000000001,1112.3515063111,35.4899058178194,-0.848484189900999,270.196233598821
29.8000000000002,1112.17977660898,34.9064669304626,-0.839604397783869,270.198524599079
29.9000000000001,1112.09703110787,34.7752639450978,-0.835109311188642,270.254966213947
30,1112.01239982905,34.9978296373023,-0.830651343004153,270.275382992614
30.1000000000001,1111.92927779588,34.9940348436318,-0.826186024746731,270.215031816964
30.2,1111.8477559987,34.3803570611847,-0.821734375736919,271.554249979774
30.3000000000002,1111.7679938402,33.9675813407738,-0.817254382112467,270.894950779321
30.5,1111.60535780136,35.3899195507413,-0.808312053951359,270.231224393933
30.6000000000001,1111.51981397298,34.6601946959311,-0.803832358598773,270.490607614278
30.7,1111.44091611924,34.8151996106368,-0.799375678802843,269.880741070016
30.8000000000002,1111.36230838171,35.4136608871507,-0.794871131355893,270.361760444795
30.9000000000001,1111.28328591349,35.4913491155323,-0.790401834834312,271.041696199037
31.3000000000002,1110.96730544726,34.5440464619953,-0.772510314774177,270.922750131062
31.4000000000001,1110.89219335452,34.7006866960026,-0.767994928900268,270.602002972983
31.5,1110.81665756793,35.5272180675687,-0.763520895222767,270.290248234071
31.6000000000001,1110.74543397787,35.0009515875772,-0.759062118305839,271.118506458962
31.7,1110.66594619026,34.5649137305717,-0.754550832280253,270.857063356379
31.8000000000002,1110.58947703778,35.1641755599437,-0.750069252986036,271.044575763659
31.9000000000001,1110.51754928853,34.7903947273763,-0.745602719355701,270.871033021069
32.1000000000001,1110.36438937245,34.8865892465559,-0.736647417900165,271.503325912603
32.2,1110.28850290382,34.8253863431506,-0.732136052413821,270.997387148213
32.3000000000002,1110.22098257203,35.0108550406197,-0.727647673783672,270.53638934791
32.4000000000001,1110.14616033809,35.0737565977509,-0.723187815907385,271.386447452198
32.5,1110.07645030912,34.7590708428063,-0.718683282708152,270.99944059401
32.7,1109.9355759844,34.74590769644,-0.709714088542361,272.367123683039
32.8000000000002,1109.86129937996,36.0968011690977,-0.705186694803076,270.978337029915
32.9000000000001,1109.79362930668,35.4722974375227,-0.700685180506375,271.755093234217
33,1109.71952356273,34.5600720717348,-0.69621351297507,271.336789502132
33.1000000000001,1109.65381215631,35.3937801814732,-0.691755913350571,271.508338520123
33.3000000000002,1109.51544886429,35.2357214190677,-0.682688783266828,271.446870307073
33.4000000000001,1109.45060635214,35.3115114953163,-0.678196188280641,272.507746695685
33.5,1109.38258426895,34.9190295142287,-0.673705667335737,271.773590557257
33.6000000000001,1109.31462285341,34.4055972219315,-0.669218589334893,272.092899880257
33.7,1109.24878051332,34.8817700952012,-0.664709094165874,271.753961440874
33.8000000000002,1109.1807856468,35.5868938141545,-0.660213160560632,271.885765499136
33.9000000000001,1109.11406385733,35.1307525505161,-0.655739995129812,272.387669795524
34,1109.04975596107,34.9680362689528,-0.651194784306093,272.110561848029
34.1000000000001,1108.98493848165,34.9634686027057,-0.646695648261068,272.638753877637
34.2,1108.91952482807,34.6271161172333,-0.642206652996178,271.80481756048
34.3000000000002,1108.85487547066,35.2090390691796,-0.637662684454225,272.394081828414
34.4000000000001,1108.79220737514,35.2967250254792,-0.633213551276156,272.580163558222
34.6000000000001,1108.6681000414,35.8313938426154,-0.624173150016272,272.322072245723
34.8000000000002,1108.54367808632,36.4914653221499,-0.615154016613216,272.941918001678
34.9000000000001,1108.4837623964,35.2808750005782,-0.610666314687148,272.7241414885
35,1108.41613499394,35.1831237808441,-0.606138532873588,272.242559937747
35.1000000000001,1108.35900520007,34.8421279896115,-0.601622524964715,273.103580373307
35.3000000000002,1108.24239256372,35.2924395030895,-0.592620593521777,272.760256831352
35.6000000000001,1108.0647823371,35.2698543748954,-0.579072281389386,273.906300900008
35.7,1108.00897384506,35.0332760250557,-0.574557389273624,272.555083923902
35.8000000000002,1107.95195752392,35.586470839031,-0.570041901051205,273.422432578343
36,1107.83959926804,34.6195637682311,-0.560978229787516,273.170105933206
36.1000000000001,1107.78066519489,35.1967845031277,-0.556461427034554,274.292548258942
36.2,1107.72613710902,36.5054842410699,-0.551974279727136,272.340556635355
36.3000000000002,1107.6707787038,35.0463562708486,-0.547413440425825,273.08595845417
36.6000000000001,1107.51029589143,35.5711937156244,-0.533841712991631,273.384721601315
37,1107.29618790101,35.0302694729759,-0.515773781339308,274.230551110523
37.1000000000001,1107.2467205527,34.8424615697513,-0.511241290664546,272.735225654291
37.2,1107.19913402134,35.9941152851742,-0.506717092882823,273.845266952873
37.3000000000002,1107.14280436359,35.9275997155919,-0.502213340777837,273.213934679429
37.4000000000001,1107.09418214284,35.7306582891584,-0.4976663385895,272.878772841555
37.7,1106.94902379955,35.738598933391,-0.484079190618853,273.388336198817
37.8000000000002,1106.9014406292,35.088093150027,-0.479531352089701,274.312474000871
37.9000000000001,1106.84938800395,35.503913047048,-0.474968860308799,274.592965292745
38,1106.8068343793,36.3815410216786,-0.470476320070868,274.067015459928
38.2,1106.71416836732,35.9372546473916,-0.461430663557294,273.975419044387
38.3000000000002,1106.66384201704,34.6364214050839,-0.456883206130189,273.525888967502
38.4000000000001,1106.61984939204,35.488632455998,-0.452357991926043,273.787791123727
38.7,1106.48958413667,35.2309410809116,-0.438746592608361,274.134275395345
38.9000000000001,1106.40082199674,35.2423012906265,-0.429633294963119,274.200581381457
39,1106.35936605425,35.3584062071096,-0.425143709809234,274.806285401588
39.1000000000001,1106.31580898772,34.7679566143669,-0.420607591963042,274.262967708436
39.2,1106.27566804996,35.1723117149445,-0.416060260475711,273.797260103092
39.4000000000001,1106.19646979661,35.1911311144036,-0.406989657849338,274.981100952737
39.5,1106.15279523417,35.446781199219,-0.402442466544374,275.198894449408
39.7,1106.07382174774,35.7515642827323,-0.393348171531155,275.220509603275
39.8000000000002,1106.03054393749,35.232498415569,-0.388814125254917,274.259865394032
40,1105.95559200772,35.2955680822366,-0.379724824590593,274.318396933964
40.2,1105.88116462787,34.6875663302282,-0.370642727995442,275.129222614941
40.3000000000002,1105.84263926685,35.2550509871175,-0.36610066388954,275.335691766002
40.4000000000001,1105.80821803512,35.5148439645238,-0.361563080589433,275.261588767971
40.5,1105.77238710614,34.9410702810291,-0.357026428167252,274.651666576335
40.6000000000001,1105.73394491471,35.3706100526984,-0.352496195620171,274.90037887183
40.8000000000002,1105.66484290959,34.8260584822464,-0.343416519615461,274.693579950645
41,1105.59795217994,34.5717446173413,-0.33425874169205,275.730917071277
41.1000000000001,1105.56592270074,35.1708616082735,-0.329766513720769,275.602122345794
41.2,1105.5346145682,33.6145465693683,-0.325181365038212,274.80315966768
41.4000000000001,1105.46748277348,34.6977824275578,-0.316145771021809,275.264358198089
41.5,1105.44021708951,34.467805985337,-0.311577811476585,275.609289470479
41.6000000000001,1105.40437472139,35.0957342122152,-0.307040206447372,275.334459048604
41.7,1105.37553287413,34.6413445098699,-0.302461381451797,276.095702308482
41.9000000000001,1105.31574944959,36.517794950747,-0.293370851798287,276.074075849421
42,1105.28701358031,34.835874801604,-0.288802394821704,276.160938466004
42.1000000000001,1105.25774019457,35.6991550488011,-0.28428163769384,276.152632633287
42.2,1105.23157907899,35.5609119795585,-0.279709426675685,276.217555861907
42.3000000000002,1105.20315730429,35.5163956413572,-0.27518440986534,276.678657704654
42.4000000000001,1105.17373887679,35.1974872011976,-0.270599853598787,275.839989341567
42.6000000000001,1105.12190982686,34.1210079539205,-0.261500488602885,276.001151327873
42.7,1105.09442123146,35.8918634867508,-0.256981158611272,275.961685885333
42.8000000000002,1105.06808217318,36.0735241938662,-0.252401643277914,276.075641777875
43,1105.01831955661,35.0527367590842,-0.243345093078435,276.144100264834
43.2,1104.9732312329,35.7627887767357,-0.234183771106989,276.68552440976
43.4000000000001,1104.92633988159,35.1969902168423,-0.225102245170924,275.699160787565
43.5,1104.90447079035,35.0719375174848,-0.220533247489676,276.269186019663
43.6000000000001,1104.88670540942,35.2563949601068,-0.215979502710237,277.115911850406
43.7,1104.86040178246,35.1381129305655,-0.211434103395986,276.82702694157
43.8000000000002,1104.83756861137,35.9214052793436,-0.206873728391877,276.39740792485
44.2,1104.76544648034,35.0959419406137,-0.188638675473038,277.603648642115
44.3000000000002,1104.74522810825,35.0673705041191,-0.184077361742659,276.887424914422
44.5,1104.70571367037,35.0546706490853,-0.174965925051401,277.436811100837
44.6000000000001,1104.68690237107,36.1276311728275,-0.170412285583205,276.132403065787
44.8000000000002,1104.65355393801,35.8902073629082,-0.161297312717939,277.259685223415
44.9000000000001,1104.64060918755,35.2706946854735,-0.156751560814357,277.736704323036
45,1104.62363433676,34.8735255172912,-0.152177965535975,278.238054024015
45.1000000000001,1104.61033376002,35.1145523084844,-0.147628226437941,277.340246143535
45.3000000000002,1104.58231180382,36.4203670343419,-0.138485276278579,277.75627566164
45.4000000000001,1104.56578662955,35.0902633521397,-0.133980477079278,276.010923790519
45.5,1104.55868005897,34.9354960885384,-0.129363257788822,277.757972967341
45.8000000000002,1104.51690474759,35.6006969992228,-0.11573661675265,277.063270806578
45.9000000000001,1104.50909533704,36.0817770345239,-0.111139032357551,277.107990828083
46,1104.49823954309,35.1121277207769,-0.106596260554362,277.938060622557
46.1000000000001,1104.48276831132,34.4819754223089,-0.102026987369965,278.059650799024
46.2,1104.47684138632,35.5945424953742,-0.0974616109036318,279.120215157889
46.3000000000002,1104.46715769903,36.5938920040834,-0.0928797266302734,277.806779839097
46.4000000000001,1104.45871781309,35.5484149348689,-0.0883040991253951,277.022898930176
46.6000000000001,1104.43935845122,35.4280961821882,-0.0792191534781449,277.839232435124
46.7,1104.4316568969,36.1937265083618,-0.0746460824151261,278.067986761227
46.8000000000002,1104.42462679857,35.4845162562799,-0.0700855377941138,278.606628412347
46.9000000000001,1104.41852661825,35.3513301905937,-0.0655300408873748,278.27057760653
47,1104.41197198823,34.8367864952507,-0.0609585918416718,278.461144487515
47.1000000000001,1104.40794838604,35.8611639546092,-0.0564267470960189,277.988082377315
47.2,1104.40040454484,35.6808266738214,-0.0518515009663947,278.067525592805
47.3000000000002,1104.39338095427,35.4956842561559,-0.0472954207322569,278.117234091853
47.4000000000001,1104.39193196729,35.3817717706586,-0.0427733032117942,278.116204050027
47.5,1104.38777308686,34.8056459460517,-0.0381834578782081,279.102237642779
47.7,1104.38091891384,35.7811275374264,-0.0290608203621798,278.543461679944
47.8000000000002,1104.37446643371,35.619933398158,-0.02451930295182,279.193215087301
48,1104.37358631185,35.3236459859615,-0.0153734462569705,278.484213057342
48.2,1104.36918109167,35.8421146300614,-0.00624625941060142,278.377971338169
48.3000000000002,1104.37066129379,35.2409413277415,-0.00167428516210819,277.902401168678
48.6000000000001,1104.37461248732,35.0794506203039,0.0120196661289138,277.927748034572
48.7,1104.37622001154,35.0573183949195,0.0165708101200332,278.896135504318
48.8000000000002,1104.37480161971,35.706888590816,0.0211366715570333,279.610217374483
49,1104.38033010444,35.6023671790389,0.0302294843436034,279.089222761369
49.1000000000001,1104.38502495347,35.0786232813551,0.0348189450766087,279.430199919076
49.4000000000001,1104.39817425125,35.7749543951176,0.0484832476366568,279.032373918545
49.5,1104.40097652834,35.0737809197074,0.0530636349571839,279.694838732354
49.6000000000001,1104.40996410762,35.6602290870751,0.0576043873266292,279.373968542929
49.7,1104.41306254132,35.8116408744957,0.0621422410445858,279.535525954009
49.8000000000002,1104.41805598331,35.7592138815984,0.0667665219649637,280.66893973143
50,1104.43267349839,34.5425438839,0.0758628071841561,280.401003829741
50.2,1104.44975651989,35.4932108900382,0.0849881649542378,279.70701846582
50.4000000000001,1104.47070623746,35.5477346731773,0.0941063474107476,278.821678891009
50.5,1104.47581666752,36.1321726375593,0.0986364043853784,278.723187759702
50.6000000000001,1104.48772529791,34.677639729335,0.103224470525459,279.712939359274
50.8000000000002,1104.5097603421,35.5592979046303,0.112339905986451,281.363147114914
50.9000000000001,1104.52047728963,34.6809112135818,0.116906075072123,279.800949501876
51.1000000000001,1104.54748428524,35.9755583939718,0.126026646249494,280.364723636928
51.2,1104.5605840381,35.3314987747079,0.130603837649784,280.823407554803
51.5,1104.60096770406,35.4554409564474,0.144275917054728,280.535276256854
51.6000000000001,1104.61275218043,35.1964996343329,0.148787550627582,280.620929385578
51.7,1104.63068293977,34.6099913751217,0.153419530998101,281.278968014627
51.9000000000001,1104.66285009767,34.052385152434,0.162474853944945,280.44513946656
52,1104.67695934601,34.7200896026682,0.16704717004334,280.38621524086
52.1000000000001,1104.69176655203,34.5237666196187,0.171595252699572,280.542883402521
52.2,1104.70838200652,36.6687176801266,0.176150901127917,280.328251652138
52.4000000000001,1104.74470117397,35.7243617874677,0.185259328198598,281.251383269323
52.5,1104.76544300184,34.6282180351383,0.189814754889672,281.031553679489
52.6000000000001,1104.78450193467,35.3732386680869,0.194410339578901,280.180180466878
52.7,1104.80521044356,33.9674455135765,0.199018022367657,282.50037809781
52.8000000000002,1104.823721251,35.453153832891,0.203483101123054,281.0138780435
52.9000000000001,1104.84665514259,35.2875428726289,0.208037303901824,280.18835520713
53,1104.86796142686,35.8054244775455,0.212611727603924,280.517528190604
53.1000000000001,1104.88694594708,35.82410708587,0.217194198528551,280.95469504296
53.2,1104.91273765988,35.3034006791269,0.221719341262486,281.030708288248
53.3000000000002,1104.93185921399,35.3742256955707,0.226275950489349,281.12246470433
53.4000000000001,1104.9560514691,35.4406457495103,0.230823377088548,281.458304542664
53.5,1104.97988172425,36.0589627202325,0.235409173014646,280.851586908446
53.6000000000001,1105.00208315959,35.2723803847636,0.239935842147087,282.04006684077
54,1105.10390808162,36.0489042040053,0.258149684530339,281.901030052797
54.1000000000001,1105.1302330927,34.7753811970578,0.262723962003726,281.491066280752
54.2,1105.15529988456,35.2963331993782,0.267272465706079,282.640550514941
54.4000000000001,1105.20856136697,34.993584598337,0.276344883774073,281.155154033572
54.5,1105.23592061812,35.9926722070318,0.280868097675611,280.978102539711
54.6000000000001,1105.26520533123,34.9385194858307,0.28548385585999,281.824815764187
54.7,1105.29374976374,35.0872895536847,0.289999979297537,282.314770465803
54.8000000000002,1105.32371702164,34.6477243733396,0.294568782441867,282.460399977751
54.9000000000001,1105.35433586035,35.8496774419227,0.299108968065123,281.768153300653
55,1105.38243971289,35.4096909807276,0.303655243286258,282.09528177799
55.1000000000001,1105.41333796017,35.3463089440465,0.30819902464856,283.022166996619
55.2,1105.44876873921,35.7938321037336,0.312761806052498,281.02306356859
55.4000000000001,1105.50569164305,34.9173146157241,0.321857377607356,282.546339852077
55.7,1105.60817313139,35.3745045847098,0.335509007321649,282.670776097223
56.1000000000001,1105.74211766233,34.8975974439175,0.353678920591226,282.774730914793
56.2,1105.78141752239,35.7724190624702,0.358246402784202,282.827479355373
56.3000000000002,1105.8170600099,36.0579934002739,0.362774789491067,283.002331494448
56.4000000000001,1105.85282782663,35.1204663038412,0.367309869294487,282.391224489741
