   5      1145.7936      258.98875      33.428006     -1.9044841      29.896084
 5.1      1145.6029      259.12737      33.396971     -1.9004074      30.117459
 5.2      1145.4138      259.20737      33.424013     -1.8963257      29.616156
 5.3      1145.2242      259.10634      33.432993     -1.8922482      30.010553
 5.4       1145.035      259.22299      33.425362      -1.888169      30.041788
 5.5      1144.8466      259.21055      33.473977     -1.8840811      30.174769
 5.6      1144.6587      259.33889      33.589758     -1.8799967      29.785186
 5.7      1144.4706      259.18993      33.554748     -1.8759078      29.602202
 5.8      1144.2834      259.34345      33.494239     -1.8718178       29.97674
 5.9      1144.0958      259.43465      33.458655     -1.8677225      30.122723
   6      1143.9097      259.40479      33.532866     -1.8636341      30.359044
 6.1      1143.7235      259.47241      33.472679     -1.8595358      29.713292
 6.2      1143.5375      259.52696      33.502373     -1.8554374      29.767152
 6.3      1143.3521      259.46325      33.611873      -1.851337       30.02153
 6.4      1143.1674      259.49319      33.499524     -1.8472345      30.227011
 6.5       1142.983      259.66912       33.56795     -1.8431287      30.085684
 6.6      1142.7986      259.59498        33.6741     -1.8390268       29.53876
 6.7      1142.6153      259.71101      33.568835     -1.8349145      30.167332
 6.8      1142.4317      259.76456      33.583374     -1.8308064      30.009406
 6.9      1142.2492      259.89387      33.493294     -1.8266905      29.739367
   7      1142.0664      259.82891      33.644099     -1.8225779      30.237387
 7.1      1141.8845      259.97957      33.474854     -1.8184621      30.029149
 7.2      1141.7027       259.9813      33.609905     -1.8143386      30.011828
 7.3      1141.5219      259.94632      33.661251     -1.8102188      29.995277
 7.4       1141.341      260.11041      33.608945     -1.8060995      30.040707
 7.5      1141.1606       260.0766      33.614952     -1.8019751        30.2837
 7.6      1140.9801      260.05284      33.598857      -1.797848      30.187324
 7.7      1140.8008      260.18156      33.611557     -1.7937209      30.060906
 7.8      1140.6216      260.16196      33.729902      -1.789589      30.235836
 7.9      1140.4431        260.237      33.688849     -1.7854565      29.912098
   8      1140.2646      260.29353      33.620027      -1.781324      30.174673
 8.1      1140.0864       260.2548      33.679521     -1.7771872      29.947647
 8.2       1139.909      260.32314      33.622365     -1.7730497      29.994622
 8.3      1139.7319      260.44309      33.776386     -1.7689108      29.888511
 8.4      1139.5554       260.5427      33.686535     -1.7647683      29.760821
 8.5      1139.3789      260.56959      33.731498     -1.7606256      30.248086
 8.6      1139.2031       260.5138       33.71919     -1.7564769      30.371833
 8.7      1139.0277      260.68022       33.66434     -1.7523306      29.903522
 8.8      1138.8527      260.55868       33.72049     -1.7481807       30.15422
 8.9      1138.6781       260.6819      33.805761     -1.7440289      29.997991
   9       1138.504      260.72385      33.676182     -1.7398795      29.963248
 9.1      1138.3304      260.68197      33.757312     -1.7357177      29.669302
 9.2      1138.1567      260.74336      33.816677     -1.7315638      30.063342
 9.3      1137.9835      260.89709      33.731925     -1.7273997      30.170419
 9.4       1137.811      260.85328      33.753577     -1.7232405      29.736642
 9.5       1137.639      260.91828      33.756086     -1.7190774      30.193435
 9.6      1137.4678      260.97658      33.760609      -1.714911      29.908828
 9.7      1137.2962      260.90359      33.827641     -1.7107475      29.772275
 9.8      1137.1253      261.07473      33.884419     -1.7065776      29.910477
 9.9      1136.9543      261.03193      33.864702     -1.7024101      30.121557
  10       1136.785      261.26455      33.844527     -1.6982312      29.955292
10.1      1136.6152      261.10207        33.7759     -1.6940594      29.942318
10.2      1136.4461      261.22811      33.892725     -1.6898815      29.865241
10.3      1136.2775      261.31681       33.88867     -1.6857017      29.820161
10.4      1136.1086      261.28508      33.847841     -1.6815245      30.094066
10.5      1135.9412      261.41322      33.827641     -1.6773402      29.974328
10.6      1135.7731      261.51888      33.815635     -1.6731563      30.120568
10.7      1135.6062      261.56838      33.839991     -1.6689716       29.74981
10.8      1135.4398      261.57202      33.833177     -1.6647872      30.251407
10.9      1135.2733      261.50948      33.874182     -1.6605951      30.317393
  11      1135.1072      261.57769      33.910539     -1.6564019      29.710338
11.1      1134.9423       261.6487      33.772078     -1.6522095      30.234293
11.2      1134.7773      261.67291      33.982663     -1.6480152       30.21837
11.3      1134.6123       261.7918      33.914374     -1.6438161       29.50773
11.4       1134.448      261.62637      33.838949     -1.6396174      29.957775
11.5      1134.2844      261.82203      33.904057     -1.6354174      30.535739
11.6      1134.1212      261.87068      33.995243     -1.6312131      30.166671
11.7      1133.9585      261.93064      33.969537     -1.6270086      29.935736
11.8      1133.7957      261.94939      33.987829     -1.6228033        29.9565
11.9      1133.6337      261.90991      33.860289     -1.6185961       30.04634
  12      1133.4721      261.92866      33.982661     -1.6143881      29.648071
12.1      1133.3108      262.16862       33.97967     -1.6101729      30.058288
12.2      1133.1502      262.06714      33.891798     -1.6059633       30.12768
12.3      1132.9893        262.197      34.007438     -1.6017486      30.073706
12.4      1132.8295      262.15223      33.887089     -1.5975254      29.901189
12.5      1132.6701      262.20985      33.951906     -1.5933111       29.91061
12.6      1132.5111      262.27877      34.021015     -1.5890907      30.003912
12.7      1132.3524      262.30321      33.984962     -1.5848691      29.648518
12.8      1132.1942      262.37167       34.01908     -1.5806434      30.049902
12.9       1132.036      262.42494      33.997953       -1.57642      30.165967
  13      1131.8785      262.41121      33.957803     -1.5721895      30.023453
13.1      1131.7219      262.50695      34.048479     -1.5679602      29.485205
13.2      1131.5654      262.53099      33.904777     -1.5637292      29.523626
13.3      1131.4092      262.71895      34.054678     -1.5594963      29.887057
13.4      1131.2532      262.72567      34.093082     -1.5552605       30.14541
13.5      1131.0981      262.64701      34.083669     -1.5510234      30.375974
13.6      1130.9431      262.67722      34.139848     -1.5467878      29.819551
13.7      1130.7885      262.64178      34.094048     -1.5425451      29.974987
13.8      1130.6344       262.8416      34.184989     -1.5383008      29.925085
13.9       1130.481      262.93255      34.065747     -1.5340574      30.159935
  14      1130.3277      262.84973       34.15373     -1.5298137      30.144967
14.1      1130.1753      262.90532      34.075656     -1.5255634      30.034369
14.2      1130.0228      263.01607      34.117878     -1.5213161      30.095433
14.3      1129.8709      263.00848      34.174211     -1.5170692      29.961033
14.4      1129.7191      263.16322      34.157643     -1.5128131       30.20229
14.5      1129.5682      263.14519       34.19975     -1.5085626      29.939463
14.6      1129.4177      263.25167      34.160883     -1.5043019      30.196214
14.7      1129.2672      263.08909       34.18404     -1.5000474      30.074756
14.8      1129.1177      263.27974      34.218195     -1.4957905      30.492642
14.9      1128.9683      263.35821      34.010826     -1.4915276      29.885679
  15      1128.8191       263.3089      34.117311     -1.4872631      29.704013
15.1      1128.6706      263.36848      34.201049     -1.4829976      29.679948
15.2      1128.5225      263.45115      34.081322     -1.4787336      29.751849
15.3      1128.3752      263.41122      34.121844     -1.4744666      30.119115
15.4      1128.2277      263.58781       34.14804     -1.4701977      29.872924
15.5      1128.0808      263.58485      34.215961     -1.4659302      29.474961
15.6      1127.9342      263.62842      34.279536     -1.4616531      29.818431
15.7      1127.7887      263.73543      34.176269     -1.4573799      30.163227
15.8      1127.6429      263.65596       34.15164     -1.4531004      29.889236
15.9      1127.4979      263.69524      34.192742     -1.4488253      29.978945
  16      1127.3532      263.76819      34.164129     -1.4445439      29.956568
16.1      1127.2092      263.86362      34.287575     -1.4402671      29.967321
16.2      1127.0653      263.87828      34.275305     -1.4359803       30.00284
16.3      1126.9221      263.98553      34.308424      -1.431696      30.146779
16.4      1126.7789      264.04649      34.192421     -1.4274138      29.588642
16.5      1126.6362      263.97652      34.355622      -1.423122      29.881667
16.6      1126.4946      264.04328      34.281182     -1.4188335      29.857352
16.7      1126.3525      264.04561      34.312815     -1.4145423      29.693725
16.8      1126.2111      264.13631      34.272649     -1.4102501      30.166997
16.9      1126.0707      264.17927      34.291997     -1.4059551      29.725116
  17      1125.9302      264.19326      34.213849     -1.4016589       30.22011
17.1      1125.7903      264.19408      34.384506     -1.3973622      30.044239
17.2      1125.6505      264.32489      34.313836     -1.3930581      29.886991
17.3      1125.5111      264.34529      34.326829     -1.3887631      29.921748
17.4      1125.3731      264.39773      34.271887     -1.3844593      30.047571
17.5      1125.2347      264.49241      34.301255     -1.3801569       29.75855
17.6       1125.097      264.51953      34.367378      -1.375847      29.808688
17.7      1124.9597      264.47963      34.457373     -1.3715387      30.060329
17.8      1124.8227      264.68774      34.275563     -1.3672318      30.228541
17.9       1124.686      264.53055      34.367985     -1.3629219      30.117096
  18        1124.55      264.63868      34.379531     -1.3586106      30.063007
18.1      1124.4144      264.76373      34.445058     -1.3542957      29.987028
18.2      1124.2794      264.72042       34.33478     -1.3499819      29.901408
18.3      1124.1443      264.90983      34.316778     -1.3456668      30.042913
18.4      1124.0105      264.79159      34.341322     -1.3413462      29.963527
18.5      1123.8761      264.85878      34.586426     -1.3370251      30.154766
18.6      1123.7428      264.91794      34.319315     -1.3327079      29.986024
18.7      1123.6096      265.11301      34.430235      -1.328383       29.74578
18.8       1123.477      265.12867      34.459792     -1.3240595      29.982322
18.9      1123.3447      265.04201      34.470904      -1.319731      30.073035
  19       1123.213      265.12379      34.424267      -1.315403       30.27327
19.1      1123.0816      265.14929      34.398678     -1.3110764      30.068193
19.2      1122.9507      265.20126      34.457877     -1.3067412      29.814924
19.3      1122.8207      265.28919      34.539966     -1.3024155      29.472374
19.4      1122.6902       265.3675      34.545193     -1.2980806      29.940827
19.5      1122.5609       265.3675      34.546868     -1.2937435      30.216117
19.6      1122.4316        265.405      34.444529     -1.2894071      29.814135
19.7      1122.3029      265.37367      34.442948     -1.2850727      29.909689
19.8      1122.1744      265.43764      34.476965     -1.2807287       29.95068
19.9      1122.0468      265.52491      34.424858      -1.276389      29.756912
  20      1121.9192      265.59601      34.538605     -1.2720454      30.198919
20.1      1121.7922      265.61969      34.378103     -1.2677017      30.015276
20.2      1121.6658      265.71644      34.567858     -1.2633566      29.905324
20.3      1121.5396       265.7284      34.499937     -1.2590095      30.266515
20.4      1121.4141       265.7667      34.512938     -1.2546615      29.858215
20.5      1121.2889      265.83666      34.508311     -1.2503088      30.071818
20.6       1121.164      265.89847      34.507774     -1.2459574      30.125492
20.7      1121.0396      265.91755      34.521709     -1.2416045      29.833119
20.8      1120.9159      265.94183      34.503539     -1.2372476      30.055547
20.9      1120.7921      266.06581      34.567598     -1.2328932      29.761329
  21      1120.6689      265.95462      34.565894     -1.2285343      29.979816
21.1      1120.5466      266.12639      34.521583     -1.2241781      30.182961
21.2      1120.4244      266.15096      34.545699     -1.2198191      30.198026
21.3      1120.3027      266.16051      34.603633     -1.2154534      30.231299
21.4      1120.1811      266.18068      34.541368     -1.2110917      30.022998
21.5        1120.06      266.28798      34.453097     -1.2067268      29.696938
21.6      1119.9398      266.33113      34.621827     -1.2023627      29.792093
21.7      1119.8199      266.34062      34.477769     -1.1979953      29.925723
21.8      1119.6997      266.36009      34.588435     -1.1936274      30.206697
21.9      1119.5805      266.41607      34.531778     -1.1892548      29.741959
  22      1119.4624      266.53642      34.587494     -1.1848828      29.804637
22.1      1119.3441      266.56053      34.651839     -1.1805096      29.695759
22.2       1119.226      266.55477      34.688234     -1.1761355       30.07498
22.3      1119.1089      266.61454      34.678044     -1.1717577      30.116912
22.4       1118.992      266.68588      34.645096     -1.1673825      30.209307
22.5      1118.8753      266.75396      34.700818     -1.1630035      29.871708
22.6      1118.7596      266.77256      34.567857     -1.1586215       29.95984
22.7      1118.6435      266.87311      34.736109     -1.1542418       30.36882
22.8      1118.5281        266.846      34.625233     -1.1498556      30.107408
22.9      1118.4134      266.89894      34.540968     -1.1454756      29.928622
  23      1118.2995       266.9975      34.619077     -1.1410904      29.893295
23.1      1118.1853       266.9181      34.748027     -1.1367034       29.95167
23.2       1118.072       267.0373      34.689182      -1.132315      29.708737
23.3      1117.9592      267.08275      34.709748     -1.1279283      30.019235
23.4      1117.8461      267.09779      34.609371     -1.1235363      30.098405
23.5      1117.7343      267.11975      34.615583     -1.1191441       30.02575
23.6      1117.6228      267.35861      34.643532     -1.1147466      30.087195
23.7      1117.5113      267.20451      34.659033     -1.1103557      29.843617
23.8      1117.4007      267.32316      34.678195     -1.1059569      29.671896
23.9      1117.2902      267.34399       34.57803     -1.1015616       30.09572
  24      1117.1802      267.52583      34.727614     -1.0971612      30.187955
24.1      1117.0706      267.50119      34.648841     -1.0927626      29.544167
24.2      1116.9616      267.48418      34.723432     -1.0883564      29.831668
24.3      1116.8527      267.58715       34.70727     -1.0839546      30.066782
24.4      1116.7447      267.61424      34.770663     -1.0795513      30.155181
24.5      1116.6371      267.61853      34.696532     -1.0751452      29.928051
24.6      1116.5297      267.66006      34.707153     -1.0707407      29.854882
24.7      1116.4228      267.79657      34.784901     -1.0663326      30.130766
24.8      1116.3166      267.64141      34.679115     -1.0619251      29.779839
24.9      1116.2109      267.81302      34.773375     -1.0575157      29.813119
  25      1116.1051      267.94105      34.732222     -1.0530956      30.128754
25.1      1115.9996      268.01536      34.748441     -1.0486873      29.662431
25.2      1115.8952      267.97254      34.747093     -1.0442731      29.992632
25.3      1115.7908      268.01127      34.836902      -1.039858      29.974454
25.4      1115.6872      268.02572      34.793512     -1.0354379      29.889409
25.5      1115.5838      268.12265      34.673993      -1.031022      29.864734
25.6       1115.481      268.13892       34.74068     -1.0266024      30.036055
25.7      1115.3786      268.29134      34.707759     -1.0221842      30.053658
25.8      1115.2769      268.21055      34.828012     -1.0177643      29.929285
25.9       1115.175      268.30646      34.776855     -1.0133423      30.184259
  26       1115.074      268.30838      34.913637     -1.0089146      29.887565
26.1      1114.9733      268.35006      34.888053     -1.0044907      29.864045
26.2      1114.8732      268.32395      34.845133     -1.0000635      29.915919
26.3      1114.7732      268.52543       34.81386    -0.99563558      30.172531
26.4      1114.6739      268.50976      34.881736    -0.99120506      29.795974
26.5      1114.5751      268.55254      34.919026    -0.98677332       29.88657
26.6      1114.4768       268.5813      34.888164     -0.9823443      29.955844
26.7      1114.3783      268.58225      34.912885    -0.97791218      29.825472
26.8      1114.2816      268.67727      34.853995    -0.97348135      29.630831
26.9      1114.1838      268.76979      34.867518    -0.96904752      30.264498
  27      1114.0871      268.84062      34.849562    -0.96460847      29.886786
27.1       1113.991      268.85515      34.839963    -0.96017001      30.094566
27.2      1113.8952      268.83168      34.830642    -0.95573059      29.953859
27.3      1113.7996      269.02005      34.870949    -0.95129478      29.915195
27.4      1113.7048       268.9763      34.864527    -0.94685324      30.185547
27.5      1113.6107       269.0172      34.930769    -0.94240948      29.937971
27.6      1113.5164      269.04186      34.864525    -0.93796597      30.194229
27.7      1113.4227      269.11766      34.885018    -0.93352426      29.858489
27.8      1113.3297      269.06583      34.928174    -0.92907983      30.109689
27.9      1113.2372      269.13655      34.918064    -0.92463419      30.029232
  28      1113.1448      269.31114      34.824395    -0.92018466      29.848441
28.1      1113.0531      269.32271      34.983932    -0.91573655      30.142232
28.2      1112.9613      269.31457      34.965106    -0.91128674      30.129869
28.3      1112.8707      269.40428      34.991722    -0.90683833      29.993496
28.4      1112.7802      269.39062      34.938246    -0.90238291       30.14945
28.5      1112.6902      269.39387      34.864161    -0.89793293      30.025057
28.6      1112.6007      269.50895      34.875095    -0.89347706      30.110581
28.7      1112.5115      269.51154      34.978082    -0.88902038      30.042045
28.8      1112.4227      269.57913      35.003221     -0.8845627      30.166665
28.9       1112.335      269.70619      34.918414     -0.8801097      30.162822
  29      1112.2469      269.66868      34.941482     -0.8756474       29.88506
29.1      1112.1594      269.81411      34.934336    -0.87119088       30.19639
29.2      1112.0728      269.78363      35.022289    -0.86672843      29.871443
29.3      1111.9863      269.92275      34.998075    -0.86226615      30.176695
29.4      1111.9001      269.84173        35.0115    -0.85780593      30.152768
29.5      1111.8147      269.89909      34.877087    -0.85334226      30.373514
29.6      1111.7294      269.96457      34.912506    -0.84887786      29.427177
29.7      1111.6451      270.04498      35.031841    -0.84441119      30.020532
29.8      1111.5603      270.06657      34.939252    -0.83994358      29.984235
29.9      1111.4768      270.12206      34.974179    -0.83547771      29.897289
  30      1111.3932      270.13606      34.940037    -0.83100854      30.036385
30.1      1111.3103      270.23118      35.050118    -0.82653853      30.349366
30.2      1111.2285      270.21484      34.834815    -0.82206771      29.922874
30.3      1111.1464      270.30857      34.928111    -0.81759456      30.244439
30.4      1111.0648      270.27845       34.97533    -0.81312597      30.007889
30.5      1110.9837      270.46051      35.000398    -0.80864726      29.872244
30.6       1110.903      270.40438       35.02968    -0.80417205      30.111495
30.7      1110.8226      270.45871      35.053407    -0.79969899      29.613885
30.8      1110.7427       270.5372      35.093163    -0.79522239      29.909526
30.9      1110.6638      270.55493      34.966013     -0.7907437       29.98657
  31      1110.5849       270.6489      35.051791    -0.78626571      30.023944
31.1      1110.5065      270.81566      35.092058    -0.78178311      30.083933
31.2      1110.4286      270.72392      35.001684    -0.77730504      30.005256
31.3      1110.3509      270.77861      35.014983    -0.77282663      30.073667
31.4      1110.2739      270.89634      35.007914    -0.76834358      30.275799
31.5      1110.1976      270.93743      35.095267    -0.76385715       29.89842
31.6      1110.1214      270.97949      35.036887    -0.75937733      29.966015
31.7      1110.0453      270.95839      34.968508    -0.75488933      29.896336
31.8      1109.9704      270.96383      34.968606    -0.75040079      29.828858
31.9      1109.8957      271.00078      35.078707    -0.74591558      30.101403
  32      1109.8213      271.09284      35.034514    -0.74142782      29.741787
32.1       1109.747      271.24815      35.039698    -0.73693673      30.145263
32.2      1109.6736      271.18151      35.118418    -0.73244564      30.011596
32.3      1109.6011      271.29364      35.010215    -0.72795826      29.993984
32.4      1109.5281      271.29287      35.044035    -0.72346647      29.960234
32.5      1109.4561      271.35635      35.152817    -0.71897208      30.133508
32.6      1109.3842      271.46363      35.105089    -0.71447824      30.107095
32.7      1109.3131      271.40475      35.095564    -0.70998539      29.964361
32.8      1109.2422       271.5203      34.981587    -0.70549174      29.980571
32.9       1109.172      271.61789      34.996338    -0.70099442      29.820095
  33      1109.1017      271.65941      35.118086    -0.69649944      29.983153
33.1      1109.0326      271.61829      35.161242    -0.69199809      30.324345
33.2      1108.9636      271.67761      35.069001    -0.68750206      29.954013
33.3      1108.8954      271.73071      35.121704    -0.68300507      30.152622
33.4      1108.8271      271.81741      35.109528    -0.67850373      29.940502
33.5      1108.7593      271.79232      35.133531     -0.6739998      29.743967
33.6      1108.6923       271.8496      35.038824    -0.66950218      30.052689
33.7      1108.6257      271.89288      35.123335    -0.66499825      30.158828
33.8      1108.5594      271.93245      35.101706    -0.66049141       30.24571
33.9      1108.4935      271.98202      35.140621    -0.65598966      29.715205
  34       1108.428      272.01829      35.111321    -0.65148498      30.012837
34.1      1108.3634      272.22001      35.167151    -0.64697737      29.938268
34.2      1108.2987      272.18432      35.129493    -0.64247537      29.995899
34.3      1108.2344      272.20283      35.108532    -0.63796094      29.963629
34.4      1108.1708      272.33734      35.086668    -0.63345863      29.966423
34.5      1108.1079       272.2111      35.194689    -0.62894699      30.328218
34.6      1108.0456      272.30228      35.161212    -0.62443769      29.869993
34.7      1107.9833      272.39206      35.089192    -0.61992668      30.013065
34.8      1107.9213      272.36055      35.203954    -0.61541554      29.445938
34.9      1107.8596      272.50421      35.185674    -0.61090166      30.305298
  35      1107.7992      272.53834      35.192764    -0.60638911       30.07551
35.1      1107.7386      272.61128      35.187684    -0.60188153      29.759104
35.2      1107.6787       272.6714       35.15468    -0.59736161      29.873581
35.3      1107.6193      272.67149      35.157926    -0.59284621      29.732562
35.4      1107.5601      272.70013       35.13538    -0.58833067       30.04769
35.5      1107.5014      272.75586       35.16536    -0.58381594      30.064199
35.6      1107.4435      272.81412      35.232933    -0.57929531      29.856365
35.7      1107.3854      272.82812      35.205266    -0.57477879      30.078425
35.8      1107.3286      272.94986      35.204669     -0.5702575      29.838156
35.9      1107.2718      273.07653      35.153073    -0.56573921      29.960914
  36       1107.215      272.99437      35.216618    -0.56122303      30.058426
36.1      1107.1596      273.02896      35.200962    -0.55669765      29.894982
36.2      1107.1037      273.09874      35.285875    -0.55217659      30.314697
36.3      1107.0488      273.22784      35.239817    -0.54765636      29.660765
36.4      1106.9948      273.29617      35.301462    -0.54313203      29.895303
36.5      1106.9404      273.25813      35.050426    -0.53860886      30.016258
36.6      1106.8867      273.23065      35.283559    -0.53408215      29.725237
36.7      1106.8337      273.31973      35.134401    -0.52955967      29.938682
36.8      1106.7806      273.44249      35.175227    -0.52503221      29.808236
36.9      1106.7287      273.35178      35.089019    -0.52050642      30.102779
  37      1106.6766      273.44361      35.105227    -0.51598168      29.987673
37.1      1106.6254      273.58335      35.226994    -0.51145273      29.750591
37.2      1106.5746      273.63657      35.209758    -0.50692169      30.279549
37.3      1106.5243      273.53884      35.305359    -0.50239637      29.924336
37.4      1106.4739      273.69057      35.170377    -0.49786289      29.817334
37.5      1106.4244      273.77585      35.172545    -0.49333594      29.744253
37.6      1106.3753      273.72232      35.156553    -0.48880279      30.469007
37.7      1106.3266      273.79123      35.341553    -0.48427361      29.541833
37.8      1106.2786      273.81717      35.169696    -0.47974234       30.20396
37.9      1106.2307      273.98026      35.306865     -0.4752105      30.140644
  38      1106.1833      274.01928      35.140768    -0.47067613      30.145467
38.1      1106.1367       274.0618      35.244201    -0.46614461      29.898226
38.2        1106.09      274.05648      35.226134    -0.46161062      30.170187
38.3      1106.0442      274.06355      35.183794    -0.45707357      29.855167
38.4      1105.9986      274.11105      35.149993    -0.45253775      30.044494
38.5      1105.9535      274.17512      35.289235    -0.44800488      30.226037
38.6      1105.9092      274.26256      35.326076    -0.44346964      30.284033
38.7      1105.8648      274.20278      35.189562    -0.43893027      29.789728
38.8      1105.8214      274.38818      35.202445    -0.43439154      29.881153
38.9      1105.7781      274.35014      35.275351    -0.42985339      30.137048
  39      1105.7353      274.43645      35.039802    -0.42532006      29.838805
39.1      1105.6933      274.49346      35.333108    -0.42077676      29.739484
39.2      1105.6511      274.55138      35.318326     -0.4162402      30.021403
39.3      1105.6096      274.64292      35.197128    -0.41169991      29.809003
39.4      1105.5689      274.66254      35.312878    -0.40715537      30.173268
39.5      1105.5283      274.67303      35.277184    -0.40261393      30.215964
39.6       1105.488      274.71392      35.217544    -0.39807383      29.943013
39.7      1105.4486      274.71861      35.214078    -0.39353148      29.492439
39.8      1105.4098      274.74942      35.268236    -0.38899282      29.973081
39.9      1105.3709      274.88055      35.350004    -0.38444723      29.904277
  40      1105.3329      274.87451      35.325108    -0.37990173      29.932725
40.1       1105.295      274.96002      35.196143    -0.37535754      29.928107
40.2      1105.2579      274.87423       35.41144    -0.37081285      30.064227
40.3      1105.2206      275.00785       35.33252    -0.36627148      29.905599
40.4      1105.1843      275.05126      35.305131    -0.36172389      30.029945
40.5      1105.1482      275.10491      35.255606    -0.35717581      29.737863
40.6      1105.1129      275.17854      35.289953    -0.35263289      30.049122
40.7      1105.0778      275.25289      35.164854    -0.34808164      29.819852
40.8      1105.0434      275.29212      35.328647    -0.34353641      30.127832
40.9      1105.0092      275.20181      35.323193     -0.3389864      30.159721
  41      1104.9757      275.38832       35.19001    -0.33444446      30.277151
41.1      1104.9423      275.34566      35.265033    -0.32989154       30.53996
41.2        1104.91      275.57235       35.29342    -0.32534582      29.939866
41.3      1104.8772      275.45382       35.24067    -0.32079454      30.099613
41.4      1104.8456      275.71082      35.242735    -0.31624329      29.833819
41.5      1104.8139      275.64495      35.334484    -0.31169449      30.248295
41.6      1104.7833      275.74135      35.108229    -0.30714145      30.206375
41.7      1104.7524      275.78875      35.381258    -0.30259369      30.244313
41.8      1104.7227      275.71045       35.32965    -0.29803815      30.016243
41.9       1104.693      275.83511      35.274365     -0.2934908      29.873325
  42       1104.664      275.77389      35.325104     -0.2889365      30.457966
42.1       1104.635      275.89603      35.241294    -0.28438497      29.897052
42.2      1104.6069      275.98384      35.269816    -0.27982927      30.339263
42.3      1104.5789      275.94014      35.423948    -0.27528042      30.236078
42.4      1104.5517      276.04925      35.323043    -0.27072696      30.373765
42.5      1104.5251      276.09621      35.258051    -0.26617254      29.960287
42.6      1104.4988      276.17231      35.185127    -0.26161865      30.090631
42.7       1104.473      276.22834      35.341538    -0.25706069      29.735501
42.8       1104.447      276.18164      35.316637    -0.25250705      30.323163
42.9       1104.422      276.32753      35.318574    -0.24795313       30.35098
  43      1104.3972      276.44283      35.373822    -0.24339726      29.715119
43.1      1104.3738      276.47321      35.333964    -0.23884417      30.110311
43.2        1104.35      276.34299      35.379434     -0.2342883      30.171812
43.3      1104.3264      276.42387      35.335155    -0.22973195      30.018373
43.4      1104.3038      276.61096      35.344723    -0.22517487      30.092188
43.5      1104.2822      276.67726       35.28226    -0.22061831      29.993198
43.6      1104.2598      276.63241      35.343226    -0.21606127      30.298657
43.7      1104.2388      276.66125      35.253993    -0.21150418      30.211985
43.8      1104.2174      276.73747      35.298931    -0.20694465      30.099008
43.9      1104.1971      276.71624      35.314165    -0.20238776      30.058934
  44       1104.177      276.82777      35.282685    -0.19782729      30.129411
44.1      1104.1579      276.83724      35.288462    -0.19326915      29.999079
44.2      1104.1385      276.93819      35.360106    -0.18871181      29.650425
44.3      1104.1196      276.97899      35.350044    -0.18415284      30.362717
44.4      1104.1018      277.03318      35.454154    -0.17959406      29.720908
44.5      1104.0838      277.01479      35.299707    -0.17503523      29.918779
44.6      1104.0668      277.00915      35.319328    -0.17047606      29.974108
44.7      1104.0495      277.21402      35.361978     -0.1659139      29.882649
44.8      1104.0333      277.09053      35.382724    -0.16135737      29.566835
44.9      1104.0174      277.22458      35.320011    -0.15679628      29.797876
  45      1104.0022      277.35637      35.294264    -0.15223851      30.078058
45.1      1103.9871      277.22847      35.317101    -0.14767415      30.042406
45.2      1103.9727      277.31186      35.349512    -0.14311387      29.965142
45.3      1103.9586      277.45832      35.288892    -0.13855472      30.213036
45.4      1103.9449      277.41949      35.307109    -0.13399192      29.884331
45.5      1103.9318      277.45225      35.287212    -0.12942938      30.389788
45.6      1103.9191      277.46815      35.368133     -0.1248683      30.264675
45.7      1103.9068      277.59901      35.325167    -0.12030748      30.012691
45.8      1103.8948      277.68564       35.36323    -0.11574463      29.952087
45.9      1103.8836      277.74545      35.364206    -0.11118542      30.309407
  46      1103.8728      277.78119      35.351107    -0.10662209      29.530795
46.1      1103.8623      277.86589      35.320629    -0.10206096      30.026506
46.2      1103.8521      277.88059      35.385901   -0.097497101       29.85353
46.3      1103.8423      277.87847      35.280996   -0.092937572      29.826814
46.4      1103.8336      277.91716      35.296277   -0.088371234      29.844966
46.5      1103.8251       277.9464      35.382309   -0.083807645      29.855308
46.6      1103.8168      278.02097      35.320874   -0.079247771      30.046621
46.7      1103.8092      278.12844      35.366291    -0.07468326      30.181206
46.8      1103.8016      278.12017      35.426501   -0.070121258      29.790934
46.9      1103.7949      278.13739      35.365912   -0.065557523      30.337507
  47      1103.7891      278.23904      35.362923   -0.060995807      29.942127
47.1      1103.7829      278.34149      35.270294   -0.056432134      30.238455
47.2      1103.7773      278.23841      35.264001   -0.051868263      30.034596
47.3      1103.7726      278.31047      35.319916   -0.047305552      30.000985
47.4      1103.7682      278.42054      35.394452   -0.042743433      29.995271
47.5      1103.7638      278.36718      35.309824   -0.038178549      29.882261
47.6      1103.7606      278.46868      35.340651   -0.033615524      29.937905
47.7      1103.7575      278.63401        35.4303   -0.029050765      29.899624
47.8      1103.7547      278.62023      35.398337   -0.024490704      29.830405
47.9      1103.7527       278.6658      35.314132   -0.019925097      30.136229
  48      1103.7509      278.78284      35.378285   -0.015359785      30.251876
48.1      1103.7492      278.69647      35.348019   -0.010797121      29.520917
48.2      1103.7487       278.8004       35.34464  -0.0062345483      30.237811
48.3      1103.7485      278.94884      35.301305  -0.0016713961       29.95288
48.4      1103.7481      278.90338       35.26341   0.0028925629      30.017509
48.5      1103.7487      279.03004      35.323759   0.0074580756      29.811119
48.6      1103.7495       279.0338      35.327462    0.012021886      29.922046
48.7      1103.7508       278.9487      35.349402    0.016584857      29.998504
48.8      1103.7529      279.08275      35.475496    0.021146331      30.119514
48.9      1103.7552      279.16679      35.309147    0.025710992      29.952261
  49      1103.7581      279.18439      35.296257     0.03027491      29.665023
49.1      1103.7615      279.22587      35.324459     0.03483512      30.043466
49.2       1103.765      279.28592       35.36989    0.039402443      30.188591
49.3      1103.7694      279.39446      35.306674    0.043967369      30.240596
49.4      1103.7739      279.26987      35.365129    0.048530464      29.710887
49.5       1103.779       279.4694      35.290454    0.053092234      30.270614
49.6      1103.7843       279.4954      35.234867    0.057653251      30.302776
49.7      1103.7905      279.59025      35.371077     0.06221989      30.268424
49.8      1103.7968      279.50517      35.330955    0.066781207      29.943877
49.9      1103.8041      279.63745      35.247342    0.071345088       30.14423
  50      1103.8109      279.82727      35.253095    0.075906359      29.830184
50.1      1103.8188      279.75015       35.27195    0.080470366      29.730701
50.2      1103.8272      279.73288      35.340809    0.085032068      30.013697
50.3       1103.836      279.85787      35.282691    0.089595043      29.936942
50.4       1103.845      279.82329      35.260485    0.094158265      30.149965
50.5      1103.8549      279.80229      35.353487    0.098717679      30.347271
50.6      1103.8649      279.88414      35.274912     0.10328198      30.178919
50.7      1103.8755      279.95214      35.288735     0.10784504      30.407145
50.8      1103.8862      280.03768      35.290059     0.11240631      29.938368
50.9      1103.8977      280.05535      35.422714     0.11697098      29.990644
  51      1103.9097      280.12323      35.378097     0.12152789      29.959275
51.1      1103.9222      280.09769      35.345507     0.12609047      30.257217
51.2       1103.935       280.1598      35.271333     0.13065422      29.719008
51.3      1103.9484      280.33723       35.23078     0.13521607      30.155255
51.4      1103.9623      280.25202      35.307953     0.13977867      30.071931
51.5      1103.9763      280.40547      35.353923      0.1443365      30.131514
51.6      1103.9908       280.2815      35.364343     0.14889463      30.102468
51.7      1104.0065      280.49264        35.3589     0.15345905        29.7276
51.8       1104.022       280.5992      35.277028     0.15801755      30.308094
51.9      1104.0379      280.57046      35.393999     0.16258051      30.049413
  52      1104.0538      280.58299      35.381795     0.16713717      30.136076
52.1      1104.0711      280.63325      35.321987     0.17169922      30.132741
52.2      1104.0887      280.72666      35.341018     0.17625856      29.952367
52.3      1104.1065      280.71419      35.363161     0.18081773      30.000493
52.4      1104.1247       280.8276      35.292074     0.18537371      30.187901
52.5      1104.1433      280.87248      35.277478     0.18993177      30.190644
52.6      1104.1629      280.89821      35.303398     0.19449073       29.98838
52.7      1104.1824      280.92011      35.266149     0.19905448      30.483293
52.8      1104.2024      280.97413      35.265402     0.20360851      29.999584
52.9      1104.2232      281.05479      35.384514     0.20816772      30.279554
  53      1104.2442       281.0961      35.335628     0.21272468      30.217295
53.1       1104.266      281.08721      35.364311     0.21728328        30.2372
53.2      1104.2879      281.24229      35.349142     0.22183725      30.281627
53.3      1104.3099      281.23969      35.343686     0.22639326      29.788772
53.4      1104.3331      281.40366      35.266777      0.2309503      29.950856
53.5      1104.3563      281.49058      35.351793     0.23550906      29.954394
53.6      1104.3797      281.42879      35.371456     0.24006625      29.787695
53.7      1104.4042       281.3476      35.277535     0.24461778      30.023831
53.8      1104.4288      281.47023      35.429799     0.24917011      29.604823
53.9       1104.454       281.4384      35.320501     0.25373028      29.820089
  54      1104.4798      281.57912      35.281284     0.25828602      30.005939
54.1      1104.5055      281.70388      35.269294     0.26283835      30.146147
54.2      1104.5321      281.56808      35.295095     0.26739196      30.200036
54.3      1104.5591      281.67529      35.395735     0.27194494      29.943066
54.4      1104.5866      281.71519      35.253548     0.27649741      30.161555
54.5      1104.6143      281.78752      35.308588     0.28104978      29.856398
54.6       1104.643      281.82997      35.371267     0.28560861      30.323009
54.7      1104.6714      281.89815      35.277182     0.29015702      30.020622
54.8      1104.7009      282.06159      35.238113     0.29471012      29.780927
54.9      1104.7302      282.03524      35.330647     0.29925977      30.224119
  55      1104.7604      282.14876      35.280657     0.30381088      29.864699
55.1      1104.7912      282.06825      35.233347     0.30836726      29.855836
55.2      1104.8228      282.19716      35.288927      0.3129183      30.152091
55.3      1104.8536      282.23498      35.279422     0.31746557      30.081834
55.4      1104.8859      282.22314       35.18583     0.32201332      29.859113
55.5      1104.9187      282.31908      35.249693     0.32656201       29.87206
55.6      1104.9516      282.38264      35.228184      0.3311101       30.16789
55.7      1104.9845      282.42537      35.359504     0.33565923      30.178377
55.8      1105.0185      282.34247      35.287407     0.34020897      29.793765
55.9      1105.0525      282.54763      35.263038     0.34475675      30.151922
  56      1105.0873      282.56746      35.306334     0.34930633      29.801111
56.1      1105.1224      282.56296       35.36875     0.35385067      29.840428
56.2      1105.1581      282.60596      35.322684     0.35839505      30.181652
56.3      1105.1941      282.64821      35.340723     0.36293985      30.456377
