1383.1      507.45389      257.47321      54.919048      3.6667533      30.100382
1383.2      507.82107      257.56428      54.707343      3.6749189      29.872852
1383.3      508.18876      257.59168      54.675747      3.6830705       29.97432
1383.4       508.5575      257.61063      54.653211      3.6911942      30.035136
1383.5      508.92708      257.72147      54.521174      3.6993081      30.152876
1383.6      509.29761      257.83902      54.533324      3.7073998      29.894184
1383.7      509.66874      257.85887      54.396612      3.7154783      30.043394
1383.8      510.04049      257.85302      54.328788       3.723536      29.649155
1383.9       510.4134      258.02715      54.396593       3.731578      29.707865
  1384      510.78693      258.09693      54.278039      3.7395999      30.145591
1384.1      511.16121      258.16983      54.126021      3.7476079      30.125447
1384.2      511.53636      258.24753      54.256493      3.7555944      30.499652
1384.3      511.91242      258.24197      54.107279      3.7635661      30.153241
1384.4      512.28945      258.27773      54.076696      3.7715186      30.372516
1384.5      512.66681      258.28812      54.033382      3.7794565      29.812308
1384.6      513.04466      258.61522      53.889338      3.7873727      30.372699
1384.7      513.42408      258.57918      53.830909      3.7952695       30.35882
1384.8      513.80412      258.53701      53.814227      3.8031573      29.875872
1384.9      514.18499      258.59291      53.684845       3.811022      29.940186
  1385      514.56601      258.71759       53.66841      3.8188704      30.308637
1385.1      514.94834      258.80431      53.565461       3.826698      29.881595
1385.2      515.33168      258.87405      53.404658      3.8345147      29.752885
1385.3      515.71562      258.92242      53.346971      3.8423071      30.035287
1385.4      516.10032      259.12146      53.443537       3.850084      30.137561
1385.5      516.48547      259.03537      53.292724      3.8578441      30.257425
1385.6      516.87165      259.03567      53.311537      3.8655906       30.18554
1385.7      517.25877      259.15141      53.179616      3.8733103      29.562128
1385.8       517.6463      259.22559      53.131975      3.8810195      29.836967
1385.9      518.03478      259.37136      53.032099      3.8887101      29.716396
  1386      518.42418      259.41854      53.028153      3.8963868      29.882975
1386.1      518.81384      259.43191      52.849799      3.9040415      30.154865
1386.2      519.20443      259.41188      52.865876      3.9116837      29.835268
1386.3      519.59645      259.56585      52.753738      3.9193029      29.943108
1386.4      519.98876      259.57108      52.698041      3.9269051      30.110029
1386.5      520.38189      259.49494      52.686897      3.9344908      30.044841
1386.6      520.77558      259.75233      52.652937      3.9420649      30.067186
1386.7      521.17041      259.81094      52.548294      3.9496152      29.709425
1386.8       521.5655      259.85494      52.475809        3.95715      29.613415
1386.9      521.96173      259.87364       52.45113      3.9646696      29.932992
  1387      522.35844      259.98561      52.356435      3.9721689      29.883896
1387.1      522.75626      260.01121      52.301758      3.9796516       30.11052
1387.2       523.1544      260.12143      52.266921      3.9871203      29.943496
1387.3      523.55401      260.08138      52.150135       3.994569      30.091669
1387.4      523.95342      260.13698      52.163889      4.0020018      30.076078
1387.5       524.3539      260.21405      52.033559      4.0094185      29.955354
1387.6       524.7549      260.30068      52.064657      4.0168219      30.135644
1387.7      525.15717        260.405      51.953388      4.0242001      30.536925
1387.8      525.56015      260.38052       51.86997       4.031567      30.161885
1387.9      525.96333       260.4884      51.973795      4.0389108      29.879193
  1388      526.36812      260.59741      51.761001      4.0462445      29.962927
1388.1      526.77296      260.62347      51.626542      4.0535547      30.083696
1388.2      527.17848      260.57947      51.628248      4.0608519      29.843765
1388.3      527.58526      260.72749      51.530907      4.0681313      29.999554
1388.4      527.99232      260.74373      51.515212      4.0753938      30.109229
1388.5      528.40023      260.81869      51.480794      4.0826444      29.557606
1388.6      528.80865      260.93812      51.317081      4.0898659      29.733167
1388.7      529.21791      260.91614      51.298241      4.0970809      29.725355
1388.8      529.62858      261.05335      51.258623      4.1042762      29.813283
1388.9      530.03928      261.04344      51.207491      4.1114574      30.320284
  1389      530.45016       261.0437      51.243014      4.1186188      29.930386
1389.1       530.8625      261.16644      51.005368      4.1257638      29.952769
1389.2       531.2755      261.10277      50.966847      4.1328895      29.842019
1389.3      531.68937       261.2924      50.965265      4.1400009      29.952117
1389.4      532.10334       261.1911      50.879399      4.1471004       30.10338
1389.5      532.51833      261.33288      50.763148      4.1541782      30.236932
1389.6       532.9342       261.4179      50.650833      4.1612411      30.002193
1389.7      533.35147      261.41998      50.737198      4.1682854      29.816718
1389.8      533.76819      261.48444      50.673792      4.1753143      29.759645
1389.9      534.18578      261.58192      50.541005      4.1823283      29.898826
  1390      534.60465      261.55429      50.528836      4.1893244      30.238854
1390.1       535.0237      261.65506      50.419774      4.1963043      29.890825
1390.2      535.44426      261.67621      50.536975      4.2032657      30.112799
1390.3      535.86484      261.66503      50.302006      4.2102152      29.821008
1390.4      536.28566      261.80896      50.310176      4.2171454      29.911918
1390.5      536.70804      261.80399      50.224312      4.2240604      30.223822
1390.6       537.1308      261.85904      50.116459      4.2309551      30.066236
1390.7      537.55421       261.9234      50.084124      4.2378372      29.744087
1390.8      537.97841      262.00656         50.023      4.2447029      30.000093
1390.9      538.40315       261.9914      49.996964      4.2515514      30.363063
  1391      538.82855      262.09008      49.921085      4.2583831      30.076845
1391.1      539.25471      262.10133      49.879909       4.265196      29.765852
1391.2      539.68166      262.15909      49.839186      4.2720011      29.997978
1391.3      540.10929      262.22862      49.774383       4.278779      30.321443
1391.4      540.53728      262.21895      49.748044      4.2855475        30.0499
1391.5      540.96621      262.35599      49.710559      4.2923012      29.944036
1391.6      541.39582       262.3772      49.545522      4.2990332      29.648963
1391.7      541.82606      262.47447      49.479482      4.3057549      30.186077
1391.8      542.25689      262.41464       49.37681       4.312453      29.840667
1391.9      542.68848      262.45825      49.452886      4.3191438      29.824677
  1392      543.12072      262.70265      49.286662      4.3258173       30.27186
1392.1      543.55344      262.73604       49.17473      4.3324713      29.870405
1392.2      543.98738      262.72178      49.181992       4.339109      30.230191
1392.3       544.4216       262.7232      49.221237      4.3457356      29.752951
1392.4      544.85668      262.72004      49.157947      4.3523428      29.569742
1392.5      545.29195      262.77507      48.998487      4.3589295      29.850165
1392.6      545.72793      262.60487      49.052987      4.3655067      29.996761
1392.7      546.16515      262.87081      48.918132      4.3720676      30.218441
1392.8      546.60257       262.9448      48.770843      4.3786071      29.935336
1392.9      547.04069      262.95633      48.860435       4.385139      30.177874
  1393      547.47941      263.02401      48.796089      4.3916523       30.18047
1393.1      547.91916      263.00462      48.643418      4.3981487      29.923426
1393.2      548.35939      263.07822      48.672398       4.404627      30.059108
1393.3      548.79991      263.14931      48.478097       4.411098      29.872801
1393.4      549.24149      263.16371      48.471954      4.4175444      29.901097
1393.5      549.68378      263.30955      48.460651      4.4239785      29.853854
1393.6      550.12621      263.28094      48.456301      4.4303968      29.859621
1393.7      550.57005       263.4036      48.310128      4.4368054      30.107478
1393.8      551.01387      263.32473      48.299269        4.44319      29.789901
1393.9      551.45852      263.36211      48.243151      4.4495614      30.279248
  1394      551.90368      263.48908      48.149825      4.4559172      30.023133
1394.1      552.34939      263.52936      48.082388      4.4622623      29.726047
1394.2      552.79615      263.58325      48.040643      4.4685839      30.015138
1394.3      553.24309      263.46324      48.063133      4.4748941      30.101499
1394.4        553.691      263.65869      47.931425      4.4811869       29.80864
1394.5      554.13944      263.70697      47.951928      4.4874685      29.993604
1394.6       554.5889      263.71398      47.797467      4.4937358      29.822203
1394.7      555.03834      263.79019      47.886767      4.4999812      30.016078
1394.8      555.48866       263.8758      47.773555       4.506219      30.108683
1394.9      555.93946      263.83621      47.580649      4.5124387      30.203502
  1395      556.39116      264.00105      47.567513      4.5186408      30.072287
1395.1      556.84323      263.86183      47.585224      4.5248286       29.89923
1395.2      557.29597      263.89811      47.419593      4.5310058      30.200834
1395.3      557.74905      263.95166      47.514391      4.5371587      29.673605
1395.4      558.20332      264.04921      47.315451      4.5433033      30.236936
1395.5      558.65815      264.08882      47.287647      4.5494321      30.354102
1395.6      559.11298      264.11157      47.288309      4.5555411      30.045579
1395.7      559.56913      264.26488      47.230685      4.5616434      30.191545
1395.8      560.02557      264.19562      47.068389      4.5677276      29.894297
1395.9      560.48277      264.26392      46.972837      4.5737925       30.20833
  1396       560.9402      264.43814      46.994252       4.579846      29.760474
1396.1      561.39887      264.34749      46.979004      4.5858871      29.598893
1396.2      561.85726      264.44213      46.797005      4.5919102      29.962975
1396.3      562.31695      264.51189      46.879952      4.5979194      29.977998
1396.4      562.77712      264.52744      46.687215      4.6039109      29.561373
1396.5      563.23783      264.48376      46.849284      4.6098948      30.227125
1396.6      563.69928      264.53535      46.692907      4.6158544      30.098757
1396.7      564.16091      264.57552      46.644827       4.621806      30.107154
1396.8      564.62339      264.64508      46.439436       4.627742      30.072613
1396.9      565.08655      264.70758      46.498243      4.6336613       29.91198
  1397      565.55057      264.64061      46.432498      4.6395679      30.154644
1397.1      566.01435      264.81778      46.435821      4.6454603      30.280589
1397.2      566.47926      264.75612      46.348323      4.6513367      30.159146
1397.3      566.94471      264.73765      46.291499      4.6572009      29.834744
1397.4      567.41062      264.91369      46.293553      4.6630443       30.28151
1397.5      567.87744      264.90389      46.139514      4.6688807      29.965662
1397.6      568.34469      264.87117      46.185344      4.6746992      29.857786
1397.7      568.81229      264.97099      46.028831      4.6805041       30.15032
1397.8       569.2808      265.07162      46.062032      4.6862953      30.146919
1397.9       569.7499      265.01674      46.009753      4.6920675      29.893752
  1398      570.21894      265.03496      45.903145      4.6978314      30.063919
1398.1      570.68924      265.19428      45.789822      4.7035756      29.920354
1398.2      571.15953      265.20143      45.787714      4.7093109      29.886944
1398.3      571.63097      265.21599      45.785574      4.7150295      29.889668
1398.4      572.10299       265.3563      45.710085      4.7207372      29.922699
1398.5      572.57509      265.15554       45.57856      4.7264257      29.762117
1398.6      573.04843      265.37484      45.582986       4.732103      30.121064
1398.7      573.52137      265.33797      45.560137      4.7377651      29.773687
1398.8      573.99533      265.34378      45.422422      4.7434126      29.951559
1398.9      574.47027      265.42256      45.375504      4.7490442      29.588995
  1399      574.94567      265.35396      45.433879      4.7546685      30.115486
1399.1      575.42113      265.56959      45.393151      4.7602709      29.914138
1399.2      575.89724      265.54784      45.232985      4.7658621      30.107211
1399.3      576.37432      265.55005      45.248333      4.7714403      30.399589
1399.4      576.85188       265.5876      45.098482      4.7770044      29.798306
1399.5       577.3297      265.66059      45.133923      4.7825559       29.85184
1399.6      577.80847      265.75662       45.18638      4.7880946      30.244662
1399.7      578.28749      265.59793      45.018856      4.7936173      30.195553
1399.8      578.76681      265.77977      44.972573      4.7991282      29.990191
1399.9      579.24738      265.77867      44.846264      4.8046216      29.890023
  1400      579.72805      265.79832      44.777616      4.8101013      30.320696
1400.1      580.20921      265.96506      44.785655      4.8155711      29.958577
1400.2      580.69112      265.92408      44.650208      4.8210239      29.839624
1400.3      581.17324      265.87652      44.759978      4.8264636      29.922372
1400.4      581.65678      265.94774      44.663769      4.8318902       30.08335
1400.5      582.13981      265.97868       44.51918       4.837306      29.728716
1400.6      582.62354      266.01044      44.553338      4.8427044       29.67056
1400.7      583.10863      266.10061      44.419792      4.8480884      30.049493
1400.8      583.59356      266.11988      44.352876      4.8534632      30.344305
1400.9      584.07906      266.13376      44.356932       4.858822      29.816898
  1401      584.56513       266.2047      44.387924      4.8641721      30.052059
1401.1      585.05187      266.28792      44.285637      4.8695019      29.940398
1401.2      585.53884      266.20533      44.273133      4.8748226      30.077958
1401.3      586.02698      266.33163      44.163276      4.8801288      30.029139
1401.4      586.51509      266.26705      44.121157      4.8854219       29.92781
1401.5      587.00373      266.39416      44.105287      4.8907017      29.913591
1401.6      587.49322      266.36584      43.953573      4.8959659      30.119379
1401.7      587.98333      266.34776      43.814101      4.9012203       29.98383
1401.8      588.47333       266.4389      43.966318      4.9064563      30.056694
1401.9      588.96451      266.47307      43.864971      4.9116837      30.085114
  1402      589.45597      266.48573      43.728422      4.9168998      30.111801
1402.1      589.94778      266.42205      43.776044      4.9221015      30.004337
1402.2      590.44049      266.50897      43.757223      4.9272832      30.137931
1402.3      590.93314      266.66833      43.572133      4.9324602       30.19755
1402.4      591.42711      266.56835      43.625479      4.9376212      29.859006
1402.5      591.92072      266.59285      43.587378      4.9427661      29.809694
1402.6      592.41546      266.78203      43.406089      4.9479047      29.794798
1402.7      592.91006      266.70612      43.442171      4.9530271      30.170762
1402.8      593.40569      266.83451      43.396318      4.9581342      30.119467
1402.9      593.90186      266.81925      43.438008      4.9632341      30.568458
  1403      594.39852      266.80293      43.254617      4.9683133      30.015756
1403.1      594.89579      266.84096      43.121348      4.9733894      30.135505
1403.2      595.39297      266.87801       43.11998      4.9784477      30.051283
1403.3      595.89094      266.83614      43.087179      4.9834901      29.866164
1403.4      596.38981      266.84766      43.201958      4.9885247      30.141777
1403.5      596.88877      266.97962      42.964422      4.9935466      30.204935
1403.6      597.38877      267.08077      42.877259      4.9985516      29.782603
1403.7      597.88867      267.05696      42.996306      5.0035486      29.940386
1403.8      598.38927      267.05471      42.819577      5.0085271      30.020084
1403.9      598.89014      267.07833      42.829909      5.0134985      30.355094
  1404      599.39192      267.09788      42.756695      5.0184556      30.084485
1404.1      599.89395      267.18784      42.596823      5.0234017      30.043454
1404.2       600.3965      267.14287      42.626322      5.0283326      30.130695
1404.3      600.89999        267.316      42.566294      5.0332529      29.969846
1404.4      601.40346      267.25388      42.587709      5.0381612      29.867628
1404.5      601.90736       267.3017      42.436233      5.0430569      30.292602
1404.6      602.41211       267.3577      42.437115       5.047941      30.008759
1404.7      602.91724      267.35045      42.444567      5.0528092      30.292132
1404.8       603.4227      267.36595      42.362471      5.0576698      29.732539
1404.9      603.92841      267.46009      42.202674      5.0625147      30.148134
  1405      604.43492      267.34394      42.280238      5.0673491      29.563862
1405.1      604.94215      267.43969      42.258836      5.0721702       29.87153
1405.2      605.44938      267.51786      42.174439      5.0769752      30.038818
1405.3      605.95775      267.40924      42.116135      5.0817739      29.972427
1405.4      606.46572      267.47864      42.032267      5.0865591      29.760483
1405.5      606.97472      267.59938      41.908182      5.0913317      30.002166
1405.6      607.48411       267.6599      41.956954      5.0960922      30.126028
1405.7      607.99379      267.79643       41.94799      5.1008403       30.01826
1405.8       608.5046      267.62696       41.91882      5.1055792      30.185968
1405.9      609.01496       267.7266      41.825645      5.1103034      30.000864
  1406      609.52635      267.67272      41.770498      5.1150156       29.97632
1406.1       610.0383      267.71751      41.694724      5.1197159      29.892562
1406.2      610.55002      267.73545      41.753727      5.1244042       30.43378
1406.3      611.06276      267.74862       41.59135       5.129084      29.993498
1406.4        611.576      267.81528      41.595305      5.1337463      29.819269
1406.5       612.0898      267.76562      41.480362      5.1384018       30.48461
1406.6      612.60389      267.94933      41.392857      5.1430443      29.862887
1406.7      613.11811      267.85008      41.293642      5.1476767      29.769975
1406.8      613.63307      268.00998      41.348857      5.1522947      29.686576
1406.9      614.14876      267.96242      41.337021      5.1568987      30.010137
  1407      614.66482      267.97614      41.307002      5.1614915      29.925911
1407.1      615.18096      268.06604      41.280971      5.1660784      30.117662
1407.2       615.6979      268.03957      41.159348      5.1706462      30.065013
1407.3      616.21492      268.09844      41.150184      5.1752078      30.139438
1407.4      616.73284      268.06139      40.976227      5.1797579      30.048492
1407.5       617.2508      268.20752      40.980468      5.1842933      29.758979
1407.6       617.7693      268.17536      40.936836      5.1888189      30.099212
1407.7      618.28868      268.16159       40.83767      5.1933334      30.122177
1407.8      618.80816      268.27368       40.95785       5.197835      30.130757
1407.9      619.32818      268.27282      40.744152      5.2023276      29.868787
  1408       619.8489      268.33302      40.809794       5.206808      29.868069
1408.1      620.36974      268.32287      40.769719      5.2112778      30.316635
1408.2      620.89115      268.37244      40.681713      5.2157341      29.955682
1408.3      621.41303      268.46458       40.58054       5.220178      29.955857
1408.4      621.93503      268.41717      40.568069      5.2246153      30.088706
1408.5      622.45805      268.41101      40.573451      5.2290417      29.988134
1408.6      622.98081      268.42841      40.639756      5.2334528      29.787495
1408.7      623.50448      268.42498      40.473247      5.2378528       29.93398
1408.8       624.0283       268.4606      40.398411      5.2422439      30.065195
1408.9      624.55291      268.57812      40.283877      5.2466192      29.923388
  1409      625.07754      268.52872      40.292544      5.2509868      29.970377
1409.1      625.60321      268.58351      40.263121       5.255348      29.792721
1409.2       626.1293      268.53472       40.22212      5.2596897      30.103739
1409.3      626.65543      268.62557       40.19742      5.2640264      30.269316
1409.4      627.18161      268.68324      40.219286      5.2683505      29.828017
1409.5      627.70887      268.63358      40.018625      5.2726636      29.964765
1409.6       628.2364      268.64394      39.888483      5.2769655      29.873546
1409.7      628.76405      268.66632      39.923973      5.2812611       30.29458
1409.8      629.29258      268.68072      39.877335      5.2855364      29.874236
1409.9      629.82101      268.72061      39.949462      5.2898049      29.669977
  1410      630.35045      268.70601      39.845068      5.2940624      29.804327
1410.1      630.88032      268.87209      39.777013      5.2983087      30.350235
1410.2      631.40992      268.88599      39.804691      5.3025538      30.072548
1410.3      631.94041      268.90299      39.758329      5.3067773      30.091072
1410.4      632.47154      268.83662      39.626418      5.3109921      30.145657
1410.5      633.00292      268.93771      39.691912      5.3151946      30.175192
1410.6      633.53478      268.94974      39.573181      5.3193881      30.238852
1410.7       634.0665      268.94615      39.640019      5.3235708      29.941156
1410.8      634.59958      268.93642       39.41705      5.3277472      29.961833
1410.9      635.13257       269.0394      39.363926      5.3319094      29.715596
  1411      635.66583      269.14492      39.321181      5.3360605      30.081551
1411.1      636.19946      269.07355      39.249698       5.340202      29.962955
1411.2      636.73357      268.93612      39.359449      5.3443318      30.052472
1411.3      637.26826      269.13135      39.245919       5.348454      29.948331
1411.4      637.80362      269.26031      39.206515      5.3525636       29.71062
1411.5        638.339      269.18254       39.19406      5.3566666      30.086852
1411.6      638.87467      269.16751      39.131587      5.3607527      29.879421
1411.7      639.41084      269.17112      39.000631      5.3648324      30.194022
1411.8      639.94776      269.28727      39.071982      5.3689004      29.994509
1411.9       640.4845      269.24993      38.952531      5.3729596      30.299577
  1412      641.02221      269.29228      38.951587       5.377005      30.203038
1412.1      641.56003      269.12874      38.870189      5.3810422      29.937903
1412.2      642.09842      269.28783      38.929346      5.3850707      30.042295
1412.3      642.63722      269.33892       38.81745      5.3890916      30.202604
1412.4      643.17632      269.40547      38.786813      5.3930944      29.566225
1412.5      643.71581      269.44192      38.728106      5.3970923      29.943485
1412.6      644.25558      269.34932      38.710224      5.4010818      29.953435
1412.7      644.79592      269.43765      38.610312      5.4050549      29.741722
1412.8      645.33683      269.36386      38.593859       5.409024      30.109974
1412.9      645.87787      269.46118      38.548067      5.4129796      30.357745
  1413      646.41962      269.52262      38.487168       5.416927      29.894614
1413.1      646.96096      269.64373       38.45202      5.4208631      30.095467
1413.2      647.50388      269.46873      38.436035      5.4247917      30.376091
1413.3      648.04599      269.67277      38.351137      5.4287048      29.805084
1413.4      648.58893      269.55603      38.228141       5.432615      29.984708
1413.5      649.13266      269.60751      38.271235      5.4365117      30.243556
1413.6      649.67665      269.69348      38.204049      5.4403977      30.031903
1413.7      650.22128      269.70773      38.226029      5.4442753      30.311348
1413.8      650.76531      269.70361      38.093055      5.4481433      29.803471
1413.9      651.31013       269.7404      38.081332      5.4520008      29.957538
  1414      651.85589      269.75386      37.943453      5.4558572      30.135439
1414.1      652.40167      269.77083      38.015756      5.4596886      29.965223
1414.2      652.94767      269.76109      37.945373      5.4635184       30.12325
1414.3      653.49431      269.82805      37.965376      5.4673341      30.185754
1414.4      654.04127      269.88669      37.805377      5.4711457      30.209582
1414.5      654.58857      269.84559      37.798013      5.4749471      30.318008
1414.6      655.13641       269.9122      37.687929      5.4787384       29.88251
1414.7      655.68368      269.85859      37.788493      5.4825198       30.21637
1414.8      656.23259      269.90354       37.72362      5.4862893      29.791281
1414.9      656.78173      269.97898      37.719579      5.4900506      29.677986
  1415      657.33057      269.97518      37.637849      5.4938008      29.874492
1415.1      657.88006      269.90932      37.669677      5.4975455      29.578775
1415.2      658.43051      270.05212      37.501344      5.5012764      29.722746
1415.3      658.98082      269.97582      37.453535      5.5050009      29.989707
1415.4      659.53125      270.06673      37.507068       5.508713      30.112569
1415.5      660.08221      270.09847      37.422213      5.5124187       30.09242
1415.6      660.63353      270.03843      37.281464      5.5161195      29.887118
1415.7      661.18545      270.02234      37.293023      5.5197987      29.985179
1415.8      661.73768      270.14571      37.244365      5.5234754      30.142872
1415.9      662.28988      270.20308      37.217314      5.5271486      30.003856
  1416      662.84291      270.16809       37.20038      5.5308091        29.7655
1416.1      663.39625      270.27478      37.097141      5.5344571      30.440105
1416.2      663.95021      270.22078      37.133561      5.5380921      30.026964
1416.3      664.50364      270.25274      37.048567      5.5417248      30.270842
1416.4      665.05835      270.18258      37.133555      5.5453473      29.783171
1416.5      665.61269      270.24375      36.964291      5.5489588       29.99993
1416.6      666.16845       270.2792      36.979499      5.5525675      29.804633
1416.7      666.72339      270.36665      36.992283       5.556162      30.187803
1416.8      667.27916      270.37588      36.877721      5.5597459      30.032465
1416.9      667.83543      270.33894      36.792327      5.5633184       30.05731
  1417      668.39204      270.43074      36.768518      5.5668905      29.945705
1417.1      668.94889      270.38305      36.841779       5.570446      30.163855
1417.2      669.50576      270.43193      36.725251      5.5739976      29.825282
1417.3      670.06389      270.43939      36.617313      5.5775371      29.631436
1417.4      670.62166      270.44289      36.636186      5.5810707      29.998468
1417.5      671.17992       270.4724      36.453537      5.5845911      29.867921
1417.6      671.73836      270.42629      36.549903      5.5881062      29.976606
1417.7      672.29733      270.48431      36.464378      5.5916125      29.883964
1417.8      672.85666      270.61633      36.514167      5.5951039      30.130397
1417.9      673.41645      270.51452      36.476435      5.5985965        29.9137
  1418      673.97676      270.64782      36.300464      5.6020734      29.806404
1418.1      674.53699      270.59699       36.28749      5.6055451      30.073708
1418.2      675.09776      270.68409      36.324288      5.6090089      30.040665
1418.3      675.65857      270.63354       36.26837      5.6124595      29.946515
1418.4      676.21995       270.7119      36.143083      5.6159023      29.901787
1418.5        676.782       270.6884      36.183277      5.6193395      30.080794
1418.6      677.34398      270.73997      36.079503      5.6227649       29.82045
1418.7      677.90626       270.7147      36.059428      5.6261875      29.712896
1418.8      678.46974       270.7702      36.030031      5.6295944      30.176254
1418.9      679.03241      270.74487      36.004897      5.6329945      30.157473
  1419      679.59598      270.84627      35.946574      5.6363896      29.910047
1419.1      680.15986      270.80534      35.869061       5.639773      30.000709
1419.2      680.72387       270.7654      35.829528      5.6431472      30.310308
1419.3      681.28806      270.79782      35.831549      5.6465158      29.693827
1419.4       681.8533      270.87161      35.731702      5.6498751      30.180347
1419.5       682.4181      270.88796      35.729358      5.6532224        30.2358
1419.6      682.98391      270.82559       35.73228      5.6565633      30.027263
1419.7      683.54938      271.03752      35.621876      5.6598969      30.051169
1419.8      684.11577      270.96336      35.578192       5.663223      30.345898
1419.9      684.68195      271.05269      35.518967      5.6665404      29.958789
  1420      685.24866      271.03606      35.461702      5.6698493      29.866919
1420.1      685.81625      271.02799      35.546034      5.6731518      30.221365
1420.2      686.38372      271.02266      35.484489      5.6764406      29.868014
1420.3      686.95141       271.0641      35.385184      5.6797276      29.758003
1420.4      687.52001      271.06341      35.361603      5.6830001      29.908528
1420.5      688.08833      271.07021      35.358938      5.6862685      29.908903
1420.6       688.6571      271.09811      35.315747      5.6895228      30.139503
1420.7      689.22606      271.30175      35.229794      5.6927757      29.804867
1420.8      689.79516      271.09928      35.189351      5.6960232      30.185725
1420.9      690.36531      271.06454      35.128744      5.6992555      29.915022
  1421       690.9353      271.14666      35.122156       5.702482      29.991002
1421.1      691.50552      271.26027      35.137718      5.7057034      30.300107
1421.2      692.07652      271.18571        35.1192      5.7089137      30.078749
1421.3      692.64735      271.25418      35.021079       5.712114      29.814213
1421.4      693.21869      271.29214      34.989827      5.7153113      30.114393
1421.5      693.79089      271.33262      34.982028      5.7184981      29.890192
1421.6      694.36249      271.30338      34.938886      5.7216732      29.881195
1421.7       694.9352      271.25891      34.753788      5.7248474      30.206989
1421.8      695.50744      271.39997      34.841164      5.7280091      29.852532
1421.9      696.08061      271.32016      34.771258      5.7311667      30.131666
  1422      696.65358      271.31347      34.669666      5.7343121       29.53766
1422.1      697.22708      271.36008      34.621497      5.7374494      30.252373
1422.2      697.80105      271.43333      34.595264      5.7405844      30.075189
1422.3      698.37547      271.35568      34.674437      5.7437103      29.916503
1422.4         698.95      271.42666       34.53401      5.7468234      30.066711
1422.5      699.52515      271.40202      34.508774      5.7499324      29.995452
1422.6       700.0999      271.39671       34.50303      5.7530302       29.80797
1422.7      700.67574      271.55303      34.431747      5.7561246      29.930916
1422.8        701.251      271.54606      34.503206      5.7592102      29.879751
1422.9      701.82717      271.43449       34.39171      5.7622896      30.217697
  1423      702.40374      271.49501      34.355969      5.7653597      30.090945
1423.1      702.98015      271.59447      34.399324      5.7684181      30.131339
1423.2      703.55736      271.65938      34.257224      5.7714768      29.798272
1423.3      704.13483      271.60563      34.316049      5.7745259      29.883347
1423.4      704.71206      271.64727      34.148948      5.7775606      29.843654
1423.5      705.29016      271.62915      34.157225      5.7805944      30.115381
1423.6       705.8683      271.60027      34.162399      5.7836152      30.232996
1423.7      706.44703      271.61104      34.145816      5.7866343      29.740018
1423.8      707.02586      271.65298      34.067477      5.7896411      29.793547
1423.9      707.60437      271.61979      33.991443       5.792647      30.156336
  1424      708.18425      271.73015      34.001013      5.7956415       30.37261
1424.1      708.76355      271.73649      33.940838      5.7986312      30.157283
1424.2      709.34403      271.71525      33.962515      5.8016073      29.876696
1424.3      709.92417      271.74512      33.857559      5.8045803      30.138862
1424.4      710.50467      271.75223       33.86065      5.8075456      29.982466
1424.5      711.08544      271.85583       33.85938       5.810503      30.047277
1424.6      711.66722      271.83835      33.734184      5.8134511      30.276523
1424.7      712.24845      271.79723      33.681389      5.8163985      30.358502
1424.8      712.83029      271.88601      33.661411      5.8193312      30.363356
1424.9      713.41217      271.83051      33.579697       5.822257      30.159142
  1425      713.99478      271.90479      33.637263      5.8251812      29.721219
1425.1      714.57739      271.89318      33.534726       5.828098      30.169356
1425.2      715.16027      271.87335      33.475068      5.8310038      30.047094
1425.3      715.74334      272.01315      33.500861      5.8339031      30.057045
1425.4      716.32696       271.8245      33.542521       5.836794      30.067546
1425.5      716.91083      271.96485      33.411372      5.8396819      30.331649
1425.6      717.49497      272.03746       33.42961      5.8425568      30.081203
1425.7      718.07952      271.90342      33.334206      5.8454305      30.342903
1425.8      718.66406      272.08557      33.254481      5.8482941      29.773726
1425.9      719.24894      272.04585      33.275732       5.851152      29.731911
  1426      719.83407      271.95197      33.357631       5.854004      30.072623
1426.1      720.41981      272.06252      33.228722      5.8568444      29.978179
1426.2      721.00595      271.98135       33.25115      5.8596815      30.121859
1426.3      721.59166      272.08969       33.06697        5.86251       30.23457
1426.4      722.17812      272.03338      33.149738      5.8653342      29.789223
1426.5      722.76477      272.17186      33.057387      5.8681509       29.64559
1426.6       723.3519      272.22008      32.917603      5.8709577      30.247581
1426.7      723.93898       272.1635       32.96034      5.8737576      29.575948
1426.8      724.52674      272.18995      32.952498      5.8765498      29.899213
1426.9      725.11439      272.24877      32.925919      5.8793392      30.082059
  1427      725.70243      272.13883      32.899431      5.8821192      30.050224
1427.1      726.29091      272.18638      32.803771       5.884896      30.010745
1427.2      726.87952      272.15057       32.78866      5.8876626      30.046697
1427.3      727.46839      272.27344      32.701888      5.8904235      29.957786
1427.4      728.05739      272.30393      32.708884      5.8931776      29.950267
1427.5      728.64683      272.21014      32.734091      5.8959217       30.07918
1427.6      729.23665      272.31813      32.705381      5.8986607      29.900721
1427.7      729.82649      272.41024      32.592523      5.9013967      30.066014
1427.8      730.41695      272.39394      32.462776      5.9041242      29.620369
1427.9      731.00737      272.37592      32.570186      5.9068434      30.182153
  1428      731.59826      272.32278      32.520011       5.909559       30.01808
1428.1      732.18983      272.35367       32.47717      5.9122647      29.949015
1428.2      732.78077       272.3503      32.389717      5.9149642      29.847677
1428.3      733.37282      272.36369      32.388962      5.9176593      30.318627
1428.4      733.96439       272.4609      32.311948      5.9203431      29.616825
1428.5      734.55659      272.34571      32.380674      5.9230236      30.139295
1428.6      735.14877      272.52546      32.399567       5.925697      29.878479
1428.7      735.74189      272.38063      32.313271      5.9283635       30.17756
1428.8      736.33458      272.53978      32.199805      5.9310262      30.329239
1428.9      736.92834      272.59083      32.150795      5.9336816       29.96053
  1429      737.52139      272.55009      32.139441      5.9363278      30.253747
1429.1       738.1154      272.52428      32.171593      5.9389686      30.077837
1429.2      738.70929      272.51328       32.08684      5.9416011      30.201195
1429.3       739.3033      272.63776      31.969949      5.9442337      30.119764
1429.4      739.89785      272.57343      32.029319      5.9468548      29.947357
1429.5      740.49254      272.58877      31.988484      5.9494683       29.99286
1429.6      741.08773       272.5855      31.965703       5.952076      29.908462
1429.7      741.68315      272.58346      31.831996      5.9546853      29.860226
1429.8      742.27923      272.68578      31.871519      5.9572789      29.884072
1429.9      742.87458      272.67472      31.897862      5.9598653      29.963415
  1430      743.47116      272.69612       31.77459      5.9624512       30.03911
1430.1      744.06727      272.61648      31.703298      5.9650308      29.745266
1430.2      744.66366      272.68668      31.789457      5.9676016      30.312594
1430.3      745.26066       272.7672      31.576447      5.9701647      29.731112
1430.4      745.85821      272.67298       31.59338      5.9727251      29.972394
1430.5      746.45518      272.71347      31.569446      5.9752775      30.011834
1430.6      747.05285      272.74228      31.619622      5.9778253      29.824121
1430.7      747.65096      272.86001      31.630645      5.9803645       29.52031
1430.8       748.2491      272.89109      31.419933      5.9828998      30.001955
1430.9      748.84738      272.91811      31.554641      5.9854278      30.100575
  1431      749.44619      272.82335      31.425536      5.9879452       30.22307
1431.1      750.04506      272.85757       31.40372      5.9904637      29.953281
1431.2      750.64425      272.93322      31.414199       5.992975      29.910963
1431.3      751.24357      272.87138      31.363283      5.9954786      30.014793
1431.4      751.84342      272.81309      31.372022      5.9979741      30.222323
1431.5      752.44273      272.83194      31.307046      6.0004682      29.897484
1431.6      753.04284      272.79438      31.277162      6.0029546      29.964286
1431.7      753.64343      272.94889      31.170597      6.0054305      30.115955
1431.8      754.24421      272.89269      31.175295      6.0079013      30.134339
1431.9      754.84521      273.02739       31.22353      6.0103711        30.0356
  1432      755.44626      272.87163      31.146792      6.0128361      30.112658
1432.1        756.048       272.9998      31.189092      6.0152901      30.013759
1432.2      756.64983      272.95101      31.113217      6.0177371      30.005695
1432.3      757.25157      272.93647      31.049191      6.0201808      30.047459
1432.4      757.85366      273.02784      30.997475      6.0226195      29.948552
1432.5      758.45607      273.06582      31.037989      6.0250499      30.136206
1432.6      759.05873       273.0482      30.925158      6.0274798      30.015059
1432.7      759.66126      273.12062      30.886447      6.0298979      30.096297
1432.8      760.26475      273.16362      30.941089      6.0323121      30.211081
1432.9      760.86807      273.03121      30.931047      6.0347175      29.932306
  1433      761.47117      273.06773      30.742702      6.0371245       30.11614
1433.1      762.07521      273.13497      30.777423      6.0395238      30.090691
1433.2      762.67935      273.15567       30.64179      6.0419137      29.847512
1433.3      763.28367         273.19      30.572273      6.0442954       29.99604
1433.4      763.88816      273.18674      30.706763      6.0466743      29.822203
1433.5      764.49317      273.33921      30.617809      6.0490512       30.25177
1433.6      765.09805      273.16417       30.44556      6.0514191      30.124425
1433.7      765.70355      273.26207      30.482743      6.0537769      29.615608
1433.8      766.30887      273.27874      30.463478      6.0561379      30.014605
1433.9      766.91467       273.1618      30.520437      6.0584893      29.972686
  1434       767.5207       273.2476      30.485019      6.0608381      30.208473
1434.1       768.1267      273.22301      30.433126      6.0631743      29.969067
1434.2      768.73325       273.2725      30.366493      6.0655117       30.16967
1434.3      769.33997      273.33206      30.405861      6.0678376       29.99442
1434.4      769.94659       273.3005      30.444277      6.0701622      29.641761
1434.5      770.55416      273.23085      30.255896      6.0724779         30.034
1434.6      771.16117       273.3449       30.22284      6.0747929      29.592085
1434.7      771.76929      273.41422      30.218231      6.0770982      29.766185
1434.8      772.37692      273.38979      30.182073      6.0793974       29.85191
1434.9      772.98475      273.35337      30.047704      6.0816949      29.989411
  1435      773.59265      273.33538       30.07627      6.0839889      30.218596
1435.1      774.20155      273.45536      30.077791      6.0862664      30.052358
1435.2      774.81008      273.36083      30.111353      6.0885486      30.317292
1435.3       775.4191      273.32692      30.006013      6.0908258       29.75968
1435.4      776.02828      273.44531      29.938497      6.0930936      29.701026
1435.5      776.63788      273.52224      30.055147      6.0953545      29.839966
1435.6      777.24756      273.51278       29.88202      6.0976093      30.248673
1435.7      777.85685        273.477        29.7947      6.0998624       29.78238
1435.8      778.46754      273.56749      29.712903      6.1021094      29.839598
1435.9      779.07768      273.42504      29.814622      6.1043534      30.119508
  1436      779.68857      273.47266      29.829127      6.1065848      30.159791
1436.1      780.29926      273.44562      29.884452      6.1088139       29.78614
1436.2         780.91      273.59776      29.757154      6.1110446       30.12141
1436.3      781.52119      273.48886      29.755244      6.1132602      29.769293
1436.4      782.13305      273.53823      29.701801      6.1154768      30.395733
1436.5      782.74465      273.57141      29.616249      6.1176885      29.778426
1436.6      783.35658      273.55582      29.653023      6.1198914      30.002163
1436.7      783.96813       273.4899      29.476999      6.1220884       30.08681
1436.8      784.58073       273.5343      29.564649      6.1242829      30.241609
1436.9      785.19308       273.5383      29.522921      6.1264723      30.110163
  1437      785.80594      273.63779       29.48835      6.1286547      29.703185
1437.1      786.41898      273.70909      29.438008      6.1308351      30.033711
