4178.5      540.80427      285.27841      49.669171     -3.3008037      30.050715
4178.6       540.4749      285.12152      49.743036     -3.2926613      30.278752
4178.7      540.14618      285.23592       49.77575     -3.2844992      29.650424
4178.8      539.81797      285.00943       49.77524     -3.2763226      29.915685
4178.9      539.49099      284.93184      49.826524     -3.2681331      30.268606
  4179      539.16398      284.81094      49.979873      -3.259926      29.706928
4179.1      538.83862      284.67654       49.96644     -3.2517089       30.12815
4179.2      538.51382       284.5792       50.02962     -3.2434746      30.407776
4179.3       538.1901      284.50962      49.978193     -3.2352272      30.395171
4179.4      537.86698      284.46283      50.096798     -3.2269615      30.104726
4179.5      537.54467      284.38976      50.111046     -3.2186824      30.084413
4179.6      537.22309      284.28282      50.189517     -3.2103842      29.789997
4179.7      536.90269      284.21328      50.227132     -3.2020815      29.944767
4179.8      536.58303      284.13034      50.159587      -3.193753      30.038499
4179.9      536.26368      284.03504      50.294446     -3.1854151      30.224279
  4180      535.94556      283.87894      50.344868     -3.1770581      29.579278
4180.1      535.62841      283.80545      50.329904     -3.1686899      30.024522
4180.2      535.31216      283.75987      50.383639     -3.1603056      30.407033
4180.3      534.99645      283.83866      50.383875     -3.1519102      29.992558
4180.4      534.68098      283.47808      50.544562     -3.1434988      29.908665
4180.5      534.36762      283.42662      50.535311     -3.1350708      29.831207
4180.6      534.05443      283.38864      50.552741     -3.1266245       29.89484
4180.7      533.74239      283.22142      50.676668     -3.1181647      30.003568
4180.8      533.43065      283.10974       50.65786     -3.1096947      29.882391
4180.9      533.12031      283.04097      50.797941     -3.1012091      29.932112
  4181      532.81075      282.89228      50.607218     -3.0927021      30.000673
4181.1      532.50171      282.86287      50.731384     -3.0841851      29.859224
4181.2      532.19356      282.76691      50.997033     -3.0756541      29.981969
4181.3      531.88654      282.67395      50.938577     -3.0671073      29.866069
4181.4       531.5803      282.55612      50.967087     -3.0585416      30.373233
4181.5      531.27535      282.50386      50.989928     -3.0499616       30.03119
4181.6      530.97046      282.29392      51.138461     -3.0413724      30.192634
4181.7        530.667      282.26419      51.187615     -3.0327662      30.073094
4181.8      530.36391      282.15998      51.143459     -3.0241482      30.058865
4181.9      530.06173      282.02939       51.17579     -3.0155084      30.269799
  4182      529.76068      282.01569      51.384337     -3.0068602      30.087948
4182.1      529.46067      281.90258      51.322784     -2.9981926      30.018706
4182.2      529.16073      281.79367      51.353011     -2.9895089      29.753738
4182.3      528.86283      281.73638      51.318515     -2.9808179      30.203021
4182.4      528.56481      281.61917      51.370294     -2.9721069       29.94775
4182.5      528.26802      281.45114      51.424713     -2.9633858      30.090863
4182.6      527.97238      281.35704      51.591618     -2.9546459      30.218434
4182.7       527.6771      281.32083      51.576648     -2.9458858      29.710931
4182.8      527.38304      281.26334      51.597104     -2.9371174      29.881279
4182.9      527.08962       281.0141      51.689714     -2.9283331      30.105957
  4183      526.79754      281.03742      51.726505     -2.9195361      30.235239
4183.1      526.50599      280.89976      51.701223     -2.9107236      29.870688
4183.2      526.21528      280.70413      51.630432     -2.9018928      30.127288
4183.3      525.92555      280.72556      51.860525     -2.8930501       30.10013
4183.4      525.63689      280.56064      51.799491     -2.8841947      29.840287
4183.5      525.34857      280.46809       51.86831     -2.8753202      29.924419
4183.6       525.0616      280.35737       51.94823     -2.8664372      30.287789
4183.7      524.77572      280.35487      51.990724      -2.857537      29.785758
4183.8      524.49005      280.06034      52.039821     -2.8486227      29.965766
4183.9      524.20559      280.07562      52.083643      -2.839692      29.804649
  4184      523.92215      279.86969      52.207463     -2.8307464      29.814585
4184.1      523.63925      279.84751      52.213553     -2.8217874       29.98457
4184.2      523.35751      279.71862      52.201598     -2.8128152      29.914315
4184.3      523.07676      279.67651      52.337243     -2.8038247      30.048665
4184.4      522.79731      279.64743      52.324241     -2.7948222      30.005088
4184.5       522.5181      279.53109      52.285514     -2.7858051      30.074778
4184.6         522.24      279.31037      52.368559     -2.7767727      29.702628
4184.7      521.96283      279.26695      52.537628     -2.7677271      29.664935
4184.8      521.68591       279.1522      52.552333     -2.7586664      30.001343
4184.9      521.41097      278.92092      52.496328     -2.7495879       29.92068
  4185       521.1364      278.88109      52.620057     -2.7405027      30.194015
4185.1      520.86258      278.75547      52.661269     -2.7313979       30.14969
4185.2      520.59027      278.66439      52.628254     -2.7222769      29.942448
4185.3      520.31855      278.56877      52.753757      -2.713143      30.031986
4185.4      520.04746      278.34107      52.691244     -2.7039968      29.829821
4185.5      519.77766      278.21675       52.78038     -2.6948367      30.009613
4185.6      519.50826      278.15777       52.80572     -2.6856632      30.097178
4185.7      519.24012      278.12866      52.849595      -2.676473       29.83603
4185.8      518.97302      277.93855      52.939243     -2.6672694      29.740368
4185.9      518.70687      277.92118      53.050433     -2.6580527      29.450484
  4186      518.44174       277.7285      53.005372     -2.6488167      29.821648
4186.1      518.17736      277.74037       52.96937     -2.6395684      30.017392
4186.2      517.91385      277.58985      53.033503     -2.6303087      29.977516
4186.3      517.65082      277.49915      53.070812     -2.6210363      30.061626
4186.4      517.38921      277.38377      53.227585     -2.6117446      29.681066
4186.5      517.12907       277.1993      53.183165     -2.6024451      30.196344
4186.6      516.86908      277.11963      53.332059     -2.5931267      29.765061
4186.7      516.61004      277.08094      53.219185     -2.5837943       29.79302
4186.8      516.35217      276.86191      53.349475     -2.5744525       30.18628
4186.9      516.09542      276.79305       53.44808     -2.5650937      30.434078
  4187      515.83904      276.77356      53.408712     -2.5557181      29.951636
4187.1      515.58414      276.61088      53.424805     -2.5463298      30.310297
4187.2       515.3298      276.51812       53.57074     -2.5369291       30.09446
4187.3      515.07641      276.35037      53.570185     -2.5275131      30.129995
4187.4      514.82464      276.29994      53.605056     -2.5180846      30.184289
4187.5      514.57274      276.08575      53.647294     -2.5086414      30.207863
4187.6      514.32246      275.90825      53.669982     -2.4991829      30.083476
4187.7      514.07347      275.94385      53.608948     -2.4897131      30.105116
4187.8      513.82499      275.71321      53.778227     -2.4802289      29.803821
4187.9      513.57726      275.65294      53.794199     -2.4707283      29.929555
  4188      513.33066      275.59132      53.967295      -2.461216       30.25317
4188.1       513.0848      275.47858      53.935316     -2.4516879       29.79435
4188.2      512.84015      275.20456      53.989974     -2.4421512      29.771152
4188.3      512.59652       275.2045      53.971316     -2.4325981      29.910929
4188.4        512.354      275.05503      53.916084     -2.4230317      29.654238
4188.5      512.11186      274.92859      53.936099     -2.4134504      30.423011
4188.6      511.87099      274.72616      54.155509     -2.4038546       29.84905
4188.7       511.6313      274.67649      54.211187     -2.3942485      30.054845
4188.8      511.39225      274.58287      54.125789     -2.3846301      29.957699
4188.9      511.15411      274.43095      54.164263     -2.3749936      29.879145
  4189      510.91723      274.31156      54.351139     -2.3653493      30.369719
4189.1      510.68133      274.22869      54.299574     -2.3556852      30.146938
4189.2      510.44614      274.08204      54.263693      -2.346011       29.91464
4189.3      510.21174      273.95925      54.364304     -2.3363231       30.45995
4189.4       509.9791      273.81411      54.309713     -2.3266215       29.73475
4189.5      509.74653      273.68662      54.389538     -2.3169031      29.823584
4189.6      509.51562      273.69902      54.449754     -2.3071739      29.956068
4189.7      509.28542      273.55774      54.593139     -2.2974362       30.35863
4189.8      509.05582      273.18447      54.661105     -2.2876807      29.852287
4189.9      508.82759      273.11431      54.563951     -2.2779132      30.030097
  4190      508.60008      273.13177      54.561484     -2.2681306      30.029333
4190.1      508.37424      272.98023      54.821149     -2.2583371      29.942634
4190.2      508.14854       272.7785      54.771408     -2.2485296      29.928517
4190.3      507.92445      272.67211      54.753138     -2.2387087      30.083479
4190.4      507.70093      272.58418      54.806816     -2.2288788      30.153472
4190.5      507.47868      272.49244      54.912429       -2.21903      30.232371
4190.6      507.25704      272.30519      54.793478      -2.209172      30.013626
4190.7      507.03694      272.16869      54.949764        -2.1993      29.926937
4190.8      506.81746      271.93394      54.983162     -2.1894113      29.972958
4190.9      506.59897      271.90156      54.999267     -2.1795167       30.08008
  4191      506.38134      271.84903      55.000794     -2.1696052      30.118445
4191.1      506.16512      271.72918      55.074391      -2.159682      29.878809
4191.2      505.94963      271.55286      55.073679     -2.1497439      30.208248
4191.3      505.73476      271.41079       55.07968     -2.1397968      30.069057
4191.4      505.52172      271.36955      55.118307      -2.129834       30.13337
4191.5      505.30943      271.27649      55.119803     -2.1198621      30.219323
4191.6      505.09749      271.09117      55.152643     -2.1098714      29.921986
4191.7      504.88727      271.03225      55.255873     -2.0998721      29.969932
4191.8      504.67775      270.72737      55.232976     -2.0898615      29.840438
4191.9      504.46925      270.69735      55.419879     -2.0798382      30.033776
  4192      504.26175      270.48225      55.400595     -2.0697981      30.321467
4192.1      504.05504       270.3583      55.463823     -2.0597497      30.085349
4192.2      503.84976      270.25777      55.554804     -2.0496889       30.13411
4192.3      503.64508      270.15154      55.591721     -2.0396148      29.890747
4192.4      503.44162      269.91539      55.567144     -2.0295323      29.645748
4192.5      503.23922      269.81898      55.629282     -2.0194317      30.154303
4192.6      503.03793      269.80367      55.729127     -2.0093175      29.783658
4192.7      502.83753      269.51213      55.761305     -1.9991963      29.768084
4192.8      502.63831       269.4616      55.699996     -1.9890634      29.882217
4192.9      502.43965      269.17181      55.790821     -1.9789166      29.805235
  4193      502.24232      269.12926      55.735832      -1.968758      30.182083
4193.1      502.04608      269.01614      55.800071     -1.9585877      30.195497
4193.2      501.85084      268.79567      55.856714     -1.9484048       29.98725
4193.3      501.65605      268.76131      55.921535     -1.9382084      29.924187
4193.4      501.46264      268.48096       55.82153     -1.9280027      30.003006
4193.5      501.27069      268.50308      55.922587     -1.9177845      30.243831
4193.6      501.07919      268.44977      55.993379     -1.9075531      30.105069
4193.7      500.88892      268.11155      56.054568     -1.8973112      30.207207
4193.8      500.69984      268.09522      56.065117     -1.8870594      29.992308
4193.9      500.51193      267.97584      56.059671     -1.8767958      30.078955
  4194      500.32442      267.88401      56.142374     -1.8665172      30.059548
4194.1      500.13824      267.70477      56.135459     -1.8562267      29.894758
4194.2      499.95343       267.5861      56.148558     -1.8459296      29.555943
4194.3      499.76893      267.46574      56.234694     -1.8356145      30.185213
4194.4      499.58613      267.30833      56.218485     -1.8252956      30.032612
4194.5      499.40392      267.12511      56.327079     -1.8149602       29.79108
4194.6      499.22337       266.8213      56.374996     -1.8046146      29.826439
4194.7      499.04295      266.78674      56.432978     -1.7942579       30.05196
4194.8      498.86442      266.66974      56.311079     -1.7838912      30.246449
4194.9      498.68638      266.50419      56.474446     -1.7735089      29.844611
  4195      498.50935      266.32012      56.484646     -1.7631236      30.187211
4195.1      498.33371      266.30586      56.525463     -1.7527233      30.231853
4195.2      498.15916      266.01614       56.50226     -1.7423097      30.062399
4195.3      497.98514      265.90881      56.574347     -1.7318884      30.134553
4195.4      497.81273      265.91596      56.625119     -1.7214535      30.108289
4195.5      497.64092      265.58442      56.622495     -1.7110094      29.719226
4195.6      497.47045      265.57256      56.766595     -1.7005506      29.745546
4195.7      497.30116       265.2894      56.839946     -1.6900879      29.824211
4195.8      497.13288      265.20071      56.677817     -1.6796108      30.063707
4195.9      496.96504      265.11485      56.783073     -1.6691238      29.837735
  4196      496.79849      264.96285      56.819857     -1.6586227      30.127766
4196.1      496.63325      264.75193      56.690831     -1.6481156      30.210778
4196.2      496.46894      264.73859      56.882272     -1.6375968       29.60592
4196.3      496.30581      264.52107      56.943125     -1.6270673      30.291277
4196.4       496.1437       264.3173      56.971418     -1.6165251      30.036223
4196.5      495.98254      264.22083       56.93413      -1.605977      30.150091
4196.6      495.82197      264.02098      57.008221     -1.5954179      30.121494
4196.7       495.6632       263.8927      56.935303     -1.5848479      30.141329
4196.8      495.50543      263.70035      57.079276     -1.5742621       29.91059
4196.9      495.34822      263.68479      57.125259     -1.5636724      29.966173
  4197      495.19277       263.4732      57.214559     -1.5530744      30.053501
4197.1       495.0379       263.3459      57.284607     -1.5424611      30.148381
4197.2      494.88435       263.1044       57.24825     -1.5318431      29.483309
4197.3      494.73177      263.08215      57.200248     -1.5212077      29.744124
4197.4      494.57977      262.91504      57.267785     -1.5105673       30.08026
4197.5       494.4295      262.63306      57.322471     -1.4999202      29.875316
4197.6      494.28011      262.55773      57.246482     -1.4892598      30.363984
4197.7      494.13146      262.43244      57.373522     -1.4785873      29.956043
4197.8      493.98411      262.36876      57.408735     -1.4679061      30.067302
4197.9      493.83795      262.08659      57.430527      -1.457214      29.843443
  4198      493.69282      262.00468       57.41426     -1.4465216      30.228862
4198.1       493.5488      261.83246      57.480017     -1.4358117      30.153952
4198.2      493.40583      261.64608         57.487     -1.4250943      30.324777
4198.3      493.26376      261.54328      57.529103     -1.4143672      30.142342
4198.4      493.12271      261.42967      57.495546     -1.4036302      30.274969
4198.5      492.98345      261.16351      57.576152     -1.3928868      30.035069
4198.6      492.84408      260.97095      57.498547     -1.3821332       29.80157
4198.7      492.70616      260.84929      57.515079     -1.3713687      29.989524
4198.8       492.5701      260.74556       57.70702     -1.3605981      30.303211
4198.9      492.43467      260.48845      57.693494     -1.3498177      30.327747
  4199      492.29986      260.40932      57.630655     -1.3390226      30.094898
