  4174      720.88557      260.40479       32.24799     -4.5172099       30.01179
4174.1      720.43415      260.48653       32.31046     -4.5124262      29.869746
4174.2      719.98282       260.4297      32.295742     -4.5076347      30.283896
4174.3      719.53234      260.43316      32.385237     -4.5028352      30.178915
4174.4      719.08224      260.64021       32.37597     -4.4980267      30.214424
4174.5      718.63243      260.67372      32.401172     -4.4932068      29.984398
4174.6      718.18392      260.76439      32.385124     -4.4883809      29.589624
4174.7      717.73523      260.60753      32.513848     -4.4835392      29.968053
4174.8      717.28691      260.87511      32.374677     -4.4786956      29.859655
4174.9      716.83932      260.98092      32.460482     -4.4738417      29.697393
  4175      716.39236       260.9733      32.484245     -4.4689687      30.372951
4175.1      715.94577      260.94329      32.584459     -4.4640965      30.440331
4175.2      715.49944      261.02526      32.640248     -4.4592145      30.085881
4175.3      715.05406      261.07395       32.64712      -4.454322      30.352112
4175.4       714.6083      261.18076      32.552312     -4.4494203      29.824452
4175.5       714.1642      261.16221      32.697969     -4.4445117      30.233798
4175.6      713.71965      261.21312       32.69276     -4.4395922      29.905971
4175.7       713.2759      261.24079       32.75407     -4.4346602      30.136688
4175.8      712.83287      261.29527      32.731042     -4.4297234      30.172077
4175.9      712.39021      261.33415      32.814735     -4.4247766      30.321818
  4176      711.94813      261.29867       32.65418     -4.4198184      29.801205
4176.1      711.50625      261.50552      32.770368     -4.4148512      30.304351
4176.2      711.06492      261.48562      32.792167     -4.4098742      29.441779
4176.3      710.62382      261.48298      32.851984      -4.404897      29.733269
4176.4       710.1837      261.74814      32.950001      -4.399899      29.893371
4176.5      709.74415       261.7136      32.992813     -4.3948932      29.995102
4176.6      709.30485      261.65856      32.997146     -4.3898814      30.115722
4176.7      708.86667      261.84673      33.052717     -4.3848559      29.755056
4176.8      708.42788       261.7851      32.934398      -4.379824      30.222931
4176.9      707.99015      261.84717      32.997451     -4.3747865      30.198921
  4177      707.55312      261.74846      33.112105     -4.3697312      30.195737
4177.1      707.11635      261.92549      33.143523     -4.3646751      30.288383
4177.2         706.68      261.95797       33.09581     -4.3596064      29.922652
4177.3      706.24419      262.08614      33.191991     -4.3545298      29.726083
4177.4       705.8092      262.14027      33.122978     -4.3494396      30.034199
4177.5       705.3745      262.13634      33.174407     -4.3443382      30.066796
4177.6      704.94021      262.22948      33.233615     -4.3392292       30.08678
4177.7      704.50644      262.23486      33.194021     -4.3341162      30.164534
4177.8      704.07388      262.24724      33.287241     -4.3289854      30.007564
4177.9      703.64077      262.33607      33.366879     -4.3238514      30.060928
  4178      703.20843      262.42018      33.418818     -4.3187095      30.376702
4178.1      702.77693      262.49635      33.400502     -4.3135513      29.786864
4178.2      702.34589      262.46364       33.44839     -4.3083869      30.029095
4178.3      701.91532      262.55361      33.351704     -4.3032154      29.690264
4178.4      701.48543      262.68134      33.380494     -4.2980352      30.073808
4178.5       701.0557      262.63666      33.582334     -4.2928368      30.288551
4178.6      700.62667      262.62224      33.541392     -4.2876349      29.851761
4178.7      700.19815      262.73707      33.553863     -4.2824212      30.155453
4178.8      699.77038      262.81871      33.514758     -4.2772041      29.923599
4178.9      699.34272      262.89149      33.646489     -4.2719702      30.126976
  4179      698.91585      262.86423      33.615687     -4.2667262      30.408097
4179.1      698.48957      263.02905      33.699655     -4.2614769      30.132223
4179.2      698.06328      263.11877      33.702293     -4.2562151      30.151461
4179.3      697.63787      263.02508      33.677231      -4.250944       29.71986
4179.4      697.21336      263.10751      33.657492     -4.2456654      29.988216
4179.5       696.7889      263.21793        33.6927     -4.2403729      30.001605
4179.6      696.36553      263.22601      33.772752     -4.2350768       30.32009
4179.7       695.9418      263.30811       33.81944     -4.2297677      29.663156
4179.8      695.51933      263.38128      33.852884     -4.2244433      29.914568
4179.9      695.09729       263.3752      33.864088     -4.2191186      29.700039
  4180      694.67529       263.5381      33.832075     -4.2137794      29.866983
4180.1      694.25398      263.52408      33.955453     -4.2084303      30.020671
4180.2       693.8339       263.4877      34.034706      -4.203073      30.045571
4180.3       693.4137      263.67355      33.937512     -4.1977038      30.163099
4180.4      692.99421      263.65517      34.001192     -4.1923298      30.134091
4180.5      692.57523       263.7413      34.053178     -4.1869424      30.035514
4180.6      692.15718      263.75627      34.100487     -4.1815425      29.859842
4180.7      691.73902      263.91398      34.142516     -4.1761346      29.734556
4180.8      691.32181      263.89949      34.139894     -4.1707182      30.198812
4180.9      690.90515      264.02903      34.216284     -4.1652923      29.904883
  4181      690.48888      263.98431      34.209315     -4.1598566      30.065177
4181.1      690.07307      264.06807      34.290458     -4.1544074         29.859
4181.2      689.65782      264.22512      34.151835     -4.1489514      30.088818
4181.3      689.24327      264.16134      34.226938     -4.1434874      29.939108
4181.4      688.82899      264.22834      34.385492     -4.1380098      30.213893
4181.5      688.41537      264.32682      34.405621     -4.1325227      30.203216
4181.6      688.00212      264.33975      34.369708     -4.1270298      30.093757
4181.7      687.59001       264.4002      34.424685     -4.1215165      30.009839
4181.8      687.17812      264.31651      34.411443     -4.1160015      29.829998
4181.9      686.76671      264.53394      34.426961     -4.1104748       30.06443
  4182      686.35598      264.56215      34.463995     -4.1049438      30.261352
4182.1      685.94577      264.57696      34.517927     -4.0993947      29.888068
4182.2      685.53634      264.70749      34.487104       -4.09384      29.885868
4182.3      685.12731      264.71248      34.687474     -4.0882723      30.238255
4182.4      684.71846      264.76263      34.600853     -4.0826972       30.14772
4182.5      684.31045      264.80762      34.585488     -4.0771104      29.896436
4182.6      683.90313      264.97431      34.628822     -4.0715131      29.918388
4182.7      683.49671        264.947      34.759943     -4.0659098      29.788746
4182.8      683.08978      265.00006       34.70256     -4.0602906       30.26387
4182.9      682.68412      264.97463      34.721807     -4.0546678      30.114661
  4183      682.27891      265.09093      34.781346     -4.0490282      29.998938
4183.1      681.87484      265.19434      34.806793     -4.0433823      29.945111
4183.2      681.47016      265.25091       34.82108      -4.037724      30.262401
4183.3      681.06719      265.26593      34.891792     -4.0320578      29.916728
4183.4      680.66444      265.28758      34.944553     -4.0263839      29.632131
4183.5      680.26152      265.39954      34.951294     -4.0206944      29.802904
4183.6      679.85973      265.42577      34.887186     -4.0149983      30.041202
4183.7      679.45847      265.44178      35.001419     -4.0092883      30.257167
4183.8      679.05793      265.66974      35.027173     -4.0035737      30.229024
4183.9      678.65804      265.65751      35.040326     -3.9978473      30.442281
  4184       678.2585      265.64496      35.038522     -3.9921066      29.857055
4184.1       677.8594      265.80437      34.986121       -3.98636      29.951639
4184.2      677.46114      265.77312      35.015221     -3.9806005      29.912971
4184.3      677.06327      265.95975      35.150542     -3.9748304       29.76035
4184.4      676.66624      265.94999      35.157374     -3.9690529      30.120773
4184.5      676.26951      265.95043      35.174403     -3.9632626      29.976119
4184.6      675.87358      265.97116        35.1268     -3.9574626      29.589858
4184.7      675.47818      266.13075      35.225899     -3.9516567      30.102094
4184.8      675.08332      266.15863      35.171099     -3.9458366      29.825094
4184.9      674.68927      266.30974       35.20156     -3.9400064      29.926968
  4185       674.2952      266.34267      35.265382     -3.9341671      30.084595
4185.1      673.90187      266.27105      35.360505     -3.9283163       30.11542
4185.2      673.50967      266.31148      35.316556      -3.922453      30.166829
4185.3      673.11732      266.51077      35.466319     -3.9165835      30.128477
4185.4      672.72598      266.49816      35.327464     -3.9107018      30.048956
4185.5      672.33525      266.54953      35.495392     -3.9048085      29.890469
4185.6      671.94508      266.66646      35.504112     -3.8989069      30.014947
4185.7      671.55606      266.80247      35.571307     -3.8929991      29.640124
4185.8      671.16635      266.89645      35.568735     -3.8870736      29.997341
4185.9      670.77809      266.88317      35.657271     -3.8811387      29.597276
  4186       670.3902      266.85136      35.547188     -3.8751981      29.966957
4186.1      670.00328      266.85399      35.593113     -3.8692427      29.550679
4186.2      669.61657      267.05702      35.623504     -3.8632807      30.213114
4186.3      669.23057       267.1396      35.795089     -3.8573036      29.980779
4186.4      668.84496      267.17709      35.647344     -3.8513201      29.924822
4186.5      668.46015      267.22195      35.563119     -3.8453202      30.045567
4186.6      668.07581      267.33233      35.768189     -3.8393195      29.911878
4186.7      667.69239      267.29988      35.854868     -3.8333026      30.306996
4186.8      667.30929      267.37782      35.696539     -3.8272757      29.721657
4186.9      666.92681      267.45396      35.812915     -3.8212409      29.741318
  4187      666.54506      267.56699      35.783276     -3.8151924      30.092635
4187.1      666.16412      267.57179      35.914353      -3.809132      30.177735
4187.2      665.78335      267.68637      35.970905     -3.8030656      30.135552
4187.3      665.40336      267.70151      35.871555     -3.7969861      30.397257
4187.4      665.02366      267.72841      35.956027     -3.7908961       30.16094
4187.5      664.64509      267.90029      36.008185     -3.7847966      29.478633
4187.6       664.2671      267.82875      36.054156     -3.7786842      29.947452
4187.7      663.88932      267.85068      36.107396     -3.7725661      30.071091
4187.8      663.51243      268.00136      36.200438     -3.7664345      29.801453
4187.9      663.13593      268.06688      36.044683     -3.7602916       29.69856
  4188      662.76048      268.11042      36.080781     -3.7541381      30.020163
4188.1      662.38494      268.19804      36.125199     -3.7479782      29.684031
4188.2      662.01075      268.21029      36.261256     -3.7418074      29.964233
4188.3        661.637      268.34484      36.229265     -3.7356203      30.307401
4188.4      661.26366      268.37386      36.270613     -3.7294272      29.862421
4188.5      660.89101      268.54035      36.281514     -3.7232211      30.247501
4188.6      660.51909      268.47516      36.321192     -3.7170051      29.965661
4188.7      660.14761        268.508      36.471267     -3.7107802      29.808887
4188.8      659.77672       268.5649      36.343317     -3.7045435      30.207237
4188.9      659.40679      268.72993      36.365344      -3.698298      30.167871
  4189      659.03698      268.72314       36.34222     -3.6920403      29.822137
4189.1      658.66853      268.87166      36.550763     -3.6857721      29.910531
4189.2      658.29979      268.85983      36.531634     -3.6794932      29.874059
4189.3      657.93248      268.93782      36.400723     -3.6732034       30.24396
4189.4      657.56561      269.01176      36.542386     -3.6669047      30.423549
4189.5      657.19885      269.05882      36.607307     -3.6605937      29.606236
4189.6      656.83334      269.21192       36.55888     -3.6542711      29.752558
4189.7      656.46795      269.26185      36.652725     -3.6479382      29.726873
4189.8      656.10405      269.19508      36.734319     -3.6415982      29.902131
4189.9      655.73978      269.32113       36.70937     -3.6352428      29.950804
  4190      655.37642      269.37044      36.806397     -3.6288862      30.066664
4190.1      655.01412      269.59029      36.710206      -3.622508      29.864084
4190.2      654.65206       269.4406      36.835821      -3.616121       30.00504
4190.3       654.2909      269.56611      36.715564     -3.6097296      30.225641
4190.4      653.93022      269.62472      36.767006     -3.6033227      29.726114
4190.5      653.57028      269.73087      36.853279      -3.596903      30.237763
4190.6      653.21064      269.79931       36.83388     -3.5904759      30.094324
4190.7      652.85205      269.87413       36.90632      -3.584037      30.291761
4190.8      652.49406      270.05051      37.016371     -3.5775899      30.030749
4190.9       652.1367      269.99618      37.005024     -3.5711325      30.019304
  4191       651.7797      270.08605      36.952304     -3.5646605      29.875011
4191.1      651.42364      270.09077      36.926422     -3.5581768      29.647178
4191.2      651.06831      270.14893      37.033931     -3.5516857      30.052486
4191.3       650.7131      270.24562      36.988887     -3.5451871      29.696167
4191.4      650.35903      270.35209      37.149809     -3.5386717      29.940978
4191.5      650.00546      270.36023      37.119078     -3.5321517      29.671963
4191.6      649.65259      270.38566      37.052473      -3.525619      30.003968
4191.7      649.30063      270.49601      37.126332     -3.5190723      29.945187
4191.8      648.94903       270.5913      37.172891     -3.5125145      29.903882
4191.9      648.59827      270.69186      37.337828     -3.5059511      29.956625
  4192       648.2478       270.7445       37.21519     -3.4993696      30.194316
4192.1      647.89821      270.90808      37.318439     -3.4927868      29.629836
4192.2      647.54924      270.95349      37.362221     -3.4861879      30.169954
4192.3      647.20106      270.90926      37.350455     -3.4795783      30.221427
4192.4      646.85277      271.03034      37.406188       -3.47296      29.821916
4192.5      646.50595       271.0595      37.414261     -3.4663285      30.083874
4192.6      646.16017      271.14061      37.376895     -3.4596861      29.980502
4192.7      645.81415      271.22061      37.528507     -3.4530367       30.10924
4192.8      645.46937      271.21727      37.478929     -3.4463761      30.229645
4192.9      645.12492      271.36016      37.520435     -3.4396971      29.897933
  4193      644.78147      271.38399      37.508213     -3.4330157      29.583667
4193.1      644.43851       271.4699      37.534092       -3.42632      30.335489
4193.2      644.09595      271.52035      37.697799     -3.4196173      29.792339
4193.3      643.75484      271.60966      37.499313      -3.412898      29.861611
4193.4      643.41364      271.59348      37.654447     -3.4061737      30.198651
4193.5      643.07336      271.70043      37.673993     -3.3994367      30.188941
4193.6      642.73374      271.89326      37.716326     -3.3926869      29.891007
4193.7      642.39461      271.80641      37.769606     -3.3859245      29.829501
4193.8       642.0564      272.04111      37.770384     -3.3791575      30.143899
4193.9      641.71854      272.08268      37.764632     -3.3723743      29.778457
  4194       641.3822      272.15938       37.93677     -3.3655828      29.796367
4194.1      641.04626      272.21686      37.786762     -3.3587813      29.866698
4194.2      640.71015      272.19415      37.879518     -3.3519696      30.170072
4194.3      640.37556      272.28104       37.89084     -3.3451494      29.945769
4194.4      640.04164       272.4084      37.929563     -3.3383114      30.001632
4194.5       639.7076      272.43177      37.944052     -3.3314669      29.897868
4194.6      639.37484      272.56348      38.036299     -3.3246057      29.774717
4194.7      639.04312      272.55367      38.038031      -3.317747      29.885581
4194.8      638.71109      272.68304      38.014433     -3.3108658      30.059143
4194.9      638.38074      272.70082      37.999423     -3.3039777      30.194883
  4195       638.0507      272.68264      38.159716     -3.2970805      30.155833
4195.1      637.72118      272.83804      38.191538     -3.2901688      29.650619
4195.2      637.39262      272.89439       38.13984     -3.2832517      30.100603
4195.3      637.06482      273.00773      38.204297     -3.2763176      29.840186
4195.4      636.73731        273.072      38.250184     -3.2693761      30.296286
4195.5      636.41085      273.15516      38.259034     -3.2624229      29.859705
4195.6       636.0848      273.18685      38.308717     -3.2554637      30.470978
4195.7      635.75966      273.22051      38.191749      -3.248487      29.857333
4195.8       635.4349      273.44094      38.315413     -3.2415005      29.942327
4195.9      635.11115       273.4875      38.369511     -3.2345097      29.923865
  4196      634.78858       273.5563      38.444576     -3.2275002      30.096044
4196.1      634.46598      273.50982      38.374946     -3.2204857      29.911899
4196.2       634.1438      273.71444      38.344148      -3.213455      30.095997
4196.3      633.82295      273.71928      38.444067     -3.2064153      30.218506
4196.4      633.50283      273.87587      38.361468     -3.1993705      29.609946
4196.5      633.18334       273.9615       38.50309     -3.1923064      29.821519
4196.6       632.8646      273.97275      38.590342     -3.1852385      29.779775
4196.7      632.54631      274.00988      38.525861     -3.1781589      29.859163
4196.8      632.22886      274.03071      38.563009     -3.1710635      30.067688
4196.9      631.91228      274.12331      38.600192      -3.163962      30.029558
  4197      631.59593      274.23151      38.643979     -3.1568459      30.131387
4197.1      631.28028      274.34805      38.714367     -3.1497237      30.130725
4197.2      630.96594      274.26728      38.626768     -3.1425892      29.965751
4197.3      630.65227      274.33396      38.749842     -3.1354413      29.906461
4197.4      630.33919      274.56086       38.70234     -3.1282891      30.372659
4197.5      630.02644      274.62189      38.667553     -3.1211184      30.051301
4197.6      629.71479      274.65405       38.77416     -3.1139433       29.83459
4197.7      629.40384      274.76339      38.757198     -3.1067542      29.875412
4197.8      629.09348      274.82319      38.962108     -3.0995521      30.290447
4197.9      628.78356      274.88036       38.84025     -3.0923434      30.156203
  4198       628.4748      274.91443      38.923569      -3.085123        29.8808
4198.1      628.16669       275.0958      38.889835     -3.0778945      30.285902
4198.2      627.85933      275.13498       38.92338     -3.0706503      30.126995
4198.3      627.55246      275.28605      38.971138     -3.0633962      29.752418
4198.4      627.24638       275.2038       38.97912     -3.0561334       30.21994
4198.5      626.94108      275.51937      39.017411     -3.0488609       30.13908
4198.6      626.63664      275.41858       39.02958     -3.0415741      29.615376
4198.7       626.3329      275.52214      39.059675     -3.0342832      29.940798
4198.8      626.03019      275.52908      39.154353     -3.0269753      30.175079
4198.9      625.72776      275.73062      39.145558     -3.0196569      30.135206
  4199      625.42596      275.71503      39.087286     -3.0123317      30.002353
4199.1      625.12523      275.79527      39.199288      -3.004991      30.089412
4199.2      624.82483      275.88528      39.196852     -2.9976452       29.72092
4199.3      624.52565      275.92981      39.257736     -2.9902846      30.373939
4199.4      624.22675      276.06464      39.312859      -2.982916      29.862703
4199.5      623.92882      276.04979      39.241063     -2.9755394      30.078155
4199.6      623.63192      276.16121      39.238903     -2.9681461       29.63876
4199.7      623.33548      276.25396      39.258042      -2.960746      29.870908
4199.8      623.03969      276.31424      39.430907     -2.9533326      30.338154
4199.9      622.74479      276.45259      39.377188     -2.9459083      29.630841
  4200       622.4504      276.50579      39.399014     -2.9384763      30.122163
4200.1      622.15692      276.52765      39.352309      -2.931032      30.180961
4200.2      621.86441      276.56778      39.352429     -2.9235769       29.92659
4200.3      621.57226      276.65208      39.406401      -2.916115      29.991262
4200.4      621.28109       276.9267      39.477628     -2.9086352      29.744882
4200.5      620.99036       276.8893      39.514194     -2.9011549      30.214022
4200.6      620.70089      276.99341      39.420344      -2.893658      29.933421
4200.7      620.41184      276.94833      39.659039     -2.8861495      30.127683
4200.8      620.12345      277.05958      39.572649     -2.8786316        29.7474
4200.9      619.83614      277.24134      39.593676     -2.8711023      30.112112
  4201      619.54931      277.29195      39.655711     -2.8635666      29.854099
4201.1       619.2634      277.34303       39.70339     -2.8560158      29.749419
4201.2      618.97822      277.39866      39.680282      -2.848455      29.978759
4201.3       618.6936      277.57006      39.746789     -2.8408874      29.849141
4201.4      618.40991      277.58446      39.731223     -2.8333055      29.941376
4201.5      618.12692      277.71944      39.702448     -2.8257129      30.170385
4201.6      617.84505      277.81705       39.80894     -2.8181127      29.841369
4201.7      617.56363      277.72815      39.874854     -2.8105009      29.919395
4201.8      617.28268      277.85022      39.917143     -2.8028792       29.91535
4201.9      617.00304      278.06359      39.762526     -2.7952475      29.910749
  4202      616.72404      278.07567      39.940122     -2.7876002       29.57991
4202.1      616.44541      278.20782      39.959894     -2.7799504      29.979887
4202.2      616.16756      278.22155        39.8965     -2.7722829      30.021879
4202.3      615.89084       278.3911      40.001348     -2.7646125      30.106805
4202.4       615.6148      278.36185      40.008655     -2.7569278      29.929164
4202.5      615.33983      278.49162      40.035969       -2.74923      30.008963
4202.6      615.06502      278.44727      39.971626      -2.741524       29.86594
4202.7      614.79127      278.61892      40.024266     -2.7338114      30.196253
4202.8      614.51818      278.82994      40.167692     -2.7260861       30.13814
4202.9      614.24597      278.77444      40.084946     -2.7183519      29.877849
  4203      613.97439      278.83197      40.131939     -2.7106002      30.284708
4203.1      613.70386      278.94191      40.211302     -2.7028437      29.772777
4203.2      613.43372      279.02523      40.202732     -2.6950757      29.983359
4203.3      613.16464      279.11689       40.24614     -2.6872977      30.018811
4203.4      612.89641      279.11556      40.224356     -2.6795119      30.156331
4203.5      612.62901      279.35974      40.238702     -2.6717128      29.922626
4203.6      612.36229      279.43619      40.225544      -2.663905      30.021555
4203.7      612.09631      279.51438      40.293617     -2.6560867      29.896976
4203.8      611.83107      279.47206      40.273059     -2.6482557      30.026929
4203.9      611.56643      279.61519      40.350045     -2.6404161      30.125397
  4204      611.30281      279.73177      40.329927     -2.6325663      29.810918
4204.1      611.03983      279.74307      40.461202     -2.6247094      30.181878
4204.2      610.77777      279.86563      40.301483     -2.6168412      30.197781
4204.3       610.5168      279.92141      40.403211     -2.6089589      30.104176
4204.4      610.25593      279.93948      40.387037     -2.6010734      30.261347
4204.5      609.99662      280.20111      40.440644     -2.5931685      29.794602
4204.6      609.73764      280.16105      40.586063       -2.58526      30.279976
4204.7      609.47904      280.32403      40.525024     -2.5773378       29.60074
4204.8      609.22202      280.26152      40.634158     -2.5694091      29.978803
4204.9      608.96558      280.42662      40.646193     -2.5614686       29.69543
  4205      608.70999      280.51825      40.604823     -2.5535167      30.183393
4205.1      608.45471      280.62788      40.694068     -2.5455557      30.082787
4205.2      608.20095      280.69224      40.578413     -2.5375853      30.173619
4205.3      607.94737      280.82024      40.733498     -2.5296056      30.079618
4205.4      607.69442      280.92123      40.741735     -2.5216178      29.808164
4205.5      607.44309      281.00561       40.68613     -2.5136168      29.782067
4205.6      607.19233       281.0341      40.775297     -2.5056064      29.999523
4205.7      606.94193       281.1179      40.820143     -2.4975822      30.172964
4205.8      606.69264      281.22097      40.879017     -2.4895554      29.946791
4205.9      606.44377      281.34265      40.952899     -2.4815148      29.889207
  4206      606.19623      281.26246      40.901768     -2.4734611      30.043106
4206.1      605.94933      281.44411      40.817858     -2.4654019      30.246769
4206.2      605.70275      281.54016      40.840106     -2.4573339      30.068022
4206.3      605.45793      281.66492      40.845543     -2.4492544      29.946118
4206.4      605.21347      281.80848      41.003103     -2.4411614      30.080031
4206.5      604.96978      281.69778      40.956762     -2.4330657       30.11569
4206.6      604.72675      281.86132      41.011713     -2.4249556        29.9156
4206.7      604.48431      282.06159      40.997978     -2.4168335      30.202741
4206.8      604.24344      282.04581      41.100349     -2.4087083      29.927772
4206.9      604.00263       282.1379      41.032657     -2.4005695      30.032535
  4207      603.76351      282.24982      41.055537      -2.392422      30.423343
4207.1      603.52441      282.27487      41.110676      -2.384259      29.878664
4207.2      603.28643      282.37489      41.176226     -2.3760942      29.923214
4207.3      603.04917      282.54935      41.180396     -2.3679161      30.188102
4207.4      602.81319      282.46969      41.133081     -2.3597292      30.168865
4207.5       602.5773      282.65265      41.273071     -2.3515319      30.219075
4207.6      602.34199      282.69847      41.241724      -2.343326      29.975137
4207.7      602.10855      282.76925      41.290302     -2.3351085      30.192497
4207.8      601.87537      282.85102      41.279588     -2.3268857      29.972128
4207.9      601.64309      282.98796      41.323723     -2.3186528      29.946261
  4208      601.41169       283.1233      41.305403     -2.3104022      30.203191
4208.1      601.18085      283.18511      41.268886     -2.3021483      29.986264
4208.2      600.95116      283.19589      41.412351     -2.2938853      29.524719
4208.3      600.72241      283.40755      41.375607     -2.2856155       30.53044
4208.4      600.49402      283.49543      41.442003     -2.2773311       29.87745
4208.5      600.26678      283.66144      41.483072     -2.2690365      30.039011
4208.6      600.04041      283.60304      41.457615     -2.2607337      30.273803
4208.7      599.81461      283.73239      41.464309     -2.2524288      30.213431
4208.8      599.58979        283.789      41.474829     -2.2441049      29.821073
4208.9      599.36589      283.83235      41.538811     -2.2357754      30.117819
  4209      599.14272      283.95187      41.513328     -2.2274361      29.928433
4209.1      598.92054      284.03714      41.528376     -2.2190902      30.102873
4209.2      598.69891      284.22639        41.5291     -2.2107269      29.774525
4209.3      598.47786      284.25227      41.645371     -2.2023618      29.941942
4209.4      598.25871      284.23843      41.645008     -2.1939862      30.104878
4209.5      598.03974      284.44494      41.598234     -2.1855997        29.9319
4209.6      597.82082      284.57696      41.697837     -2.1772053      30.087782
4209.7      597.60414       284.5396         41.607     -2.1687963      30.159244
4209.8      597.38751      284.63552      41.655273     -2.1603877      29.885046
4209.9      597.17195      284.87908      41.751902     -2.1519607      29.998945
  4210      596.95715      284.89732      41.857182     -2.1435291      30.119657
4210.1      596.74313      285.04728      41.694896      -2.135092      30.205522
4210.2      596.52999       285.1375      41.846259     -2.1266397      30.097718
4210.3      596.31772      285.16763        41.8189      -2.118184      30.178391
4210.4      596.10644      285.31111      41.734592     -2.1097167       29.90672
4210.5      595.89596      285.35256      41.882722     -2.1012366      29.895352
4210.6      595.68592      285.57306      41.976453     -2.0927498      30.175576
4210.7      595.47729      285.46253      41.910167     -2.0842586      29.933641
4210.8      595.26938      285.51826      41.870838     -2.0757557      29.870963
