1464.7      1140.3667      259.12054      33.247807     -1.8288487      30.258993
1464.8      1140.1841      259.06474      33.226909     -1.8247244      29.808047
1464.9      1140.0018      259.12715      33.422358     -1.8205965      30.174215
  1465      1139.8198      259.20162      33.425429      -1.816464      29.702701
1465.1      1139.6383      259.23828      33.392006      -1.812333      29.758207
1465.2      1139.4572      259.29312      33.433903     -1.8082004      29.958793
1465.3      1139.2767      259.32399      33.362839     -1.8040602      30.061831
1465.4      1139.0967      259.39935      33.341123     -1.7999232      30.061482
1465.5      1138.9171      259.37936      33.454032     -1.7957799      29.786579
1465.6      1138.7374      259.46673       33.47656     -1.7916367       30.39448
1465.7      1138.5584      259.46276      33.425848     -1.7874974      30.249357
1465.8        1138.38       259.5833      33.407791     -1.7833467      30.033568
1465.9      1138.2018      259.61145        33.4429     -1.7791999      30.279979
  1466      1138.0242      259.58851      33.523675     -1.7750478      30.365664
1466.1      1137.8471      259.72126      33.483912     -1.7708944      30.054191
1466.2        1137.67       259.5957       33.46508      -1.766741      30.093226
1466.3      1137.4938       259.6539      33.524496      -1.762584       29.83565
1466.4      1137.3175      259.75871      33.386694     -1.7584221      30.106997
1466.5      1137.1417      259.83277      33.466655     -1.7542651      30.208738
1466.6      1136.9668      259.85734      33.532088     -1.7501021      30.283803
1466.7       1136.792      260.06023      33.588383     -1.7459407      29.878046
1466.8      1136.6173      260.00505      33.634325     -1.7417741      30.224352
1466.9      1136.4436      260.11978      33.566178     -1.7376029      29.880074
  1467      1136.2701      260.08992       33.54134     -1.7334339      30.026987
1467.1      1136.0973      259.97517      33.542887     -1.7292598      29.993065
1467.2      1135.9239      260.25966      33.507706     -1.7250907      29.788069
1467.3      1135.7516      260.24687      33.467061     -1.7209153      29.696829
1467.4      1135.5797      260.34284      33.528798      -1.716734      29.960273
1467.5      1135.4084      260.24259      33.624042     -1.7125573      29.747185
1467.6      1135.2372      260.34773      33.519949     -1.7083756      29.778822
1467.7       1135.067      260.29317      33.551751     -1.7041931      29.762622
1467.8      1134.8967      260.47879      33.630353     -1.7000032       30.17591
1467.9      1134.7269      260.41963      33.501021     -1.6958177      29.936179
  1468       1134.557      260.37854      33.665324       -1.69163      30.283456
1468.1      1134.3882      260.52549      33.605231     -1.6874414      29.830055
1468.2      1134.2199       260.4801      33.548313     -1.6832438      30.305696
1468.3      1134.0521      260.63735      33.690063     -1.6790514      30.131532
1468.4      1133.8846      260.67333      33.620696     -1.6748534      30.223146
1468.5      1133.7169      260.62369      33.623634     -1.6706525      30.124413
1468.6      1133.5499       260.7196      33.681147     -1.6664547      29.959933
1468.7      1133.3835       260.8245      33.648113     -1.6622502      29.978605
1468.8      1133.2173      260.86448      33.560764     -1.6580477      30.211956
1468.9      1133.0521      260.83053      33.674415     -1.6538412        30.0877
  1469      1132.8866      260.94494      33.627817      -1.649637        29.7841
1469.1      1132.7221      260.87664      33.568318     -1.6454251      30.047179
1469.2      1132.5576      260.98318      33.670593     -1.6412133      30.196643
1469.3      1132.3938      261.07768      33.725171     -1.6370012      29.984724
1469.4      1132.2304      261.10218      33.682725     -1.6327879      29.962531
1469.5      1132.0673      261.03919      33.704899     -1.6285648      29.746689
1469.6      1131.9047      261.14057      33.714003     -1.6243471      30.169598
1469.7      1131.7423      261.11393      33.653056     -1.6201258      29.754876
1469.8      1131.5804      261.29452       33.71644     -1.6159033      29.908922
1469.9       1131.419      261.28223      33.790027     -1.6116779      29.840906
  1470      1131.2583      261.33939      33.727645     -1.6074512      29.819942
1470.1      1131.0974      261.41939      33.724085     -1.6032254      30.110388
1470.2      1130.9373      261.36672      33.826088     -1.5989962      29.939453
1470.3      1130.7777      261.37464      33.750078     -1.5947646      29.866908
1470.4      1130.6185      261.56839      33.760845     -1.5905322      30.107401
1470.5      1130.4597      261.52449      33.737912     -1.5862922      29.694415
1470.6      1130.3013      261.72156      33.756168     -1.5820532      29.957825
1470.7      1130.1434      261.71266       33.74831     -1.5778204      29.977285
1470.8      1129.9859      261.80382        33.7876     -1.5735758       30.19532
1470.9      1129.8285      261.68282      33.724989     -1.5693359      29.809197
  1471      1129.6715      261.83449      33.744298     -1.5650926      30.078071
1471.1       1129.516      261.89229      33.710431     -1.5608441      30.260368
1471.2      1129.3594      261.98234      33.838866     -1.5565973      29.938523
1471.3      1129.2043      261.93778      33.868169     -1.5523451       30.02958
1471.4      1129.0492      261.94515      33.846393     -1.5480919      29.740185
1471.5      1128.8948      262.10264        33.8804     -1.5438414      30.038843
1471.6      1128.7409      262.07548      33.964119     -1.5395891      30.089246
1471.7      1128.5866      262.05693      33.916991     -1.5353321      30.353761
1471.8      1128.4334      262.20302      33.868978     -1.5310745      29.948547
1471.9      1128.2807      262.17085      33.815275     -1.5268103      29.859301
  1472      1128.1281      262.12275      33.945473       -1.52255      29.987192
1472.1       1127.976      262.19542      34.046665     -1.5182852      29.721181
1472.2      1127.8244      262.31505       33.92657     -1.5140182      29.829735
1472.3      1127.6733       262.4819      33.785851     -1.5097532      29.890703
1472.4      1127.5224       262.4436      33.891548     -1.5054834      29.849934
1472.5      1127.3724      262.48757      33.953879     -1.5012098      30.322566
1472.6      1127.2219      262.49447      33.948286     -1.4969388      30.088737
1472.7      1127.0727      262.55884      33.974725     -1.4926655      30.783245
1472.8      1126.9234      262.53236       33.91012     -1.4883904      30.095939
1472.9      1126.7749      262.64599      33.988967     -1.4841117      29.944478
  1473      1126.6269      262.76285      33.958233     -1.4798328      30.228661
1473.1      1126.4792      262.78191      33.962921     -1.4755564      30.274406
1473.2      1126.3321      262.78985      33.906918     -1.4712724      30.261781
1473.3      1126.1847      262.72545      33.952393     -1.4669846       30.15167
1473.4      1126.0382      262.87467      34.106263     -1.4626954      29.808892
1473.5      1125.8924      262.95104      33.953412     -1.4584112      29.754403
1473.6       1125.747        262.955      34.013538     -1.4541209      29.868549
1473.7      1125.6013      263.01334      34.016017     -1.4498318      30.188486
1473.8      1125.4566       263.0533      34.053851       -1.44554      30.146846
1473.9      1125.3126      263.06587      33.944863     -1.4412442      29.883566
  1474      1125.1684      263.13404      34.015516     -1.4369456      30.242172
1474.1       1125.025      263.15326      34.005042     -1.4326522      29.907334
1474.2      1124.8819      263.23227      34.132254     -1.4283506      29.974327
1474.3      1124.7392      263.17849      34.084347     -1.4240482       30.05771
1474.4      1124.5969       263.3504      34.052153     -1.4197482      30.281564
1474.5      1124.4549      263.34292      33.985188     -1.4154465      30.030329
1474.6      1124.3142      263.28178      34.087236     -1.4111384      29.831778
1474.7      1124.1733      263.42185      33.882152     -1.4068276      30.298365
1474.8      1124.0328      263.50441      33.939951      -1.402516      30.048252
1474.9      1123.8926      263.52047      34.151786     -1.3982094      29.634291
  1475      1123.7528      263.65573      34.128475      -1.393894      29.869629
1475.1      1123.6135      263.54237      34.014853     -1.3895824      29.827333
1475.2      1123.4754      263.65962      34.089812     -1.3852663      29.976183
1475.3      1123.3369      263.70207      34.044973     -1.3809482      30.067251
1475.4       1123.199      263.70624      34.168137     -1.3766287       29.80025
1475.5      1123.0615      263.75104      34.099839       -1.37231      29.879107
1475.6      1122.9244      263.80876      34.089051     -1.3679847      29.786235
1475.7       1122.788      263.84567       34.14138     -1.3636619      30.056344
1475.8      1122.6518      263.98269       34.08449     -1.3593385      29.897452
1475.9       1122.516      263.97857      34.146651     -1.3550106      29.583661
  1476      1122.3805      263.94846      34.146962     -1.3506855      30.202047
1476.1      1122.2457      264.00472      34.118153     -1.3463519      30.243515
1476.2      1122.1113      264.06307      34.120644      -1.342019      30.107198
1476.3      1121.9772       264.1343      34.126433     -1.3376871      30.190775
1476.4      1121.8439      264.21539      34.204759     -1.3333503      30.004233
1476.5       1121.711      264.27781      34.155764     -1.3290204      30.017707
1476.6      1121.5781      264.27064      34.146679     -1.3246781      29.978073
1476.7      1121.4459      264.33122      34.174962     -1.3203383       29.61739
1476.8      1121.3141       264.3233       34.20507     -1.3159948      30.438191
1476.9      1121.1827      264.51164      34.199382     -1.3116564      30.162283
  1477      1121.0517      264.47671      34.282496     -1.3073119        29.9244
1477.1      1120.9212      264.52303      34.245355     -1.3029625      29.798594
1477.2      1120.7913      264.47257      34.270108     -1.2986157       30.28625
1477.3      1120.6617      264.51542      34.126153     -1.2942674      29.986318
1477.4      1120.5327      264.62452      34.171462     -1.2899194      30.014746
1477.5      1120.4031      264.60496      34.046249     -1.2855689      29.927154
1477.6      1120.2752       264.6706      34.293172     -1.2812116      30.073581
1477.7      1120.1471      264.76621      34.270334     -1.2768637      29.846084
1477.8      1120.0195      264.80634      34.206655     -1.2725012      29.956004
1477.9      1119.8926      264.81209      34.261887      -1.268142      30.074246
  1478      1119.7659      264.89172      34.178225     -1.2637841      29.736013
1478.1      1119.6397      264.89488      34.290175     -1.2594228      29.765207
1478.2      1119.5141      265.03152      34.257881     -1.2550611      30.148755
1478.3      1119.3891       264.9883      34.267972      -1.250696      30.185805
1478.4      1119.2643      265.05752      34.258316     -1.2463286       29.83626
1478.5      1119.1396      265.13736      34.253753     -1.2419641      30.117014
1478.6      1119.0153       265.1613      34.259968     -1.2375975      29.876535
1478.7      1118.8922      265.22271      34.288917      -1.233229      30.025119
1478.8       1118.769      265.22972      34.240811      -1.228855      30.041139
1478.9      1118.6464      265.34019      34.332515      -1.224482      29.909741
  1479      1118.5242       265.2898       34.26027     -1.2201123      29.900408
1479.1      1118.4024      265.35847      34.263387     -1.2157364      29.505549
1479.2      1118.2808      265.48997      34.379447     -1.2113556      29.844966
1479.3      1118.1599       265.5383      34.304735     -1.2069836      30.309315
1479.4      1118.0397      265.53785      34.356277     -1.2025976      30.003677
1479.5      1117.9193      265.52615      34.400385     -1.1982213      30.068616
1479.6      1117.8002       265.4742      34.390245     -1.1938378      29.973255
1479.7      1117.6808      265.64535      34.384807     -1.1894491      29.823562
1479.8      1117.5623      265.68623      34.422026     -1.1850662      29.834288
1479.9      1117.4438      265.86691      34.341172     -1.1806811      29.680261
  1480      1117.3256      265.67173       34.38947     -1.1762899      29.990634
1480.1      1117.2087       265.9209      34.434436     -1.1719016      29.636706
1480.2      1117.0916      265.93308      34.422778     -1.1675099      30.183952
1480.3      1116.9753      265.97849      34.394211     -1.1631179      29.899481
1480.4       1116.859      265.99558       34.33294      -1.158725      29.706661
1480.5      1116.7435      266.12609      34.467984     -1.1543282      29.948851
1480.6       1116.628      266.11067      34.469757     -1.1499338      30.154134
1480.7      1116.5135      266.19452      34.421522     -1.1455348      30.266357
1480.8      1116.3991      266.16731      34.387181     -1.1411342      30.000587
1480.9      1116.2852      266.14248        34.3943     -1.1367363      30.171064
  1481      1116.1715      266.34929      34.355827     -1.1323313      29.817447
1481.1      1116.0586       266.3132       34.27025     -1.1279278      29.955559
1481.2      1115.9461      266.45007      34.384785     -1.1235232      30.041303
1481.3      1115.8338      266.40452      34.429678     -1.1191229      29.749064
1481.4      1115.7223      266.41818      34.539216     -1.1147113      30.071934
1481.5      1115.6109      266.58092      34.526447     -1.1103029      29.636079
1481.6      1115.5001      266.47032      34.505635     -1.1058951      30.036166
1481.7      1115.3896      266.56594      34.463047     -1.1014814      29.608135
1481.8      1115.2797      266.66416      34.396702     -1.0970712       29.79642
1481.9      1115.1703       266.7458       34.41411     -1.0926517      30.240095
  1482      1115.0613      266.71785      34.500758     -1.0882401      30.254769
1482.1       1114.953      266.78901       34.45555     -1.0838233      29.768664
1482.2      1114.8445      266.72364      34.515857     -1.0794061      30.000933
1482.3      1114.7369      266.89885      34.551302     -1.0749856      30.005838
1482.4      1114.6295      266.82381      34.439628     -1.0705615       30.18134
1482.5      1114.5225      267.02688      34.483538     -1.0661434      30.215394
1482.6      1114.4161      267.01994      34.540933     -1.0617186      29.715084
1482.7      1114.3099      267.12473      34.599408     -1.0572973      30.034764
1482.8      1114.2049      267.10638       34.58862     -1.0528689      29.966579
1482.9      1114.0999      267.13137      34.403511     -1.0484442       30.19347
  1483      1113.9951      267.28494      34.643604      -1.044012      30.101234
1483.1      1113.8909       267.3072       34.51311     -1.0395889      29.579113
1483.2      1113.7874      267.33546      34.466857     -1.0351511      29.894663
1483.3       1113.684      267.35139      34.468025     -1.0307216       29.89359
1483.4      1113.5814      267.43734      34.660354     -1.0262873      30.009524
1483.5      1113.4789      267.43153      34.560232     -1.0218552      30.261905
1483.6      1113.3769      267.41135      34.519634     -1.0174169      30.134243
1483.7      1113.2752      267.47667      34.484376     -1.0129756      30.045759
1483.8      1113.1741      267.53748      34.519054     -1.0085418      29.907408
1483.9      1113.0737      267.57557      34.641913     -1.0041028      29.942294
  1484      1112.9735       267.6962      34.470762    -0.99966443      29.774629
1484.1      1112.8735      267.71192      34.773343    -0.99522071      30.162736
1484.2      1112.7742      267.68832      34.552008     -0.9907817      29.948906
1484.3      1112.6754      267.71993      34.652218    -0.98633324      30.145292
1484.4      1112.5768      267.84479      34.521434    -0.98188786      29.818281
1484.5      1112.4791      267.85597      34.646936    -0.97744293      30.229283
1484.6      1112.3817      267.96526      34.663938    -0.97299599      30.088541
1484.7      1112.2844      268.08864      34.591272    -0.96854626      30.169098
1484.8      1112.1878      268.04429      34.566676    -0.96409474       29.85927
1484.9      1112.0916      268.07572      34.696505    -0.95964588       30.06201
  1485      1111.9959      268.08159      34.583242    -0.95519324      30.392151
1485.1      1111.9007      268.07354       34.46739    -0.95074037      29.799838
1485.2      1111.8057      268.21886      34.616521    -0.94628851      29.918947
1485.3      1111.7111      268.21607      34.686018    -0.94183186      29.945771
1485.4      1111.6172      268.31224      34.602768    -0.93737202      30.008667
1485.5       1111.524      268.32086      34.586448    -0.93291342      29.964421
1485.6       1111.431      268.32367      34.552535    -0.92845199      29.695278
1485.7       1111.338      268.57898      34.622849    -0.92399403      30.089157
1485.8       1111.246      268.50066      34.614205    -0.91953732      29.751784
1485.9      1111.1544      268.59703      34.512916    -0.91507291       30.20729
  1486      1111.0629       268.5008      34.632613    -0.91060485      30.007079
1486.1       1110.972      268.54698       34.71791    -0.90614215      29.882402
1486.2       1110.882      268.63595      34.590216    -0.90167376      30.210125
1486.3      1110.7915      268.76796      34.717024     -0.8972062      30.183233
1486.4      1110.7024      268.83254       34.62529    -0.89274082       30.00985
1486.5      1110.6133      268.75121      34.669602    -0.88827272      29.972345
1486.6      1110.5246      268.88548      34.700526    -0.88380189      29.693915
1486.7      1110.4366      268.84109      34.681868     -0.8793269      30.287725
1486.8      1110.3486      268.96298      34.646682    -0.87485528      29.935564
1486.9      1110.2616       269.1043      34.777126    -0.87038312      30.002354
  1487       1110.175      269.06809      34.685024    -0.86590658      29.881144
1487.1      1110.0882      269.14607      34.682453    -0.86143401      30.165026
1487.2      1110.0025      269.12458      34.581062    -0.85695495      29.839542
1487.3      1109.9172      269.24693      34.656868    -0.85247879      29.749916
1487.4      1109.8321      269.20985      34.705587    -0.84799936       30.00161
1487.5      1109.7471      269.33889      34.659561    -0.84351957      30.305331
1487.6       1109.663      269.38267      34.718998    -0.83903607       30.07189
1487.7      1109.5797      269.46038      34.792776    -0.83455348      29.925217
1487.8      1109.4966      269.45111      34.713082    -0.83007432      30.103681
1487.9      1109.4138      269.49686      34.690724    -0.82559101       29.97919
  1488       1109.331      269.49286      34.765221     -0.8211046      29.891422
1488.1      1109.2493      269.59725      34.771039    -0.81661982      29.974058
1488.2      1109.1681      269.57652      34.772383    -0.81213154      30.052594
1488.3      1109.0868      269.60423      34.798165    -0.80764461      30.082817
1488.4      1109.0063       269.7595      34.875554    -0.80315526      29.945957
1488.5       1108.926      269.69304      34.728487    -0.79866473      30.243699
1488.6      1108.8467      269.77915      34.660758    -0.79417474      29.625714
1488.7      1108.7673       269.8793      34.669633     -0.7896833      30.110535
1488.8      1108.6886      269.88643      34.779558    -0.78518659       29.74585
1488.9      1108.6105      269.90682        34.7009    -0.78069895      29.878202
  1489      1108.5327      269.99484      34.806523    -0.77620051      29.934426
1489.1      1108.4549      270.04677      34.747479    -0.77170324      30.180019
1489.2      1108.3785      270.13079      34.780107      -0.767205      29.899675
1489.3      1108.3015      270.11494      34.787049    -0.76270884       30.02712
1489.4      1108.2258      270.13783      34.859218    -0.75821175      29.967717
1489.5      1108.1505      270.22333      34.661621    -0.75371251      29.830339
1489.6       1108.075      270.22916      34.783799    -0.74921012      29.700068
1489.7      1108.0004      270.32283      34.796386    -0.74471006      29.853403
1489.8      1107.9259      270.45304      34.709826    -0.74020889      30.163085
1489.9      1107.8523      270.42092      34.783661     -0.7357055      30.382088
  1490      1107.7786      270.42665      34.896453    -0.73119906      30.115651
1490.1      1107.7058      270.55223      34.809504    -0.72669673      29.874937
1490.2      1107.6339      270.58234      34.885793    -0.72219059        30.1937
1490.3      1107.5613      270.57219      34.793566    -0.71768599       29.89335
1490.4      1107.4899      270.65027      34.870989    -0.71317687      30.157214
1490.5      1107.4189      270.71134       34.88318    -0.70866691      30.042609
1490.6       1107.348      270.80815       34.79236    -0.70415817       29.75959
1490.7       1107.278      270.82616      34.833672    -0.69964886      30.056343
1490.8      1107.2084      270.79887      34.827176    -0.69513963      30.011524
1490.9      1107.1391      270.83781      34.735028    -0.69062547      30.137754
  1491      1107.0705      270.82556      34.829406    -0.68611382      29.909786
1491.1      1107.0015       271.0383      34.870505    -0.68159808      29.900937
1491.2      1106.9338      271.01285      34.797538      -0.677083      30.329334
1491.3      1106.8665      271.12249      34.866716      -0.672568      29.996138
1491.4      1106.7993      271.13109      34.802594    -0.66805262      29.904502
1491.5      1106.7329      271.06193      34.769443    -0.66353514      29.897014
1491.6      1106.6665       271.2025      34.905741    -0.65901687      29.924312
1491.7      1106.6006      271.23496      34.812765    -0.65449796      29.741602
1491.8      1106.5358      271.22964      34.747451    -0.64997929      30.083256
1491.9      1106.4708      271.29395      34.912667    -0.64546277      30.037493
  1492      1106.4066      271.39316      34.868378    -0.64093978      30.275349
1492.1       1106.343      271.47233      34.890017    -0.63641921       29.81696
1492.2      1106.2792      271.47284      34.968416    -0.63189406      30.137212
1492.3      1106.2168      271.48611      34.794021    -0.62736916      29.834984
1492.4       1106.154      271.60675      34.903723    -0.62284401      29.749102
1492.5      1106.0917      271.65866      34.938085    -0.61832309      29.835541
1492.6        1106.03      271.70309      34.959027     -0.6137994      30.252328
1492.7       1105.969      271.67233      34.851561    -0.60926875      30.340407
1492.8      1105.9085      271.74657      34.884685     -0.6047389      30.167213
1492.9      1105.8481      271.84997      34.926764    -0.60021521      29.753094
  1493      1105.7881      271.92166      34.861255    -0.59568619      29.837149
1493.1      1105.7289      271.85838      34.949135    -0.59115522      30.250635
1493.2        1105.67      271.89549      34.886874    -0.58662528      29.833619
1493.3      1105.6118      271.94389       34.90612    -0.58209586      29.963538
1493.4      1105.5537      272.06927      34.967961    -0.57756171      29.586949
1493.5      1105.4962      272.09974        34.8811    -0.57302889      29.864663
1493.6      1105.4393      272.16063      34.843132    -0.56849581      29.766238
1493.7      1105.3827      272.21991      34.916687    -0.56396571      30.001627
1493.8      1105.3263       272.1912       34.99845    -0.55942634      30.188792
1493.9      1105.2709      272.26124      34.924439    -0.55488994      29.884881
  1494      1105.2155      272.37945      34.940415    -0.55035579       30.02397
1494.1      1105.1608      272.39545      34.835112    -0.54581996      30.013635
1494.2      1105.1064      272.40239      35.015559    -0.54128185      30.211369
1494.3      1105.0526      272.44448      34.918199    -0.53674515      29.924727
1494.4       1104.999      272.55394      34.943688    -0.53220557      30.218402
1494.5      1104.9457      272.61029      34.937962    -0.52766727      29.995559
1494.6      1104.8933      272.76976      34.988988    -0.52312776      30.486359
1494.7      1104.8414      272.65332      34.873849    -0.51858448      29.712253
1494.8      1104.7897      272.65395      34.891328    -0.51404595      30.060066
1494.9      1104.7384      272.79527      35.016693    -0.50950443      30.282508
  1495      1104.6876      272.87029       34.96549    -0.50496275      30.047629
1495.1      1104.6371       272.8322      34.870294    -0.50041921      29.956709
1495.2       1104.588      272.85367      34.818612    -0.49587725      29.965405
1495.3      1104.5381      272.96768      34.948907    -0.49133266      30.328218
1495.4      1104.4893      272.97023      35.000047    -0.48678814      30.104814
1495.5      1104.4412      273.09257      34.863919    -0.48223712      29.724595
1495.6       1104.393      273.03051      34.895144     -0.4776931      29.973713
1495.7       1104.345      273.08388      35.077291     -0.4731485      29.992798
1495.8      1104.2987      273.19702      34.985872    -0.46859822      30.117199
1495.9      1104.2517      273.21408      35.078729     -0.4640526      29.991725
  1496      1104.2054      273.35147       34.95941    -0.45950183      29.972478
1496.1      1104.1595       273.2754      34.964099    -0.45495684       30.04618
1496.2      1104.1144      273.38093      34.990347    -0.45040286      29.900821
1496.3      1104.0696       273.4313      35.041262    -0.44585394      30.088334
1496.4       1104.025      273.46114       34.92925    -0.44130246      29.817697
1496.5      1103.9815      273.48534      35.077056    -0.43675367      30.195151
1496.6      1103.9381      273.54854      35.055186    -0.43219912       29.75544
1496.7      1103.8948      273.60332      35.045331    -0.42764621      29.794258
1496.8      1103.8522      273.65558      35.009075    -0.42309506       29.94142
1496.9      1103.8104      273.67612      35.020938    -0.41854501      30.136129
  1497      1103.7689       273.7873      35.016596    -0.41399086       29.86501
1497.1      1103.7274      273.83627      35.012465     -0.4094309      30.149304
1497.2      1103.6865      273.79224      34.890107    -0.40487896      29.883434
1497.3      1103.6466        273.835      34.945045    -0.40032307      29.867042
1497.4      1103.6066      273.97937      34.954294    -0.39576749      29.905231
1497.5      1103.5673      274.05671      34.958106    -0.39121228      29.902503
1497.6      1103.5284      273.93558      35.123571    -0.38665386      30.238516
1497.7      1103.4901      274.16839      34.975614    -0.38209643      29.773747
1497.8      1103.4522      274.25148      35.039388    -0.37754082      30.187543
1497.9      1103.4146      274.11355      35.002378    -0.37297965      30.083193
  1498      1103.3775       274.1408      35.025586    -0.36842226      29.632703
1498.1      1103.3412      274.39878       34.96003    -0.36386065      30.002008
1498.2      1103.3047      274.28342      34.935196     -0.3593017      30.378515
1498.3      1103.2688       274.3654      35.047514    -0.35474005      29.957424
1498.4      1103.2335      274.43425      35.124818    -0.35018374      29.976299
1498.5      1103.1991      274.49967      35.047843    -0.34562145      30.002719
1498.6      1103.1647      274.46211      35.030626     -0.3410571      30.006921
1498.7      1103.1307      274.54634      34.984862    -0.33649781      30.435274
1498.8      1103.0973      274.69667      35.050461    -0.33193234      30.172376
1498.9      1103.0644      274.64665      35.066106    -0.32737085      30.037698
  1499      1103.0322       274.7329      35.028314    -0.32280444      30.181227
1499.1           1103      274.70884      35.046473    -0.31824422      29.964075
1499.2      1102.9683      274.75903      34.975004    -0.31368513      29.892506
1499.3      1102.9368      274.79648      34.986672    -0.30911488      30.128436
1499.4      1102.9062      274.93962      35.021912    -0.30455064      30.182227
1499.5      1102.8759      274.96545      35.102092    -0.29998857      29.925298
1499.6      1102.8464      275.01101      34.942485    -0.29541942      29.730531
1499.7      1102.8169      275.07146      35.156955    -0.29085491      29.802002
1499.8      1102.7883      275.02923      35.006443    -0.28628606      30.080694
1499.9      1102.7599      275.10024       35.03255    -0.28172187      30.121807
  1500      1102.7322      275.19809      35.161384    -0.27715299      30.294496
1500.1      1102.7045      275.23716       35.02979    -0.27258331      29.859368
1500.2      1102.6775      275.33047      35.061372    -0.26801969      29.879373
1500.3      1102.6507      275.32836      35.086848    -0.26344868       29.96632
1500.4      1102.6248      275.24185      34.956792    -0.25888205      29.896582
1500.5       1102.599      275.41371      35.035345    -0.25431189      29.739179
1500.6      1102.5732      275.54719      35.040522    -0.24974216      29.841473
1500.7      1102.5492      275.57654      34.976426    -0.24517562      30.144954
1500.8      1102.5247      275.61381      34.982312    -0.24060621      30.020521
1500.9      1102.5012      275.52684      35.018455    -0.23603488      30.340717
  1501      1102.4776      275.59115      35.036194    -0.23146805      30.210087
1501.1      1102.4547      275.80714      35.142705    -0.22689445      29.894653
1501.2      1102.4321      275.82446      35.129941    -0.22232171      30.153128
1501.3      1102.4099      275.77821       35.24373     -0.2177537      29.831095
1501.4      1102.3888      275.76534      35.014383    -0.21317987      29.896597
1501.5      1102.3674      275.96614      35.092801     -0.2086086      30.028166
1501.6       1102.347      275.91272      35.074933    -0.20403949      30.131312
1501.7      1102.3265      275.89521      35.104106     -0.1994644      29.869342
1501.8      1102.3067      276.01513      35.005278    -0.19489298      30.002656
1501.9      1102.2881      276.04868      35.084115    -0.19032041      29.775219
  1502      1102.2692      276.10604      35.098081    -0.18574649      30.155678
1502.1      1102.2508      276.09969      35.028515    -0.18117414      29.813985
1502.2      1102.2326      276.28888       35.14609    -0.17660028      30.104498
1502.3      1102.2152       276.3304      34.979821    -0.17202444      29.783003
1502.4      1102.1984      276.42161       35.00886    -0.16745318       30.12557
1502.5      1102.1819      276.45798      35.031588    -0.16288077      29.760214
1502.6      1102.1658      276.36805      35.133596    -0.15830495      29.916251
1502.7        1102.15      276.45773       35.08959    -0.15373289      29.807118
1502.8       1102.135      276.45803      35.140393    -0.14915677      30.030456
1502.9      1102.1202      276.55102      35.175509    -0.14458264      30.029571
  1503      1102.1061      276.64735      35.116256    -0.14000461      29.972751
1503.1      1102.0922      276.74928      35.165958    -0.13543258       30.07884
1503.2      1102.0788      276.68806      35.015318     -0.1308556      30.249886
1503.3      1102.0659      276.73092      35.196008    -0.12627741      29.993451
1503.4      1102.0534      276.72687      35.135349     -0.1217056      30.016337
1503.5      1102.0417      276.78839      35.066199    -0.11713112      30.052532
1503.6      1102.0299       276.8317        35.0985    -0.11255325      30.005707
1503.7      1102.0191      276.94344      34.971367    -0.10797562      30.233249
1503.8      1102.0086      276.97972      35.171778    -0.10340308      30.021243
1503.9      1101.9985       277.0584      35.012705   -0.098825945      29.788076
  1504      1101.9887      277.14362      35.016275   -0.094247176      30.054595
1504.1      1101.9797      277.05182      35.136722   -0.089671848      29.983372
1504.2       1101.971      277.18519      35.037149   -0.085095596      30.218572
1504.3      1101.9627      277.31979      35.015438    -0.08051583      29.934899
1504.4      1101.9548      277.28005      35.000959   -0.075943045      30.354164
1504.5      1101.9474       277.2683       35.09927   -0.071361861      30.278757
1504.6      1101.9406      277.38403      35.041617   -0.066788809      30.054099
1504.7      1101.9345      277.42577      35.010662   -0.062207438      29.941193
1504.8      1101.9281      277.48143      35.079961   -0.057630568      29.661014
1504.9      1101.9227      277.54776      35.064845   -0.053056551      29.916648
  1505      1101.9176      277.54405      35.089144   -0.048477438      29.854192
1505.1      1101.9128      277.63959      35.025294   -0.043900556       30.02052
1505.2      1101.9086       277.5987       35.00254    -0.03932262       30.08504
1505.3      1101.9052      277.58826      35.058144   -0.034743447      29.937974
1505.4      1101.9019      277.82342      35.016661   -0.030164499      30.209094
1505.5      1101.8991      277.87308      35.023932   -0.025591554      29.776617
1505.6      1101.8971      277.82923      35.032181   -0.021013467      30.264069
1505.7      1101.8945      277.82666      35.105561   -0.016433816      29.899924
1505.8      1101.8935      277.89177      35.054771   -0.011854834      30.086723
1505.9      1101.8928      277.97521      35.046216  -0.0072800354      29.704603
  1506      1101.8919       278.0078      35.123282  -0.0027023109      29.890059
1506.1      1101.8923       278.1054        35.1197   0.0018766066      30.171633
1506.2      1101.8925      278.07806      35.107536   0.0064574631      30.023365
1506.3      1101.8933      278.28196      35.148348    0.011032455      29.906494
1506.4      1101.8946      278.33125      35.099793     0.01560841      29.954173
1506.5      1101.8965      278.30297       35.05068    0.020188424      29.998773
1506.6      1101.8986      278.27463       35.12666    0.024766162      30.231774
1506.7      1101.9012      278.47443      35.079789     0.02934561       30.32492
1506.8      1101.9044      278.38199      35.113266    0.033920934      29.755214
1506.9      1101.9082      278.62233      35.115787    0.038497677      29.677205
  1507       1101.912      278.62594      35.058899    0.043074281      30.095013
1507.1      1101.9168       278.5862      35.089479    0.047653721      30.037323
1507.2      1101.9213      278.51261      35.032165    0.052234764      29.962412
1507.3      1101.9272      278.65657      35.100964    0.056809599      30.021469
1507.4      1101.9336      278.65007      35.013778    0.061385935       30.24566
1507.5      1101.9396      278.76196      35.064228    0.065961211      30.052271
1507.6      1101.9462      278.79525      35.142956    0.070540437      29.750604
1507.7      1101.9537      278.81541      35.135952    0.075116513      29.769328
1507.8      1101.9614       278.8598      35.075299    0.079695643      30.043353
1507.9      1101.9695      279.00226      35.074612    0.084272241      29.932927
  1508      1101.9781      278.98622      35.012072    0.088850492       29.78745
1508.1      1101.9874      279.02952      35.005251     0.09342327      30.055601
1508.2      1101.9966      279.01045      35.070208     0.09799997      29.980294
1508.3      1102.0069      279.11717      35.109011      0.1025788      30.056699
1508.4      1102.0172      279.16926      35.076892     0.10715516      30.292928
1508.5      1102.0281      279.17039      35.116488     0.11173056       29.94956
1508.6      1102.0397      279.22408       35.04128     0.11630701      29.853075
1508.7      1102.0518      279.32715      35.132144     0.12088112      30.266445
1508.8      1102.0637      279.36113      35.260049     0.12545939      29.747927
1508.9      1102.0765      279.36927      35.178452     0.13003205      29.921995
  1509      1102.0897      279.42077      35.126075     0.13460745      30.126677
1509.1      1102.1038      279.45731      35.131501     0.13918499      30.341875
1509.2      1102.1175      279.47975      35.100116     0.14376041      29.965769
1509.3      1102.1328      279.67158      35.055004     0.14833353      30.057122
1509.4      1102.1475      279.67839      35.112515     0.15290572      29.792654
1509.5      1102.1624      279.75365      35.248616     0.15748317      29.943458
1509.6       1102.179      279.75102      35.024548     0.16205461      30.185326
1509.7      1102.1954      279.77681      35.071812     0.16663081      30.127552
1509.8      1102.2122      279.84121      35.073654     0.17120122      29.802473
1509.9      1102.2295      279.98569      35.134561     0.17577929      30.185676
  1510      1102.2474      279.85709       34.93595     0.18035106      29.805237
1510.1      1102.2657      280.04779      35.076759     0.18492526      30.050384
1510.2      1102.2841      280.10977      35.122589     0.18949862      29.811373
1510.3      1102.3038      280.02544      35.026715     0.19407069      30.072482
1510.4      1102.3231      280.13771       35.10191     0.19864308      29.967466
1510.5      1102.3431      280.13036      35.030887       0.203214       29.76536
1510.6      1102.3636      280.19951      34.929987     0.20778535      30.221187
1510.7       1102.385      280.18254      35.038631      0.2123588      29.825841
1510.8      1102.4059       280.2039      35.076764      0.2169292        29.6875
1510.9      1102.4283      280.31418      35.082032      0.2214994      30.204068
  1511      1102.4505      280.44791      35.072848     0.22607188      30.069628
1511.1      1102.4735      280.56173       35.11993     0.23064316      30.201034
1511.2      1102.4967      280.52653      35.053769     0.23520809       29.99548
1511.3      1102.5204      280.50735      35.083972     0.23978198      30.233884
1511.4      1102.5448      280.62858      35.112435     0.24435185       29.67937
1511.5      1102.5693      280.68692      35.024873     0.24892066      30.210554
1511.6      1102.5944      280.77917      35.031233      0.2534895      29.977193
1511.7      1102.6199      280.72544      35.055606     0.25805811      29.841083
1511.8      1102.6459      280.82282      35.072549     0.26262715      29.901745
1511.9      1102.6729      280.77121      34.981867      0.2671966      29.570618
  1512      1102.6992      280.98923      34.953289     0.27176636      29.799949
1512.1      1102.7267      281.01134       35.05628     0.27633405      29.713042
1512.2      1102.7548      281.01139      35.125219     0.28089521      30.046196
1512.3      1102.7834      280.99573       35.06468     0.28546368      29.983522
1512.4      1102.8116      281.03798      35.019918     0.29003145      30.049919
1512.5      1102.8412      281.12934      35.095478     0.29460151      29.811098
1512.6      1102.8708      281.15551      35.130862     0.29916588      29.777619
1512.7      1102.9011      281.29045      35.063241     0.30373029      30.179586
1512.8      1102.9316      281.17997      34.963532     0.30828997      30.096445
1512.9      1102.9624      281.27882      35.056927     0.31285672      30.127806
  1513      1102.9943      281.34028      35.047772     0.31742345      30.022795
1513.1       1103.026      281.40204      35.000868     0.32198369       30.25929
1513.2      1103.0587      281.32516      35.046041     0.32654722      30.288448
1513.3      1103.0915      281.45317      34.919293     0.33111197      30.061732
1513.4      1103.1245      281.49236      34.980549     0.33567128      29.711246
1513.5      1103.1586      281.64384      34.993376     0.34023695      30.200156
1513.6      1103.1927      281.65742      34.952635     0.34479602       30.13478
1513.7      1103.2273      281.65795      35.016631     0.34936061      29.689221
1513.8      1103.2627      281.82168      35.062291     0.35391792      29.838268
1513.9      1103.2981      281.82301      34.955667     0.35848157       30.34658
  1514      1103.3346      281.87041      35.147964     0.36304352      30.112862
1514.1      1103.3708      281.87255      34.990379     0.36760246      29.996185
1514.2      1103.4078      281.91548      35.041602     0.37215835       30.13081
1514.3      1103.4452      282.03454      35.133319     0.37671606      30.135792
1514.4      1103.4831      282.00847      34.874078     0.38127441      29.958234
1514.5      1103.5213       282.0612      34.971064     0.38583518      29.763387
1514.6      1103.5603      282.05171      35.018871     0.39038902      29.944136
1514.7      1103.5995      282.20686      34.910487     0.39494293      30.387545
1514.8      1103.6395      282.36952      35.000871     0.39950108       29.75462
1514.9      1103.6793      282.35281      34.978827     0.40405598      30.153126
  1515      1103.7201       282.3977      34.902337     0.40861333      29.980407
1515.1      1103.7613      282.42821      34.963029     0.41317047      30.331851
1515.2      1103.8025      282.29468      34.940967     0.41772068      29.808301
1515.3      1103.8445      282.51361      35.023783     0.42227434      29.618382
